691 690
1 0.00000000000000e+00 0.00000000000000e+00 0.00000000000000e+00
2 1.50000000000000e+00 0.00000000000000e+00 0.00000000000000e+00
3 1.50000000000000e+00 2.00000000000000e-01 0.00000000000000e+00
4 1.60000000000000e+00 2.00000000000000e-01 0.00000000000000e+00
5 1.60000000000000e+00 0.00000000000000e+00 0.00000000000000e+00
6 2.50000000000000e+00 0.00000000000000e+00 0.00000000000000e+00
7 2.50000000000000e+00 2.00000000000000e+00 0.00000000000000e+00
8 0.00000000000000e+00 2.00000000000000e+00 0.00000000000000e+00
9 1.00000000000000e-02 0.00000000000000e+00 0.00000000000000e+00
10 2.00000000000000e-02 0.00000000000000e+00 0.00000000000000e+00
11 3.00000000000000e-02 0.00000000000000e+00 0.00000000000000e+00
12 4.00000000000000e-02 0.00000000000000e+00 0.00000000000000e+00
13 5.00000000000000e-02 0.00000000000000e+00 0.00000000000000e+00
14 6.00000000000000e-02 0.00000000000000e+00 0.00000000000000e+00
15 7.00000000000000e-02 0.00000000000000e+00 0.00000000000000e+00
16 8.00000000000000e-02 0.00000000000000e+00 0.00000000000000e+00
17 9.00000000000000e-02 0.00000000000000e+00 0.00000000000000e+00
18 1.00000000000000e-01 0.00000000000000e+00 0.00000000000000e+00
19 1.10000000000000e-01 0.00000000000000e+00 0.00000000000000e+00
20 1.20000000000000e-01 0.00000000000000e+00 0.00000000000000e+00
21 1.30000000000000e-01 0.00000000000000e+00 0.00000000000000e+00
22 1.40000000000000e-01 0.00000000000000e+00 0.00000000000000e+00
23 1.50000000000000e-01 0.00000000000000e+00 0.00000000000000e+00
24 1.60000000000000e-01 0.00000000000000e+00 0.00000000000000e+00
25 1.70000000000000e-01 0.00000000000000e+00 0.00000000000000e+00
26 1.80000000000000e-01 0.00000000000000e+00 0.00000000000000e+00
27 1.90000000000000e-01 0.00000000000000e+00 0.00000000000000e+00
28 2.00000000000000e-01 0.00000000000000e+00 0.00000000000000e+00
29 2.10000000000000e-01 0.00000000000000e+00 0.00000000000000e+00
30 2.20000000000000e-01 0.00000000000000e+00 0.00000000000000e+00
31 2.30000000000000e-01 0.00000000000000e+00 0.00000000000000e+00
32 2.40000000000000e-01 0.00000000000000e+00 0.00000000000000e+00
33 2.50000000000000e-01 0.00000000000000e+00 0.00000000000000e+00
34 2.60000000000000e-01 0.00000000000000e+00 0.00000000000000e+00
35 2.70000000000000e-01 0.00000000000000e+00 0.00000000000000e+00
36 2.80000000000000e-01 0.00000000000000e+00 0.00000000000000e+00
37 2.90000000000000e-01 0.00000000000000e+00 0.00000000000000e+00
38 3.00000000000000e-01 0.00000000000000e+00 0.00000000000000e+00
39 3.10000000000000e-01 0.00000000000000e+00 0.00000000000000e+00
40 3.20000000000000e-01 0.00000000000000e+00 0.00000000000000e+00
41 3.30000000000000e-01 0.00000000000000e+00 0.00000000000000e+00
42 3.40000000000000e-01 0.00000000000000e+00 0.00000000000000e+00
43 3.50000000000000e-01 0.00000000000000e+00 0.00000000000000e+00
44 3.60000000000000e-01 0.00000000000000e+00 0.00000000000000e+00
45 3.70000000000000e-01 0.00000000000000e+00 0.00000000000000e+00
46 3.80000000000000e-01 0.00000000000000e+00 0.00000000000000e+00
47 3.90000000000000e-01 0.00000000000000e+00 0.00000000000000e+00
48 4.00000000000000e-01 0.00000000000000e+00 0.00000000000000e+00
49 4.10000000000000e-01 0.00000000000000e+00 0.00000000000000e+00
50 4.20000000000000e-01 0.00000000000000e+00 0.00000000000000e+00
51 4.30000000000000e-01 0.00000000000000e+00 0.00000000000000e+00
52 4.40000000000000e-01 0.00000000000000e+00 0.00000000000000e+00
53 4.50000000000000e-01 0.00000000000000e+00 0.00000000000000e+00
54 4.60000000000000e-01 0.00000000000000e+00 0.00000000000000e+00
55 4.70000000000000e-01 0.00000000000000e+00 0.00000000000000e+00
56 4.80000000000000e-01 0.00000000000000e+00 0.00000000000000e+00
57 4.90000000000000e-01 0.00000000000000e+00 0.00000000000000e+00
58 5.00000000000000e-01 0.00000000000000e+00 0.00000000000000e+00
59 5.10000000000000e-01 0.00000000000000e+00 0.00000000000000e+00
60 5.20000000000000e-01 0.00000000000000e+00 0.00000000000000e+00
61 5.30000000000000e-01 0.00000000000000e+00 0.00000000000000e+00
62 5.40000000000000e-01 0.00000000000000e+00 0.00000000000000e+00
63 5.50000000000000e-01 0.00000000000000e+00 0.00000000000000e+00
64 5.60000000000000e-01 0.00000000000000e+00 0.00000000000000e+00
65 5.70000000000000e-01 0.00000000000000e+00 0.00000000000000e+00
66 5.80000000000000e-01 0.00000000000000e+00 0.00000000000000e+00
67 5.90000000000000e-01 0.00000000000000e+00 0.00000000000000e+00
68 6.00000000000000e-01 0.00000000000000e+00 0.00000000000000e+00
69 6.10000000000000e-01 0.00000000000000e+00 0.00000000000000e+00
70 6.20000000000000e-01 0.00000000000000e+00 0.00000000000000e+00
71 6.30000000000000e-01 0.00000000000000e+00 0.00000000000000e+00
72 6.40000000000000e-01 0.00000000000000e+00 0.00000000000000e+00
73 6.50000000000000e-01 0.00000000000000e+00 0.00000000000000e+00
74 6.60000000000000e-01 0.00000000000000e+00 0.00000000000000e+00
75 6.70000000000000e-01 0.00000000000000e+00 0.00000000000000e+00
76 6.80000000000000e-01 0.00000000000000e+00 0.00000000000000e+00
77 6.90000000000000e-01 0.00000000000000e+00 0.00000000000000e+00
78 7.00000000000000e-01 0.00000000000000e+00 0.00000000000000e+00
79 7.10000000000000e-01 0.00000000000000e+00 0.00000000000000e+00
80 7.20000000000000e-01 0.00000000000000e+00 0.00000000000000e+00
81 7.30000000000000e-01 0.00000000000000e+00 0.00000000000000e+00
82 7.40000000000000e-01 0.00000000000000e+00 0.00000000000000e+00
83 7.50000000000000e-01 0.00000000000000e+00 0.00000000000000e+00
84 7.60000000000000e-01 0.00000000000000e+00 0.00000000000000e+00
85 7.70000000000000e-01 0.00000000000000e+00 0.00000000000000e+00
86 7.80000000000000e-01 0.00000000000000e+00 0.00000000000000e+00
87 7.90000000000000e-01 0.00000000000000e+00 0.00000000000000e+00
88 8.00000000000000e-01 0.00000000000000e+00 0.00000000000000e+00
89 8.10000000000000e-01 0.00000000000000e+00 0.00000000000000e+00
90 8.20000000000001e-01 0.00000000000000e+00 0.00000000000000e+00
91 8.30000000000001e-01 0.00000000000000e+00 0.00000000000000e+00
92 8.40000000000001e-01 0.00000000000000e+00 0.00000000000000e+00
93 8.50000000000001e-01 0.00000000000000e+00 0.00000000000000e+00
94 8.60000000000001e-01 0.00000000000000e+00 0.00000000000000e+00
95 8.70000000000001e-01 0.00000000000000e+00 0.00000000000000e+00
96 8.80000000000001e-01 0.00000000000000e+00 0.00000000000000e+00
97 8.90000000000001e-01 0.00000000000000e+00 0.00000000000000e+00
98 9.00000000000001e-01 0.00000000000000e+00 0.00000000000000e+00
99 9.10000000000001e-01 0.00000000000000e+00 0.00000000000000e+00
100 9.20000000000001e-01 0.00000000000000e+00 0.00000000000000e+00
101 9.30000000000001e-01 0.00000000000000e+00 0.00000000000000e+00
102 9.40000000000001e-01 0.00000000000000e+00 0.00000000000000e+00
103 9.50000000000001e-01 0.00000000000000e+00 0.00000000000000e+00
104 9.60000000000001e-01 0.00000000000000e+00 0.00000000000000e+00
105 9.70000000000001e-01 0.00000000000000e+00 0.00000000000000e+00
106 9.80000000000001e-01 0.00000000000000e+00 0.00000000000000e+00
107 9.90000000000001e-01 0.00000000000000e+00 0.00000000000000e+00
108 1.00000000000000e+00 0.00000000000000e+00 0.00000000000000e+00
109 1.01000000000000e+00 0.00000000000000e+00 0.00000000000000e+00
110 1.02000000000000e+00 0.00000000000000e+00 0.00000000000000e+00
111 1.03000000000000e+00 0.00000000000000e+00 0.00000000000000e+00
112 1.04000000000000e+00 0.00000000000000e+00 0.00000000000000e+00
113 1.05000000000000e+00 0.00000000000000e+00 0.00000000000000e+00
114 1.06000000000000e+00 0.00000000000000e+00 0.00000000000000e+00
115 1.07000000000000e+00 0.00000000000000e+00 0.00000000000000e+00
116 1.08000000000000e+00 0.00000000000000e+00 0.00000000000000e+00
117 1.09000000000000e+00 0.00000000000000e+00 0.00000000000000e+00
118 1.10000000000000e+00 0.00000000000000e+00 0.00000000000000e+00
119 1.11000000000000e+00 0.00000000000000e+00 0.00000000000000e+00
120 1.12000000000000e+00 0.00000000000000e+00 0.00000000000000e+00
121 1.13000000000000e+00 0.00000000000000e+00 0.00000000000000e+00
122 1.14000000000000e+00 0.00000000000000e+00 0.00000000000000e+00
123 1.15000000000000e+00 0.00000000000000e+00 0.00000000000000e+00
124 1.16000000000000e+00 0.00000000000000e+00 0.00000000000000e+00
125 1.17000000000000e+00 0.00000000000000e+00 0.00000000000000e+00
126 1.18000000000000e+00 0.00000000000000e+00 0.00000000000000e+00
127 1.19000000000000e+00 0.00000000000000e+00 0.00000000000000e+00
128 1.20000000000000e+00 0.00000000000000e+00 0.00000000000000e+00
129 1.21000000000000e+00 0.00000000000000e+00 0.00000000000000e+00
130 1.22000000000000e+00 0.00000000000000e+00 0.00000000000000e+00
131 1.23000000000000e+00 0.00000000000000e+00 0.00000000000000e+00
132 1.24000000000000e+00 0.00000000000000e+00 0.00000000000000e+00
133 1.25000000000000e+00 0.00000000000000e+00 0.00000000000000e+00
134 1.26000000000000e+00 0.00000000000000e+00 0.00000000000000e+00
135 1.27000000000000e+00 0.00000000000000e+00 0.00000000000000e+00
136 1.28000000000000e+00 0.00000000000000e+00 0.00000000000000e+00
137 1.29000000000000e+00 0.00000000000000e+00 0.00000000000000e+00
138 1.30000000000000e+00 0.00000000000000e+00 0.00000000000000e+00
139 1.31000000000000e+00 0.00000000000000e+00 0.00000000000000e+00
140 1.32000000000000e+00 0.00000000000000e+00 0.00000000000000e+00
141 1.33000000000000e+00 0.00000000000000e+00 0.00000000000000e+00
142 1.34000000000000e+00 0.00000000000000e+00 0.00000000000000e+00
143 1.35000000000000e+00 0.00000000000000e+00 0.00000000000000e+00
144 1.36000000000000e+00 0.00000000000000e+00 0.00000000000000e+00
145 1.37000000000000e+00 0.00000000000000e+00 0.00000000000000e+00
146 1.38000000000000e+00 0.00000000000000e+00 0.00000000000000e+00
147 1.39000000000000e+00 0.00000000000000e+00 0.00000000000000e+00
148 1.40000000000000e+00 0.00000000000000e+00 0.00000000000000e+00
149 1.41000000000000e+00 0.00000000000000e+00 0.00000000000000e+00
150 1.42000000000000e+00 0.00000000000000e+00 0.00000000000000e+00
151 1.43000000000000e+00 0.00000000000000e+00 0.00000000000000e+00
152 1.44000000000000e+00 0.00000000000000e+00 0.00000000000000e+00
153 1.45000000000000e+00 0.00000000000000e+00 0.00000000000000e+00
154 1.46000000000000e+00 0.00000000000000e+00 0.00000000000000e+00
155 1.47000000000000e+00 0.00000000000000e+00 0.00000000000000e+00
156 1.48000000000000e+00 0.00000000000000e+00 0.00000000000000e+00
157 1.49000000000000e+00 0.00000000000000e+00 0.00000000000000e+00
158 1.50000000000000e+00 1.00000000000000e-02 0.00000000000000e+00
159 1.50000000000000e+00 2.00000000000000e-02 0.00000000000000e+00
160 1.50000000000000e+00 3.00000000000000e-02 0.00000000000000e+00
161 1.50000000000000e+00 4.00000000000000e-02 0.00000000000000e+00
162 1.50000000000000e+00 5.00000000000000e-02 0.00000000000000e+00
163 1.50000000000000e+00 6.00000000000000e-02 0.00000000000000e+00
164 1.50000000000000e+00 7.00000000000000e-02 0.00000000000000e+00
165 1.50000000000000e+00 8.00000000000000e-02 0.00000000000000e+00
166 1.50000000000000e+00 9.00000000000000e-02 0.00000000000000e+00
167 1.50000000000000e+00 1.00000000000000e-01 0.00000000000000e+00
168 1.50000000000000e+00 1.10000000000000e-01 0.00000000000000e+00
169 1.50000000000000e+00 1.20000000000000e-01 0.00000000000000e+00
170 1.50000000000000e+00 1.30000000000000e-01 0.00000000000000e+00
171 1.50000000000000e+00 1.40000000000000e-01 0.00000000000000e+00
172 1.50000000000000e+00 1.50000000000000e-01 0.00000000000000e+00
173 1.50000000000000e+00 1.60000000000000e-01 0.00000000000000e+00
174 1.50000000000000e+00 1.70000000000000e-01 0.00000000000000e+00
175 1.50000000000000e+00 1.80000000000000e-01 0.00000000000000e+00
176 1.50000000000000e+00 1.90000000000000e-01 0.00000000000000e+00
177 1.51000000000000e+00 2.00000000000000e-01 0.00000000000000e+00
178 1.52000000000000e+00 2.00000000000000e-01 0.00000000000000e+00
179 1.53000000000000e+00 2.00000000000000e-01 0.00000000000000e+00
180 1.54000000000000e+00 2.00000000000000e-01 0.00000000000000e+00
181 1.55000000000000e+00 2.00000000000000e-01 0.00000000000000e+00
182 1.56000000000000e+00 2.00000000000000e-01 0.00000000000000e+00
183 1.57000000000000e+00 2.00000000000000e-01 0.00000000000000e+00
184 1.58000000000000e+00 2.00000000000000e-01 0.00000000000000e+00
185 1.59000000000000e+00 2.00000000000000e-01 0.00000000000000e+00
186 1.60000000000000e+00 1.90000000000000e-01 0.00000000000000e+00
187 1.60000000000000e+00 1.80000000000000e-01 0.00000000000000e+00
188 1.60000000000000e+00 1.70000000000000e-01 0.00000000000000e+00
189 1.60000000000000e+00 1.60000000000000e-01 0.00000000000000e+00
190 1.60000000000000e+00 1.50000000000000e-01 0.00000000000000e+00
191 1.60000000000000e+00 1.40000000000000e-01 0.00000000000000e+00
192 1.60000000000000e+00 1.30000000000000e-01 0.00000000000000e+00
193 1.60000000000000e+00 1.20000000000000e-01 0.00000000000000e+00
194 1.60000000000000e+00 1.10000000000000e-01 0.00000000000000e+00
195 1.60000000000000e+00 1.00000000000000e-01 0.00000000000000e+00
196 1.60000000000000e+00 9.00000000000000e-02 0.00000000000000e+00
197 1.60000000000000e+00 8.00000000000000e-02 0.00000000000000e+00
198 1.60000000000000e+00 7.00000000000000e-02 0.00000000000000e+00
199 1.60000000000000e+00 6.00000000000000e-02 0.00000000000000e+00
200 1.60000000000000e+00 5.00000000000000e-02 0.00000000000000e+00
201 1.60000000000000e+00 4.00000000000000e-02 0.00000000000000e+00
202 1.60000000000000e+00 3.00000000000000e-02 0.00000000000000e+00
203 1.60000000000000e+00 2.00000000000000e-02 0.00000000000000e+00
204 1.60000000000000e+00 9.99999999999998e-03 0.00000000000000e+00
205 1.61000000000000e+00 0.00000000000000e+00 0.00000000000000e+00
206 1.62000000000000e+00 0.00000000000000e+00 0.00000000000000e+00
207 1.63000000000000e+00 0.00000000000000e+00 0.00000000000000e+00
208 1.64000000000000e+00 0.00000000000000e+00 0.00000000000000e+00
209 1.65000000000000e+00 0.00000000000000e+00 0.00000000000000e+00
210 1.66000000000000e+00 0.00000000000000e+00 0.00000000000000e+00
211 1.67000000000000e+00 0.00000000000000e+00 0.00000000000000e+00
212 1.68000000000000e+00 0.00000000000000e+00 0.00000000000000e+00
213 1.69000000000000e+00 0.00000000000000e+00 0.00000000000000e+00
214 1.70000000000000e+00 0.00000000000000e+00 0.00000000000000e+00
215 1.71000000000000e+00 0.00000000000000e+00 0.00000000000000e+00
216 1.72000000000000e+00 0.00000000000000e+00 0.00000000000000e+00
217 1.73000000000000e+00 0.00000000000000e+00 0.00000000000000e+00
218 1.74000000000000e+00 0.00000000000000e+00 0.00000000000000e+00
219 1.75000000000000e+00 0.00000000000000e+00 0.00000000000000e+00
220 1.76000000000000e+00 0.00000000000000e+00 0.00000000000000e+00
221 1.77000000000000e+00 0.00000000000000e+00 0.00000000000000e+00
222 1.78000000000000e+00 0.00000000000000e+00 0.00000000000000e+00
223 1.79000000000000e+00 0.00000000000000e+00 0.00000000000000e+00
224 1.80000000000000e+00 0.00000000000000e+00 0.00000000000000e+00
225 1.81000000000000e+00 0.00000000000000e+00 0.00000000000000e+00
226 1.82000000000000e+00 0.00000000000000e+00 0.00000000000000e+00
227 1.83000000000000e+00 0.00000000000000e+00 0.00000000000000e+00
228 1.84000000000000e+00 0.00000000000000e+00 0.00000000000000e+00
229 1.85000000000000e+00 0.00000000000000e+00 0.00000000000000e+00
230 1.86000000000000e+00 0.00000000000000e+00 0.00000000000000e+00
231 1.87000000000000e+00 0.00000000000000e+00 0.00000000000000e+00
232 1.88000000000000e+00 0.00000000000000e+00 0.00000000000000e+00
233 1.89000000000000e+00 0.00000000000000e+00 0.00000000000000e+00
234 1.90000000000000e+00 0.00000000000000e+00 0.00000000000000e+00
235 1.91000000000000e+00 0.00000000000000e+00 0.00000000000000e+00
236 1.92000000000000e+00 0.00000000000000e+00 0.00000000000000e+00
237 1.93000000000000e+00 0.00000000000000e+00 0.00000000000000e+00
238 1.94000000000000e+00 0.00000000000000e+00 0.00000000000000e+00
239 1.95000000000000e+00 0.00000000000000e+00 0.00000000000000e+00
240 1.96000000000000e+00 0.00000000000000e+00 0.00000000000000e+00
241 1.97000000000000e+00 0.00000000000000e+00 0.00000000000000e+00
242 1.98000000000000e+00 0.00000000000000e+00 0.00000000000000e+00
243 1.99000000000000e+00 0.00000000000000e+00 0.00000000000000e+00
244 2.00000000000000e+00 0.00000000000000e+00 0.00000000000000e+00
245 2.01000000000000e+00 0.00000000000000e+00 0.00000000000000e+00
246 2.02000000000000e+00 0.00000000000000e+00 0.00000000000000e+00
247 2.03000000000000e+00 0.00000000000000e+00 0.00000000000000e+00
248 2.04000000000000e+00 0.00000000000000e+00 0.00000000000000e+00
249 2.05000000000000e+00 0.00000000000000e+00 0.00000000000000e+00
250 2.06000000000000e+00 0.00000000000000e+00 0.00000000000000e+00
251 2.07000000000000e+00 0.00000000000000e+00 0.00000000000000e+00
252 2.08000000000000e+00 0.00000000000000e+00 0.00000000000000e+00
253 2.09000000000000e+00 0.00000000000000e+00 0.00000000000000e+00
254 2.10000000000000e+00 0.00000000000000e+00 0.00000000000000e+00
255 2.11000000000000e+00 0.00000000000000e+00 0.00000000000000e+00
256 2.12000000000000e+00 0.00000000000000e+00 0.00000000000000e+00
257 2.13000000000000e+00 0.00000000000000e+00 0.00000000000000e+00
258 2.14000000000000e+00 0.00000000000000e+00 0.00000000000000e+00
259 2.15000000000000e+00 0.00000000000000e+00 0.00000000000000e+00
260 2.16000000000000e+00 0.00000000000000e+00 0.00000000000000e+00
261 2.17000000000000e+00 0.00000000000000e+00 0.00000000000000e+00
262 2.18000000000000e+00 0.00000000000000e+00 0.00000000000000e+00
263 2.19000000000000e+00 0.00000000000000e+00 0.00000000000000e+00
264 2.20000000000000e+00 0.00000000000000e+00 0.00000000000000e+00
265 2.21000000000000e+00 0.00000000000000e+00 0.00000000000000e+00
266 2.22000000000000e+00 0.00000000000000e+00 0.00000000000000e+00
267 2.23000000000000e+00 0.00000000000000e+00 0.00000000000000e+00
268 2.24000000000000e+00 0.00000000000000e+00 0.00000000000000e+00
269 2.25000000000000e+00 0.00000000000000e+00 0.00000000000000e+00
270 2.26000000000000e+00 0.00000000000000e+00 0.00000000000000e+00
271 2.27000000000000e+00 0.00000000000000e+00 0.00000000000000e+00
272 2.28000000000000e+00 0.00000000000000e+00 0.00000000000000e+00
273 2.29000000000000e+00 0.00000000000000e+00 0.00000000000000e+00
274 2.30000000000000e+00 0.00000000000000e+00 0.00000000000000e+00
275 2.31000000000000e+00 0.00000000000000e+00 0.00000000000000e+00
276 2.32000000000000e+00 0.00000000000000e+00 0.00000000000000e+00
277 2.33000000000000e+00 0.00000000000000e+00 0.00000000000000e+00
278 2.34000000000000e+00 0.00000000000000e+00 0.00000000000000e+00
279 2.35000000000000e+00 0.00000000000000e+00 0.00000000000000e+00
280 2.36000000000000e+00 0.00000000000000e+00 0.00000000000000e+00
281 2.37000000000000e+00 0.00000000000000e+00 0.00000000000000e+00
282 2.38000000000000e+00 0.00000000000000e+00 0.00000000000000e+00
283 2.39000000000000e+00 0.00000000000000e+00 0.00000000000000e+00
284 2.40000000000000e+00 0.00000000000000e+00 0.00000000000000e+00
285 2.41000000000000e+00 0.00000000000000e+00 0.00000000000000e+00
286 2.42000000000000e+00 0.00000000000000e+00 0.00000000000000e+00
287 2.43000000000000e+00 0.00000000000000e+00 0.00000000000000e+00
288 2.44000000000000e+00 0.00000000000000e+00 0.00000000000000e+00
289 2.45000000000000e+00 0.00000000000000e+00 0.00000000000000e+00
290 2.46000000000000e+00 0.00000000000000e+00 0.00000000000000e+00
291 2.47000000000000e+00 0.00000000000000e+00 0.00000000000000e+00
292 2.48000000000000e+00 0.00000000000000e+00 0.00000000000000e+00
293 2.49000000000000e+00 0.00000000000000e+00 0.00000000000000e+00
294 2.50000000000000e+00 1.00000000000000e-02 0.00000000000000e+00
295 2.50000000000000e+00 2.00000000000000e-02 0.00000000000000e+00
296 2.50000000000000e+00 3.00000000000000e-02 0.00000000000000e+00
297 2.50000000000000e+00 4.00000000000000e-02 0.00000000000000e+00
298 2.50000000000000e+00 5.00000000000000e-02 0.00000000000000e+00
299 2.50000000000000e+00 6.00000000000000e-02 0.00000000000000e+00
300 2.50000000000000e+00 7.00000000000000e-02 0.00000000000000e+00
301 2.50000000000000e+00 8.00000000000000e-02 0.00000000000000e+00
302 2.50000000000000e+00 9.00000000000000e-02 0.00000000000000e+00
303 2.50000000000000e+00 1.00000000000000e-01 0.00000000000000e+00
304 2.50000000000000e+00 1.10000000000000e-01 0.00000000000000e+00
305 2.50000000000000e+00 1.20000000000000e-01 0.00000000000000e+00
306 2.50000000000000e+00 1.30000000000000e-01 0.00000000000000e+00
307 2.50000000000000e+00 1.40000000000000e-01 0.00000000000000e+00
308 2.50000000000000e+00 1.50000000000000e-01 0.00000000000000e+00
309 2.50000000000000e+00 1.60000000000000e-01 0.00000000000000e+00
310 2.50000000000000e+00 1.70000000000000e-01 0.00000000000000e+00
311 2.50000000000000e+00 1.80000000000000e-01 0.00000000000000e+00
312 2.50000000000000e+00 1.90000000000000e-01 0.00000000000000e+00
313 2.50000000000000e+00 2.00000000000000e-01 0.00000000000000e+00
314 2.50000000000000e+00 2.10000000000000e-01 0.00000000000000e+00
315 2.50000000000000e+00 2.20000000000000e-01 0.00000000000000e+00
316 2.50000000000000e+00 2.30000000000000e-01 0.00000000000000e+00
317 2.50000000000000e+00 2.40000000000000e-01 0.00000000000000e+00
318 2.50000000000000e+00 2.50000000000000e-01 0.00000000000000e+00
319 2.50000000000000e+00 2.60000000000000e-01 0.00000000000000e+00
320 2.50000000000000e+00 2.70000000000000e-01 0.00000000000000e+00
321 2.50000000000000e+00 2.80000000000000e-01 0.00000000000000e+00
322 2.50000000000000e+00 2.90000000000000e-01 0.00000000000000e+00
323 2.50000000000000e+00 3.00000000000000e-01 0.00000000000000e+00
324 2.50000000000000e+00 3.10000000000000e-01 0.00000000000000e+00
325 2.50000000000000e+00 3.20000000000000e-01 0.00000000000000e+00
326 2.50000000000000e+00 3.30000000000000e-01 0.00000000000000e+00
327 2.50000000000000e+00 3.40000000000000e-01 0.00000000000000e+00
328 2.50000000000000e+00 3.50000000000000e-01 0.00000000000000e+00
329 2.50000000000000e+00 3.60000000000000e-01 0.00000000000000e+00
330 2.50000000000000e+00 3.70000000000000e-01 0.00000000000000e+00
331 2.50000000000000e+00 3.80000000000000e-01 0.00000000000000e+00
332 2.50000000000000e+00 3.90000000000000e-01 0.00000000000000e+00
333 2.50000000000000e+00 4.00000000000000e-01 0.00000000000000e+00
334 2.50000000000000e+00 4.10000000000000e-01 0.00000000000000e+00
335 2.50000000000000e+00 4.20000000000000e-01 0.00000000000000e+00
336 2.50000000000000e+00 4.30000000000000e-01 0.00000000000000e+00
337 2.50000000000000e+00 4.40000000000000e-01 0.00000000000000e+00
338 2.50000000000000e+00 4.50000000000000e-01 0.00000000000000e+00
339 2.50000000000000e+00 4.60000000000000e-01 0.00000000000000e+00
340 2.50000000000000e+00 4.70000000000000e-01 0.00000000000000e+00
341 2.50000000000000e+00 4.80000000000000e-01 0.00000000000000e+00
342 2.50000000000000e+00 4.90000000000000e-01 0.00000000000000e+00
343 2.50000000000000e+00 5.00000000000000e-01 0.00000000000000e+00
344 2.50000000000000e+00 5.10000000000000e-01 0.00000000000000e+00
345 2.50000000000000e+00 5.20000000000000e-01 0.00000000000000e+00
346 2.50000000000000e+00 5.30000000000000e-01 0.00000000000000e+00
347 2.50000000000000e+00 5.40000000000000e-01 0.00000000000000e+00
348 2.50000000000000e+00 5.50000000000000e-01 0.00000000000000e+00
349 2.50000000000000e+00 5.60000000000000e-01 0.00000000000000e+00
350 2.50000000000000e+00 5.70000000000000e-01 0.00000000000000e+00
351 2.50000000000000e+00 5.80000000000000e-01 0.00000000000000e+00
352 2.50000000000000e+00 5.90000000000000e-01 0.00000000000000e+00
353 2.50000000000000e+00 6.00000000000000e-01 0.00000000000000e+00
354 2.50000000000000e+00 6.10000000000000e-01 0.00000000000000e+00
355 2.50000000000000e+00 6.20000000000000e-01 0.00000000000000e+00
356 2.50000000000000e+00 6.30000000000000e-01 0.00000000000000e+00
357 2.50000000000000e+00 6.40000000000000e-01 0.00000000000000e+00
358 2.50000000000000e+00 6.50000000000000e-01 0.00000000000000e+00
359 2.50000000000000e+00 6.60000000000000e-01 0.00000000000000e+00
360 2.50000000000000e+00 6.70000000000000e-01 0.00000000000000e+00
361 2.50000000000000e+00 6.80000000000000e-01 0.00000000000000e+00
362 2.50000000000000e+00 6.90000000000000e-01 0.00000000000000e+00
363 2.50000000000000e+00 7.00000000000000e-01 0.00000000000000e+00
364 2.50000000000000e+00 7.10000000000000e-01 0.00000000000000e+00
365 2.50000000000000e+00 7.20000000000000e-01 0.00000000000000e+00
366 2.50000000000000e+00 7.30000000000000e-01 0.00000000000000e+00
367 2.50000000000000e+00 7.40000000000000e-01 0.00000000000000e+00
368 2.50000000000000e+00 7.50000000000000e-01 0.00000000000000e+00
369 2.50000000000000e+00 7.60000000000000e-01 0.00000000000000e+00
370 2.50000000000000e+00 7.70000000000000e-01 0.00000000000000e+00
371 2.50000000000000e+00 7.80000000000000e-01 0.00000000000000e+00
372 2.50000000000000e+00 7.90000000000000e-01 0.00000000000000e+00
373 2.50000000000000e+00 8.00000000000000e-01 0.00000000000000e+00
374 2.50000000000000e+00 8.10000000000000e-01 0.00000000000000e+00
375 2.50000000000000e+00 8.20000000000001e-01 0.00000000000000e+00
376 2.50000000000000e+00 8.30000000000001e-01 0.00000000000000e+00
377 2.50000000000000e+00 8.40000000000001e-01 0.00000000000000e+00
378 2.50000000000000e+00 8.50000000000001e-01 0.00000000000000e+00
379 2.50000000000000e+00 8.60000000000001e-01 0.00000000000000e+00
380 2.50000000000000e+00 8.70000000000001e-01 0.00000000000000e+00
381 2.50000000000000e+00 8.80000000000001e-01 0.00000000000000e+00
382 2.50000000000000e+00 8.90000000000001e-01 0.00000000000000e+00
383 2.50000000000000e+00 9.00000000000001e-01 0.00000000000000e+00
384 2.50000000000000e+00 9.10000000000001e-01 0.00000000000000e+00
385 2.50000000000000e+00 9.20000000000001e-01 0.00000000000000e+00
386 2.50000000000000e+00 9.30000000000001e-01 0.00000000000000e+00
387 2.50000000000000e+00 9.40000000000001e-01 0.00000000000000e+00
388 2.50000000000000e+00 9.50000000000001e-01 0.00000000000000e+00
389 2.50000000000000e+00 9.60000000000001e-01 0.00000000000000e+00
390 2.50000000000000e+00 9.70000000000001e-01 0.00000000000000e+00
391 2.50000000000000e+00 9.80000000000001e-01 0.00000000000000e+00
392 2.50000000000000e+00 9.90000000000001e-01 0.00000000000000e+00
393 2.50000000000000e+00 1.00000000000000e+00 0.00000000000000e+00
394 2.50000000000000e+00 1.01000000000000e+00 0.00000000000000e+00
395 2.50000000000000e+00 1.02000000000000e+00 0.00000000000000e+00
396 2.50000000000000e+00 1.03000000000000e+00 0.00000000000000e+00
397 2.50000000000000e+00 1.04000000000000e+00 0.00000000000000e+00
398 2.50000000000000e+00 1.05000000000000e+00 0.00000000000000e+00
399 2.50000000000000e+00 1.06000000000000e+00 0.00000000000000e+00
400 2.50000000000000e+00 1.07000000000000e+00 0.00000000000000e+00
401 2.50000000000000e+00 1.08000000000000e+00 0.00000000000000e+00
402 2.50000000000000e+00 1.09000000000000e+00 0.00000000000000e+00
403 2.50000000000000e+00 1.10000000000000e+00 0.00000000000000e+00
404 2.50000000000000e+00 1.11000000000000e+00 0.00000000000000e+00
405 2.50000000000000e+00 1.12000000000000e+00 0.00000000000000e+00
406 2.50000000000000e+00 1.13000000000000e+00 0.00000000000000e+00
407 2.50000000000000e+00 1.14000000000000e+00 0.00000000000000e+00
408 2.50000000000000e+00 1.15000000000000e+00 0.00000000000000e+00
409 2.50000000000000e+00 1.16000000000000e+00 0.00000000000000e+00
410 2.50000000000000e+00 1.17000000000000e+00 0.00000000000000e+00
411 2.50000000000000e+00 1.18000000000000e+00 0.00000000000000e+00
412 2.50000000000000e+00 1.19000000000000e+00 0.00000000000000e+00
413 2.50000000000000e+00 1.20000000000000e+00 0.00000000000000e+00
414 2.50000000000000e+00 1.21000000000000e+00 0.00000000000000e+00
415 2.50000000000000e+00 1.22000000000000e+00 0.00000000000000e+00
416 2.50000000000000e+00 1.23000000000000e+00 0.00000000000000e+00
417 2.50000000000000e+00 1.24000000000000e+00 0.00000000000000e+00
418 2.50000000000000e+00 1.25000000000000e+00 0.00000000000000e+00
419 2.50000000000000e+00 1.26000000000000e+00 0.00000000000000e+00
420 2.50000000000000e+00 1.27000000000000e+00 0.00000000000000e+00
421 2.50000000000000e+00 1.28000000000000e+00 0.00000000000000e+00
422 2.50000000000000e+00 1.29000000000000e+00 0.00000000000000e+00
423 2.50000000000000e+00 1.30000000000000e+00 0.00000000000000e+00
424 2.50000000000000e+00 1.31000000000000e+00 0.00000000000000e+00
425 2.50000000000000e+00 1.32000000000000e+00 0.00000000000000e+00
426 2.50000000000000e+00 1.33000000000000e+00 0.00000000000000e+00
427 2.50000000000000e+00 1.34000000000000e+00 0.00000000000000e+00
428 2.50000000000000e+00 1.35000000000000e+00 0.00000000000000e+00
429 2.50000000000000e+00 1.36000000000000e+00 0.00000000000000e+00
430 2.50000000000000e+00 1.37000000000000e+00 0.00000000000000e+00
431 2.50000000000000e+00 1.38000000000000e+00 0.00000000000000e+00
432 2.50000000000000e+00 1.39000000000000e+00 0.00000000000000e+00
433 2.50000000000000e+00 1.40000000000000e+00 0.00000000000000e+00
434 2.50000000000000e+00 1.41000000000000e+00 0.00000000000000e+00
435 2.50000000000000e+00 1.42000000000000e+00 0.00000000000000e+00
436 2.50000000000000e+00 1.43000000000000e+00 0.00000000000000e+00
437 2.50000000000000e+00 1.44000000000000e+00 0.00000000000000e+00
438 2.50000000000000e+00 1.45000000000000e+00 0.00000000000000e+00
439 2.50000000000000e+00 1.46000000000000e+00 0.00000000000000e+00
440 2.50000000000000e+00 1.47000000000000e+00 0.00000000000000e+00
441 2.50000000000000e+00 1.48000000000000e+00 0.00000000000000e+00
442 2.50000000000000e+00 1.49000000000000e+00 0.00000000000000e+00
443 2.50000000000000e+00 1.50000000000000e+00 0.00000000000000e+00
444 2.50000000000000e+00 1.51000000000000e+00 0.00000000000000e+00
445 2.50000000000000e+00 1.52000000000000e+00 0.00000000000000e+00
446 2.50000000000000e+00 1.53000000000000e+00 0.00000000000000e+00
447 2.50000000000000e+00 1.54000000000000e+00 0.00000000000000e+00
448 2.50000000000000e+00 1.55000000000000e+00 0.00000000000000e+00
449 2.50000000000000e+00 1.56000000000000e+00 0.00000000000000e+00
450 2.50000000000000e+00 1.57000000000000e+00 0.00000000000000e+00
451 2.50000000000000e+00 1.58000000000000e+00 0.00000000000000e+00
452 2.50000000000000e+00 1.59000000000000e+00 0.00000000000000e+00
453 2.50000000000000e+00 1.60000000000000e+00 0.00000000000000e+00
454 2.50000000000000e+00 1.61000000000000e+00 0.00000000000000e+00
455 2.50000000000000e+00 1.62000000000000e+00 0.00000000000000e+00
456 2.50000000000000e+00 1.63000000000000e+00 0.00000000000000e+00
457 2.50000000000000e+00 1.64000000000000e+00 0.00000000000000e+00
458 2.50000000000000e+00 1.65000000000000e+00 0.00000000000000e+00
459 2.50000000000000e+00 1.66000000000000e+00 0.00000000000000e+00
460 2.50000000000000e+00 1.67000000000000e+00 0.00000000000000e+00
461 2.50000000000000e+00 1.68000000000000e+00 0.00000000000000e+00
462 2.50000000000000e+00 1.69000000000000e+00 0.00000000000000e+00
463 2.50000000000000e+00 1.70000000000000e+00 0.00000000000000e+00
464 2.50000000000000e+00 1.71000000000000e+00 0.00000000000000e+00
465 2.50000000000000e+00 1.72000000000000e+00 0.00000000000000e+00
466 2.50000000000000e+00 1.73000000000000e+00 0.00000000000000e+00
467 2.50000000000000e+00 1.74000000000000e+00 0.00000000000000e+00
468 2.50000000000000e+00 1.75000000000000e+00 0.00000000000000e+00
469 2.50000000000000e+00 1.76000000000000e+00 0.00000000000000e+00
470 2.50000000000000e+00 1.77000000000000e+00 0.00000000000000e+00
471 2.50000000000000e+00 1.78000000000000e+00 0.00000000000000e+00
472 2.50000000000000e+00 1.79000000000000e+00 0.00000000000000e+00
473 2.50000000000000e+00 1.80000000000000e+00 0.00000000000000e+00
474 2.50000000000000e+00 1.81000000000000e+00 0.00000000000000e+00
475 2.50000000000000e+00 1.82000000000000e+00 0.00000000000000e+00
476 2.50000000000000e+00 1.83000000000000e+00 0.00000000000000e+00
477 2.50000000000000e+00 1.84000000000000e+00 0.00000000000000e+00
478 2.50000000000000e+00 1.85000000000000e+00 0.00000000000000e+00
479 2.50000000000000e+00 1.86000000000000e+00 0.00000000000000e+00
480 2.50000000000000e+00 1.87000000000000e+00 0.00000000000000e+00
481 2.50000000000000e+00 1.88000000000000e+00 0.00000000000000e+00
482 2.50000000000000e+00 1.89000000000000e+00 0.00000000000000e+00
483 2.50000000000000e+00 1.90000000000000e+00 0.00000000000000e+00
484 2.50000000000000e+00 1.91000000000000e+00 0.00000000000000e+00
485 2.50000000000000e+00 1.92000000000000e+00 0.00000000000000e+00
486 2.50000000000000e+00 1.93000000000000e+00 0.00000000000000e+00
487 2.50000000000000e+00 1.94000000000000e+00 0.00000000000000e+00
488 2.50000000000000e+00 1.95000000000000e+00 0.00000000000000e+00
489 2.50000000000000e+00 1.96000000000000e+00 0.00000000000000e+00
490 2.50000000000000e+00 1.97000000000000e+00 0.00000000000000e+00
491 2.50000000000000e+00 1.98000000000000e+00 0.00000000000000e+00
492 2.50000000000000e+00 1.99000000000000e+00 0.00000000000000e+00
493 0.00000000000000e+00 1.99000000000000e+00 0.00000000000000e+00
494 0.00000000000000e+00 1.98000000000000e+00 0.00000000000000e+00
495 0.00000000000000e+00 1.97000000000000e+00 0.00000000000000e+00
496 0.00000000000000e+00 1.96000000000000e+00 0.00000000000000e+00
497 0.00000000000000e+00 1.95000000000000e+00 0.00000000000000e+00
498 0.00000000000000e+00 1.94000000000000e+00 0.00000000000000e+00
499 0.00000000000000e+00 1.93000000000000e+00 0.00000000000000e+00
500 0.00000000000000e+00 1.92000000000000e+00 0.00000000000000e+00
501 0.00000000000000e+00 1.91000000000000e+00 0.00000000000000e+00
502 0.00000000000000e+00 1.90000000000000e+00 0.00000000000000e+00
503 0.00000000000000e+00 1.89000000000000e+00 0.00000000000000e+00
504 0.00000000000000e+00 1.88000000000000e+00 0.00000000000000e+00
505 0.00000000000000e+00 1.87000000000000e+00 0.00000000000000e+00
506 0.00000000000000e+00 1.86000000000000e+00 0.00000000000000e+00
507 0.00000000000000e+00 1.85000000000000e+00 0.00000000000000e+00
508 0.00000000000000e+00 1.84000000000000e+00 0.00000000000000e+00
509 0.00000000000000e+00 1.83000000000000e+00 0.00000000000000e+00
510 0.00000000000000e+00 1.82000000000000e+00 0.00000000000000e+00
511 0.00000000000000e+00 1.81000000000000e+00 0.00000000000000e+00
512 0.00000000000000e+00 1.80000000000000e+00 0.00000000000000e+00
513 0.00000000000000e+00 1.79000000000000e+00 0.00000000000000e+00
514 0.00000000000000e+00 1.78000000000000e+00 0.00000000000000e+00
515 0.00000000000000e+00 1.77000000000000e+00 0.00000000000000e+00
516 0.00000000000000e+00 1.76000000000000e+00 0.00000000000000e+00
517 0.00000000000000e+00 1.75000000000000e+00 0.00000000000000e+00
518 0.00000000000000e+00 1.74000000000000e+00 0.00000000000000e+00
519 0.00000000000000e+00 1.73000000000000e+00 0.00000000000000e+00
520 0.00000000000000e+00 1.72000000000000e+00 0.00000000000000e+00
521 0.00000000000000e+00 1.71000000000000e+00 0.00000000000000e+00
522 0.00000000000000e+00 1.70000000000000e+00 0.00000000000000e+00
523 0.00000000000000e+00 1.69000000000000e+00 0.00000000000000e+00
524 0.00000000000000e+00 1.68000000000000e+00 0.00000000000000e+00
525 0.00000000000000e+00 1.67000000000000e+00 0.00000000000000e+00
526 0.00000000000000e+00 1.66000000000000e+00 0.00000000000000e+00
527 0.00000000000000e+00 1.65000000000000e+00 0.00000000000000e+00
528 0.00000000000000e+00 1.64000000000000e+00 0.00000000000000e+00
529 0.00000000000000e+00 1.63000000000000e+00 0.00000000000000e+00
530 0.00000000000000e+00 1.62000000000000e+00 0.00000000000000e+00
531 0.00000000000000e+00 1.61000000000000e+00 0.00000000000000e+00
532 0.00000000000000e+00 1.60000000000000e+00 0.00000000000000e+00
533 0.00000000000000e+00 1.59000000000000e+00 0.00000000000000e+00
534 0.00000000000000e+00 1.58000000000000e+00 0.00000000000000e+00
535 0.00000000000000e+00 1.57000000000000e+00 0.00000000000000e+00
536 0.00000000000000e+00 1.56000000000000e+00 0.00000000000000e+00
537 0.00000000000000e+00 1.55000000000000e+00 0.00000000000000e+00
538 0.00000000000000e+00 1.54000000000000e+00 0.00000000000000e+00
539 0.00000000000000e+00 1.53000000000000e+00 0.00000000000000e+00
540 0.00000000000000e+00 1.52000000000000e+00 0.00000000000000e+00
541 0.00000000000000e+00 1.51000000000000e+00 0.00000000000000e+00
542 0.00000000000000e+00 1.50000000000000e+00 0.00000000000000e+00
543 0.00000000000000e+00 1.49000000000000e+00 0.00000000000000e+00
544 0.00000000000000e+00 1.48000000000000e+00 0.00000000000000e+00
545 0.00000000000000e+00 1.47000000000000e+00 0.00000000000000e+00
546 0.00000000000000e+00 1.46000000000000e+00 0.00000000000000e+00
547 0.00000000000000e+00 1.45000000000000e+00 0.00000000000000e+00
548 0.00000000000000e+00 1.44000000000000e+00 0.00000000000000e+00
549 0.00000000000000e+00 1.43000000000000e+00 0.00000000000000e+00
550 0.00000000000000e+00 1.42000000000000e+00 0.00000000000000e+00
551 0.00000000000000e+00 1.41000000000000e+00 0.00000000000000e+00
552 0.00000000000000e+00 1.40000000000000e+00 0.00000000000000e+00
553 0.00000000000000e+00 1.39000000000000e+00 0.00000000000000e+00
554 0.00000000000000e+00 1.38000000000000e+00 0.00000000000000e+00
555 0.00000000000000e+00 1.37000000000000e+00 0.00000000000000e+00
556 0.00000000000000e+00 1.36000000000000e+00 0.00000000000000e+00
557 0.00000000000000e+00 1.35000000000000e+00 0.00000000000000e+00
558 0.00000000000000e+00 1.34000000000000e+00 0.00000000000000e+00
559 0.00000000000000e+00 1.33000000000000e+00 0.00000000000000e+00
560 0.00000000000000e+00 1.32000000000000e+00 0.00000000000000e+00
561 0.00000000000000e+00 1.31000000000000e+00 0.00000000000000e+00
562 0.00000000000000e+00 1.30000000000000e+00 0.00000000000000e+00
563 0.00000000000000e+00 1.29000000000000e+00 0.00000000000000e+00
564 0.00000000000000e+00 1.28000000000000e+00 0.00000000000000e+00
565 0.00000000000000e+00 1.27000000000000e+00 0.00000000000000e+00
566 0.00000000000000e+00 1.26000000000000e+00 0.00000000000000e+00
567 0.00000000000000e+00 1.25000000000000e+00 0.00000000000000e+00
568 0.00000000000000e+00 1.24000000000000e+00 0.00000000000000e+00
569 0.00000000000000e+00 1.23000000000000e+00 0.00000000000000e+00
570 0.00000000000000e+00 1.22000000000000e+00 0.00000000000000e+00
571 0.00000000000000e+00 1.21000000000000e+00 0.00000000000000e+00
572 0.00000000000000e+00 1.20000000000000e+00 0.00000000000000e+00
573 0.00000000000000e+00 1.19000000000000e+00 0.00000000000000e+00
574 0.00000000000000e+00 1.18000000000000e+00 0.00000000000000e+00
575 0.00000000000000e+00 1.17000000000000e+00 0.00000000000000e+00
576 0.00000000000000e+00 1.16000000000000e+00 0.00000000000000e+00
577 0.00000000000000e+00 1.15000000000000e+00 0.00000000000000e+00
578 0.00000000000000e+00 1.14000000000000e+00 0.00000000000000e+00
579 0.00000000000000e+00 1.13000000000000e+00 0.00000000000000e+00
580 0.00000000000000e+00 1.12000000000000e+00 0.00000000000000e+00
581 0.00000000000000e+00 1.11000000000000e+00 0.00000000000000e+00
582 0.00000000000000e+00 1.10000000000000e+00 0.00000000000000e+00
583 0.00000000000000e+00 1.09000000000000e+00 0.00000000000000e+00
584 0.00000000000000e+00 1.08000000000000e+00 0.00000000000000e+00
585 0.00000000000000e+00 1.07000000000000e+00 0.00000000000000e+00
586 0.00000000000000e+00 1.06000000000000e+00 0.00000000000000e+00
587 0.00000000000000e+00 1.05000000000000e+00 0.00000000000000e+00
588 0.00000000000000e+00 1.04000000000000e+00 0.00000000000000e+00
589 0.00000000000000e+00 1.03000000000000e+00 0.00000000000000e+00
590 0.00000000000000e+00 1.02000000000000e+00 0.00000000000000e+00
591 0.00000000000000e+00 1.01000000000000e+00 0.00000000000000e+00
592 0.00000000000000e+00 9.99999999999999e-01 0.00000000000000e+00
593 0.00000000000000e+00 9.89999999999999e-01 0.00000000000000e+00
594 0.00000000000000e+00 9.79999999999999e-01 0.00000000000000e+00
595 0.00000000000000e+00 9.69999999999999e-01 0.00000000000000e+00
596 0.00000000000000e+00 9.59999999999999e-01 0.00000000000000e+00
597 0.00000000000000e+00 9.49999999999999e-01 0.00000000000000e+00
598 0.00000000000000e+00 9.39999999999999e-01 0.00000000000000e+00
599 0.00000000000000e+00 9.29999999999999e-01 0.00000000000000e+00
600 0.00000000000000e+00 9.19999999999999e-01 0.00000000000000e+00
601 0.00000000000000e+00 9.09999999999999e-01 0.00000000000000e+00
602 0.00000000000000e+00 8.99999999999999e-01 0.00000000000000e+00
603 0.00000000000000e+00 8.89999999999999e-01 0.00000000000000e+00
604 0.00000000000000e+00 8.79999999999999e-01 0.00000000000000e+00
605 0.00000000000000e+00 8.69999999999999e-01 0.00000000000000e+00
606 0.00000000000000e+00 8.59999999999999e-01 0.00000000000000e+00
607 0.00000000000000e+00 8.49999999999999e-01 0.00000000000000e+00
608 0.00000000000000e+00 8.39999999999999e-01 0.00000000000000e+00
609 0.00000000000000e+00 8.29999999999999e-01 0.00000000000000e+00
610 0.00000000000000e+00 8.19999999999999e-01 0.00000000000000e+00
611 0.00000000000000e+00 8.09999999999999e-01 0.00000000000000e+00
612 0.00000000000000e+00 7.99999999999999e-01 0.00000000000000e+00
613 0.00000000000000e+00 7.89999999999999e-01 0.00000000000000e+00
614 0.00000000000000e+00 7.79999999999999e-01 0.00000000000000e+00
615 0.00000000000000e+00 7.69999999999999e-01 0.00000000000000e+00
616 0.00000000000000e+00 7.59999999999999e-01 0.00000000000000e+00
617 0.00000000000000e+00 7.49999999999999e-01 0.00000000000000e+00
618 0.00000000000000e+00 7.39999999999999e-01 0.00000000000000e+00
619 0.00000000000000e+00 7.29999999999999e-01 0.00000000000000e+00
620 0.00000000000000e+00 7.19999999999999e-01 0.00000000000000e+00
621 0.00000000000000e+00 7.09999999999999e-01 0.00000000000000e+00
622 0.00000000000000e+00 6.99999999999999e-01 0.00000000000000e+00
623 0.00000000000000e+00 6.89999999999999e-01 0.00000000000000e+00
624 0.00000000000000e+00 6.79999999999999e-01 0.00000000000000e+00
625 0.00000000000000e+00 6.69999999999999e-01 0.00000000000000e+00
626 0.00000000000000e+00 6.59999999999999e-01 0.00000000000000e+00
627 0.00000000000000e+00 6.49999999999999e-01 0.00000000000000e+00
628 0.00000000000000e+00 6.39999999999999e-01 0.00000000000000e+00
629 0.00000000000000e+00 6.29999999999999e-01 0.00000000000000e+00
630 0.00000000000000e+00 6.19999999999999e-01 0.00000000000000e+00
631 0.00000000000000e+00 6.09999999999999e-01 0.00000000000000e+00
632 0.00000000000000e+00 5.99999999999999e-01 0.00000000000000e+00
633 0.00000000000000e+00 5.89999999999999e-01 0.00000000000000e+00
634 0.00000000000000e+00 5.79999999999999e-01 0.00000000000000e+00
635 0.00000000000000e+00 5.69999999999999e-01 0.00000000000000e+00
636 0.00000000000000e+00 5.59999999999999e-01 0.00000000000000e+00
637 0.00000000000000e+00 5.49999999999999e-01 0.00000000000000e+00
638 0.00000000000000e+00 5.39999999999999e-01 0.00000000000000e+00
639 0.00000000000000e+00 5.29999999999999e-01 0.00000000000000e+00
640 0.00000000000000e+00 5.19999999999999e-01 0.00000000000000e+00
641 0.00000000000000e+00 5.09999999999999e-01 0.00000000000000e+00
642 0.00000000000000e+00 4.99999999999999e-01 0.00000000000000e+00
643 0.00000000000000e+00 4.89999999999999e-01 0.00000000000000e+00
644 0.00000000000000e+00 4.79999999999999e-01 0.00000000000000e+00
645 0.00000000000000e+00 4.69999999999999e-01 0.00000000000000e+00
646 0.00000000000000e+00 4.59999999999999e-01 0.00000000000000e+00
647 0.00000000000000e+00 4.49999999999999e-01 0.00000000000000e+00
648 0.00000000000000e+00 4.39999999999999e-01 0.00000000000000e+00
649 0.00000000000000e+00 4.29999999999999e-01 0.00000000000000e+00
650 0.00000000000000e+00 4.19999999999999e-01 0.00000000000000e+00
651 0.00000000000000e+00 4.09999999999999e-01 0.00000000000000e+00
652 0.00000000000000e+00 3.99999999999999e-01 0.00000000000000e+00
653 0.00000000000000e+00 3.89999999999999e-01 0.00000000000000e+00
654 0.00000000000000e+00 3.79999999999999e-01 0.00000000000000e+00
655 0.00000000000000e+00 3.69999999999999e-01 0.00000000000000e+00
656 0.00000000000000e+00 3.59999999999999e-01 0.00000000000000e+00
657 0.00000000000000e+00 3.49999999999999e-01 0.00000000000000e+00
658 0.00000000000000e+00 3.39999999999999e-01 0.00000000000000e+00
659 0.00000000000000e+00 3.29999999999999e-01 0.00000000000000e+00
660 0.00000000000000e+00 3.19999999999999e-01 0.00000000000000e+00
661 0.00000000000000e+00 3.09999999999999e-01 0.00000000000000e+00
662 0.00000000000000e+00 2.99999999999999e-01 0.00000000000000e+00
663 0.00000000000000e+00 2.89999999999999e-01 0.00000000000000e+00
664 0.00000000000000e+00 2.79999999999999e-01 0.00000000000000e+00
665 0.00000000000000e+00 2.69999999999999e-01 0.00000000000000e+00
666 0.00000000000000e+00 2.59999999999999e-01 0.00000000000000e+00
667 0.00000000000000e+00 2.49999999999999e-01 0.00000000000000e+00
668 0.00000000000000e+00 2.39999999999999e-01 0.00000000000000e+00
669 0.00000000000000e+00 2.29999999999999e-01 0.00000000000000e+00
670 0.00000000000000e+00 2.19999999999999e-01 0.00000000000000e+00
671 0.00000000000000e+00 2.09999999999999e-01 0.00000000000000e+00
672 0.00000000000000e+00 1.99999999999999e-01 0.00000000000000e+00
673 0.00000000000000e+00 1.89999999999999e-01 0.00000000000000e+00
674 0.00000000000000e+00 1.79999999999999e-01 0.00000000000000e+00
675 0.00000000000000e+00 1.69999999999999e-01 0.00000000000000e+00
676 0.00000000000000e+00 1.59999999999999e-01 0.00000000000000e+00
677 0.00000000000000e+00 1.49999999999999e-01 0.00000000000000e+00
678 0.00000000000000e+00 1.39999999999999e-01 0.00000000000000e+00
679 0.00000000000000e+00 1.29999999999999e-01 0.00000000000000e+00
680 0.00000000000000e+00 1.19999999999999e-01 0.00000000000000e+00
681 0.00000000000000e+00 1.09999999999999e-01 0.00000000000000e+00
682 0.00000000000000e+00 9.99999999999985e-02 0.00000000000000e+00
683 0.00000000000000e+00 8.99999999999985e-02 0.00000000000000e+00
684 0.00000000000000e+00 7.99999999999985e-02 0.00000000000000e+00
685 0.00000000000000e+00 6.99999999999985e-02 0.00000000000000e+00
686 0.00000000000000e+00 5.99999999999985e-02 0.00000000000000e+00
687 0.00000000000000e+00 4.99999999999985e-02 0.00000000000000e+00
688 0.00000000000000e+00 3.99999999999985e-02 0.00000000000000e+00
689 0.00000000000000e+00 2.99999999999985e-02 0.00000000000000e+00
690 0.00000000000000e+00 1.99999999999985e-02 0.00000000000000e+00
691 0.00000000000000e+00 9.99999999999845e-03 0.00000000000000e+00
1 102 1 9 
2 102 9 10 
3 102 10 11 
4 102 11 12 
5 102 12 13 
6 102 13 14 
7 102 14 15 
8 102 15 16 
9 102 16 17 
10 102 17 18 
11 102 18 19 
12 102 19 20 
13 102 20 21 
14 102 21 22 
15 102 22 23 
16 102 23 24 
17 102 24 25 
18 102 25 26 
19 102 26 27 
20 102 27 28 
21 102 28 29 
22 102 29 30 
23 102 30 31 
24 102 31 32 
25 102 32 33 
26 102 33 34 
27 102 34 35 
28 102 35 36 
29 102 36 37 
30 102 37 38 
31 102 38 39 
32 102 39 40 
33 102 40 41 
34 102 41 42 
35 102 42 43 
36 102 43 44 
37 102 44 45 
38 102 45 46 
39 102 46 47 
40 102 47 48 
41 102 48 49 
42 102 49 50 
43 102 50 51 
44 102 51 52 
45 102 52 53 
46 102 53 54 
47 102 54 55 
48 102 55 56 
49 102 56 57 
50 102 57 58 
51 102 58 59 
52 102 59 60 
53 102 60 61 
54 102 61 62 
55 102 62 63 
56 102 63 64 
57 102 64 65 
58 102 65 66 
59 102 66 67 
60 102 67 68 
61 102 68 69 
62 102 69 70 
63 102 70 71 
64 102 71 72 
65 102 72 73 
66 102 73 74 
67 102 74 75 
68 102 75 76 
69 102 76 77 
70 102 77 78 
71 102 78 79 
72 102 79 80 
73 102 80 81 
74 102 81 82 
75 102 82 83 
76 102 83 84 
77 102 84 85 
78 102 85 86 
79 102 86 87 
80 102 87 88 
81 102 88 89 
82 102 89 90 
83 102 90 91 
84 102 91 92 
85 102 92 93 
86 102 93 94 
87 102 94 95 
88 102 95 96 
89 102 96 97 
90 102 97 98 
91 102 98 99 
92 102 99 100 
93 102 100 101 
94 102 101 102 
95 102 102 103 
96 102 103 104 
97 102 104 105 
98 102 105 106 
99 102 106 107 
100 102 107 108 
101 102 108 109 
102 102 109 110 
103 102 110 111 
104 102 111 112 
105 102 112 113 
106 102 113 114 
107 102 114 115 
108 102 115 116 
109 102 116 117 
110 102 117 118 
111 102 118 119 
112 102 119 120 
113 102 120 121 
114 102 121 122 
115 102 122 123 
116 102 123 124 
117 102 124 125 
118 102 125 126 
119 102 126 127 
120 102 127 128 
121 102 128 129 
122 102 129 130 
123 102 130 131 
124 102 131 132 
125 102 132 133 
126 102 133 134 
127 102 134 135 
128 102 135 136 
129 102 136 137 
130 102 137 138 
131 102 138 139 
132 102 139 140 
133 102 140 141 
134 102 141 142 
135 102 142 143 
136 102 143 144 
137 102 144 145 
138 102 145 146 
139 102 146 147 
140 102 147 148 
141 102 148 149 
142 102 149 150 
143 102 150 151 
144 102 151 152 
145 102 152 153 
146 102 153 154 
147 102 154 155 
148 102 155 156 
149 102 156 157 
150 102 157 2 
151 102 2 158 
152 102 158 159 
153 102 159 160 
154 102 160 161 
155 102 161 162 
156 102 162 163 
157 102 163 164 
158 102 164 165 
159 102 165 166 
160 102 166 167 
161 102 167 168 
162 102 168 169 
163 102 169 170 
164 102 170 171 
165 102 171 172 
166 102 172 173 
167 102 173 174 
168 102 174 175 
169 102 175 176 
170 102 176 3 
171 102 3 177 
172 102 177 178 
173 102 178 179 
174 102 179 180 
175 102 180 181 
176 102 181 182 
177 102 182 183 
178 102 183 184 
179 102 184 185 
180 102 185 4 
181 102 4 186 
182 102 186 187 
183 102 187 188 
184 102 188 189 
185 102 189 190 
186 102 190 191 
187 102 191 192 
188 102 192 193 
189 102 193 194 
190 102 194 195 
191 102 195 196 
192 102 196 197 
193 102 197 198 
194 102 198 199 
195 102 199 200 
196 102 200 201 
197 102 201 202 
198 102 202 203 
199 102 203 204 
200 102 204 5 
201 102 5 205 
202 102 205 206 
203 102 206 207 
204 102 207 208 
205 102 208 209 
206 102 209 210 
207 102 210 211 
208 102 211 212 
209 102 212 213 
210 102 213 214 
211 102 214 215 
212 102 215 216 
213 102 216 217 
214 102 217 218 
215 102 218 219 
216 102 219 220 
217 102 220 221 
218 102 221 222 
219 102 222 223 
220 102 223 224 
221 102 224 225 
222 102 225 226 
223 102 226 227 
224 102 227 228 
225 102 228 229 
226 102 229 230 
227 102 230 231 
228 102 231 232 
229 102 232 233 
230 102 233 234 
231 102 234 235 
232 102 235 236 
233 102 236 237 
234 102 237 238 
235 102 238 239 
236 102 239 240 
237 102 240 241 
238 102 241 242 
239 102 242 243 
240 102 243 244 
241 102 244 245 
242 102 245 246 
243 102 246 247 
244 102 247 248 
245 102 248 249 
246 102 249 250 
247 102 250 251 
248 102 251 252 
249 102 252 253 
250 102 253 254 
251 102 254 255 
252 102 255 256 
253 102 256 257 
254 102 257 258 
255 102 258 259 
256 102 259 260 
257 102 260 261 
258 102 261 262 
259 102 262 263 
260 102 263 264 
261 102 264 265 
262 102 265 266 
263 102 266 267 
264 102 267 268 
265 102 268 269 
266 102 269 270 
267 102 270 271 
268 102 271 272 
269 102 272 273 
270 102 273 274 
271 102 274 275 
272 102 275 276 
273 102 276 277 
274 102 277 278 
275 102 278 279 
276 102 279 280 
277 102 280 281 
278 102 281 282 
279 102 282 283 
280 102 283 284 
281 102 284 285 
282 102 285 286 
283 102 286 287 
284 102 287 288 
285 102 288 289 
286 102 289 290 
287 102 290 291 
288 102 291 292 
289 102 292 293 
290 102 293 6 
291 102 6 294 
292 102 294 295 
293 102 295 296 
294 102 296 297 
295 102 297 298 
296 102 298 299 
297 102 299 300 
298 102 300 301 
299 102 301 302 
300 102 302 303 
301 102 303 304 
302 102 304 305 
303 102 305 306 
304 102 306 307 
305 102 307 308 
306 102 308 309 
307 102 309 310 
308 102 310 311 
309 102 311 312 
310 102 312 313 
311 102 313 314 
312 102 314 315 
313 102 315 316 
314 102 316 317 
315 102 317 318 
316 102 318 319 
317 102 319 320 
318 102 320 321 
319 102 321 322 
320 102 322 323 
321 102 323 324 
322 102 324 325 
323 102 325 326 
324 102 326 327 
325 102 327 328 
326 102 328 329 
327 102 329 330 
328 102 330 331 
329 102 331 332 
330 102 332 333 
331 102 333 334 
332 102 334 335 
333 102 335 336 
334 102 336 337 
335 102 337 338 
336 102 338 339 
337 102 339 340 
338 102 340 341 
339 102 341 342 
340 102 342 343 
341 102 343 344 
342 102 344 345 
343 102 345 346 
344 102 346 347 
345 102 347 348 
346 102 348 349 
347 102 349 350 
348 102 350 351 
349 102 351 352 
350 102 352 353 
351 102 353 354 
352 102 354 355 
353 102 355 356 
354 102 356 357 
355 102 357 358 
356 102 358 359 
357 102 359 360 
358 102 360 361 
359 102 361 362 
360 102 362 363 
361 102 363 364 
362 102 364 365 
363 102 365 366 
364 102 366 367 
365 102 367 368 
366 102 368 369 
367 102 369 370 
368 102 370 371 
369 102 371 372 
370 102 372 373 
371 102 373 374 
372 102 374 375 
373 102 375 376 
374 102 376 377 
375 102 377 378 
376 102 378 379 
377 102 379 380 
378 102 380 381 
379 102 381 382 
380 102 382 383 
381 102 383 384 
382 102 384 385 
383 102 385 386 
384 102 386 387 
385 102 387 388 
386 102 388 389 
387 102 389 390 
388 102 390 391 
389 102 391 392 
390 102 392 393 
391 102 393 394 
392 102 394 395 
393 102 395 396 
394 102 396 397 
395 102 397 398 
396 102 398 399 
397 102 399 400 
398 102 400 401 
399 102 401 402 
400 102 402 403 
401 102 403 404 
402 102 404 405 
403 102 405 406 
404 102 406 407 
405 102 407 408 
406 102 408 409 
407 102 409 410 
408 102 410 411 
409 102 411 412 
410 102 412 413 
411 102 413 414 
412 102 414 415 
413 102 415 416 
414 102 416 417 
415 102 417 418 
416 102 418 419 
417 102 419 420 
418 102 420 421 
419 102 421 422 
420 102 422 423 
421 102 423 424 
422 102 424 425 
423 102 425 426 
424 102 426 427 
425 102 427 428 
426 102 428 429 
427 102 429 430 
428 102 430 431 
429 102 431 432 
430 102 432 433 
431 102 433 434 
432 102 434 435 
433 102 435 436 
434 102 436 437 
435 102 437 438 
436 102 438 439 
437 102 439 440 
438 102 440 441 
439 102 441 442 
440 102 442 443 
441 102 443 444 
442 102 444 445 
443 102 445 446 
444 102 446 447 
445 102 447 448 
446 102 448 449 
447 102 449 450 
448 102 450 451 
449 102 451 452 
450 102 452 453 
451 102 453 454 
452 102 454 455 
453 102 455 456 
454 102 456 457 
455 102 457 458 
456 102 458 459 
457 102 459 460 
458 102 460 461 
459 102 461 462 
460 102 462 463 
461 102 463 464 
462 102 464 465 
463 102 465 466 
464 102 466 467 
465 102 467 468 
466 102 468 469 
467 102 469 470 
468 102 470 471 
469 102 471 472 
470 102 472 473 
471 102 473 474 
472 102 474 475 
473 102 475 476 
474 102 476 477 
475 102 477 478 
476 102 478 479 
477 102 479 480 
478 102 480 481 
479 102 481 482 
480 102 482 483 
481 102 483 484 
482 102 484 485 
483 102 485 486 
484 102 486 487 
485 102 487 488 
486 102 488 489 
487 102 489 490 
488 102 490 491 
489 102 491 492 
490 102 492 7 
491 102 8 493 
492 102 493 494 
493 102 494 495 
494 102 495 496 
495 102 496 497 
496 102 497 498 
497 102 498 499 
498 102 499 500 
499 102 500 501 
500 102 501 502 
501 102 502 503 
502 102 503 504 
503 102 504 505 
504 102 505 506 
505 102 506 507 
506 102 507 508 
507 102 508 509 
508 102 509 510 
509 102 510 511 
510 102 511 512 
511 102 512 513 
512 102 513 514 
513 102 514 515 
514 102 515 516 
515 102 516 517 
516 102 517 518 
517 102 518 519 
518 102 519 520 
519 102 520 521 
520 102 521 522 
521 102 522 523 
522 102 523 524 
523 102 524 525 
524 102 525 526 
525 102 526 527 
526 102 527 528 
527 102 528 529 
528 102 529 530 
529 102 530 531 
530 102 531 532 
531 102 532 533 
532 102 533 534 
533 102 534 535 
534 102 535 536 
535 102 536 537 
536 102 537 538 
537 102 538 539 
538 102 539 540 
539 102 540 541 
540 102 541 542 
541 102 542 543 
542 102 543 544 
543 102 544 545 
544 102 545 546 
545 102 546 547 
546 102 547 548 
547 102 548 549 
548 102 549 550 
549 102 550 551 
550 102 551 552 
551 102 552 553 
552 102 553 554 
553 102 554 555 
554 102 555 556 
555 102 556 557 
556 102 557 558 
557 102 558 559 
558 102 559 560 
559 102 560 561 
560 102 561 562 
561 102 562 563 
562 102 563 564 
563 102 564 565 
564 102 565 566 
565 102 566 567 
566 102 567 568 
567 102 568 569 
568 102 569 570 
569 102 570 571 
570 102 571 572 
571 102 572 573 
572 102 573 574 
573 102 574 575 
574 102 575 576 
575 102 576 577 
576 102 577 578 
577 102 578 579 
578 102 579 580 
579 102 580 581 
580 102 581 582 
581 102 582 583 
582 102 583 584 
583 102 584 585 
584 102 585 586 
585 102 586 587 
586 102 587 588 
587 102 588 589 
588 102 589 590 
589 102 590 591 
590 102 591 592 
591 102 592 593 
592 102 593 594 
593 102 594 595 
594 102 595 596 
595 102 596 597 
596 102 597 598 
597 102 598 599 
598 102 599 600 
599 102 600 601 
600 102 601 602 
601 102 602 603 
602 102 603 604 
603 102 604 605 
604 102 605 606 
605 102 606 607 
606 102 607 608 
607 102 608 609 
608 102 609 610 
609 102 610 611 
610 102 611 612 
611 102 612 613 
612 102 613 614 
613 102 614 615 
614 102 615 616 
615 102 616 617 
616 102 617 618 
617 102 618 619 
618 102 619 620 
619 102 620 621 
620 102 621 622 
621 102 622 623 
622 102 623 624 
623 102 624 625 
624 102 625 626 
625 102 626 627 
626 102 627 628 
627 102 628 629 
628 102 629 630 
629 102 630 631 
630 102 631 632 
631 102 632 633 
632 102 633 634 
633 102 634 635 
634 102 635 636 
635 102 636 637 
636 102 637 638 
637 102 638 639 
638 102 639 640 
639 102 640 641 
640 102 641 642 
641 102 642 643 
642 102 643 644 
643 102 644 645 
644 102 645 646 
645 102 646 647 
646 102 647 648 
647 102 648 649 
648 102 649 650 
649 102 650 651 
650 102 651 652 
651 102 652 653 
652 102 653 654 
653 102 654 655 
654 102 655 656 
655 102 656 657 
656 102 657 658 
657 102 658 659 
658 102 659 660 
659 102 660 661 
660 102 661 662 
661 102 662 663 
662 102 663 664 
663 102 664 665 
664 102 665 666 
665 102 666 667 
666 102 667 668 
667 102 668 669 
668 102 669 670 
669 102 670 671 
670 102 671 672 
671 102 672 673 
672 102 673 674 
673 102 674 675 
674 102 675 676 
675 102 676 677 
676 102 677 678 
677 102 678 679 
678 102 679 680 
679 102 680 681 
680 102 681 682 
681 102 682 683 
682 102 683 684 
683 102 684 685 
684 102 685 686 
685 102 686 687 
686 102 687 688 
687 102 688 689 
688 102 689 690 
689 102 690 691 
690 102 691 1 
