312 624
1 -1.00000000000000e-01 -1.00000000000000e-01 0.00000000000000e+00
2 2.60000000000000e+00 -1.00000000000000e-01 0.00000000000000e+00
3 -1.00000000000000e-01 2.10000000000000e+00 0.00000000000000e+00
4 2.60000000000000e+00 2.10000000000000e+00 0.00000000000000e+00
5 0.00000000000000e+00 0.00000000000000e+00 0.00000000000000e+00
6 1.50000000000000e+00 0.00000000000000e+00 0.00000000000000e+00
7 1.50000000000000e+00 2.00000000000000e-01 0.00000000000000e+00
8 1.60000000000000e+00 2.00000000000000e-01 0.00000000000000e+00
9 1.60000000000000e+00 0.00000000000000e+00 0.00000000000000e+00
10 2.50000000000000e+00 0.00000000000000e+00 0.00000000000000e+00
11 2.50000000000000e+00 2.00000000000000e+00 0.00000000000000e+00
12 0.00000000000000e+00 2.00000000000000e+00 0.00000000000000e+00
13 0.00000000000000e+00 -1.00000000000000e-01 0.00000000000000e+00
14 1.00000000000000e-01 -1.00000000000000e-01 0.00000000000000e+00
15 2.00000000000000e-01 -1.00000000000000e-01 0.00000000000000e+00
16 3.00000000000000e-01 -1.00000000000000e-01 0.00000000000000e+00
17 4.00000000000000e-01 -1.00000000000000e-01 0.00000000000000e+00
18 5.00000000000000e-01 -1.00000000000000e-01 0.00000000000000e+00
19 6.00000000000000e-01 -1.00000000000000e-01 0.00000000000000e+00
20 7.00000000000000e-01 -1.00000000000000e-01 0.00000000000000e+00
21 8.00000000000000e-01 -1.00000000000000e-01 0.00000000000000e+00
22 9.00000000000000e-01 -1.00000000000000e-01 0.00000000000000e+00
23 1.00000000000000e+00 -1.00000000000000e-01 0.00000000000000e+00
24 1.10000000000000e+00 -1.00000000000000e-01 0.00000000000000e+00
25 1.20000000000000e+00 -1.00000000000000e-01 0.00000000000000e+00
26 1.30000000000000e+00 -1.00000000000000e-01 0.00000000000000e+00
27 1.40000000000000e+00 -1.00000000000000e-01 0.00000000000000e+00
28 1.50000000000000e+00 -1.00000000000000e-01 0.00000000000000e+00
29 1.60000000000000e+00 -1.00000000000000e-01 0.00000000000000e+00
30 1.70000000000000e+00 -1.00000000000000e-01 0.00000000000000e+00
31 1.80000000000000e+00 -1.00000000000000e-01 0.00000000000000e+00
32 1.90000000000000e+00 -1.00000000000000e-01 0.00000000000000e+00
33 2.00000000000000e+00 -1.00000000000000e-01 0.00000000000000e+00
34 2.10000000000000e+00 -1.00000000000000e-01 0.00000000000000e+00
35 2.20000000000000e+00 -1.00000000000000e-01 0.00000000000000e+00
36 2.30000000000000e+00 -1.00000000000000e-01 0.00000000000000e+00
37 2.40000000000000e+00 -1.00000000000000e-01 0.00000000000000e+00
38 2.50000000000000e+00 -1.00000000000000e-01 0.00000000000000e+00
39 -1.00000000000000e-01 2.00000000000000e+00 0.00000000000000e+00
40 -1.00000000000000e-01 1.90000000000000e+00 0.00000000000000e+00
41 -1.00000000000000e-01 1.80000000000000e+00 0.00000000000000e+00
42 -1.00000000000000e-01 1.70000000000000e+00 0.00000000000000e+00
43 -1.00000000000000e-01 1.60000000000000e+00 0.00000000000000e+00
44 -1.00000000000000e-01 1.50000000000000e+00 0.00000000000000e+00
45 -1.00000000000000e-01 1.40000000000000e+00 0.00000000000000e+00
46 -1.00000000000000e-01 1.30000000000000e+00 0.00000000000000e+00
47 -1.00000000000000e-01 1.20000000000000e+00 0.00000000000000e+00
48 -1.00000000000000e-01 1.10000000000000e+00 0.00000000000000e+00
49 -1.00000000000000e-01 1.00000000000000e+00 0.00000000000000e+00
50 -1.00000000000000e-01 9.00000000000000e-01 0.00000000000000e+00
51 -1.00000000000000e-01 8.00000000000000e-01 0.00000000000000e+00
52 -1.00000000000000e-01 7.00000000000000e-01 0.00000000000000e+00
53 -1.00000000000000e-01 6.00000000000000e-01 0.00000000000000e+00
54 -1.00000000000000e-01 5.00000000000000e-01 0.00000000000000e+00
55 -1.00000000000000e-01 4.00000000000000e-01 0.00000000000000e+00
56 -1.00000000000000e-01 3.00000000000000e-01 0.00000000000000e+00
57 -1.00000000000000e-01 2.00000000000000e-01 0.00000000000000e+00
58 -1.00000000000000e-01 9.99999999999996e-02 0.00000000000000e+00
59 -1.00000000000000e-01 -4.44089209850063e-16 0.00000000000000e+00
60 2.60000000000000e+00 0.00000000000000e+00 0.00000000000000e+00
61 2.60000000000000e+00 1.00000000000000e-01 0.00000000000000e+00
62 2.60000000000000e+00 2.00000000000000e-01 0.00000000000000e+00
63 2.60000000000000e+00 3.00000000000000e-01 0.00000000000000e+00
64 2.60000000000000e+00 4.00000000000000e-01 0.00000000000000e+00
65 2.60000000000000e+00 5.00000000000000e-01 0.00000000000000e+00
66 2.60000000000000e+00 6.00000000000000e-01 0.00000000000000e+00
67 2.60000000000000e+00 7.00000000000000e-01 0.00000000000000e+00
68 2.60000000000000e+00 8.00000000000000e-01 0.00000000000000e+00
69 2.60000000000000e+00 9.00000000000000e-01 0.00000000000000e+00
70 2.60000000000000e+00 1.00000000000000e+00 0.00000000000000e+00
71 2.60000000000000e+00 1.10000000000000e+00 0.00000000000000e+00
72 2.60000000000000e+00 1.20000000000000e+00 0.00000000000000e+00
73 2.60000000000000e+00 1.30000000000000e+00 0.00000000000000e+00
74 2.60000000000000e+00 1.40000000000000e+00 0.00000000000000e+00
75 2.60000000000000e+00 1.50000000000000e+00 0.00000000000000e+00
76 2.60000000000000e+00 1.60000000000000e+00 0.00000000000000e+00
77 2.60000000000000e+00 1.70000000000000e+00 0.00000000000000e+00
78 2.60000000000000e+00 1.80000000000000e+00 0.00000000000000e+00
79 2.60000000000000e+00 1.90000000000000e+00 0.00000000000000e+00
80 2.60000000000000e+00 2.00000000000000e+00 0.00000000000000e+00
81 2.50000000000000e+00 2.10000000000000e+00 0.00000000000000e+00
82 2.40000000000000e+00 2.10000000000000e+00 0.00000000000000e+00
83 2.30000000000000e+00 2.10000000000000e+00 0.00000000000000e+00
84 2.20000000000000e+00 2.10000000000000e+00 0.00000000000000e+00
85 2.10000000000000e+00 2.10000000000000e+00 0.00000000000000e+00
86 2.00000000000000e+00 2.10000000000000e+00 0.00000000000000e+00
87 1.90000000000000e+00 2.10000000000000e+00 0.00000000000000e+00
88 1.80000000000000e+00 2.10000000000000e+00 0.00000000000000e+00
89 1.70000000000000e+00 2.10000000000000e+00 0.00000000000000e+00
90 1.60000000000000e+00 2.10000000000000e+00 0.00000000000000e+00
91 1.50000000000000e+00 2.10000000000000e+00 0.00000000000000e+00
92 1.40000000000000e+00 2.10000000000000e+00 0.00000000000000e+00
93 1.30000000000000e+00 2.10000000000000e+00 0.00000000000000e+00
94 1.20000000000000e+00 2.10000000000000e+00 0.00000000000000e+00
95 1.10000000000000e+00 2.10000000000000e+00 0.00000000000000e+00
96 1.00000000000000e+00 2.10000000000000e+00 0.00000000000000e+00
97 9.00000000000000e-01 2.10000000000000e+00 0.00000000000000e+00
98 8.00000000000000e-01 2.10000000000000e+00 0.00000000000000e+00
99 7.00000000000000e-01 2.10000000000000e+00 0.00000000000000e+00
100 6.00000000000000e-01 2.10000000000000e+00 0.00000000000000e+00
101 5.00000000000000e-01 2.10000000000000e+00 0.00000000000000e+00
102 3.99999999999999e-01 2.10000000000000e+00 0.00000000000000e+00
103 2.99999999999999e-01 2.10000000000000e+00 0.00000000000000e+00
104 1.99999999999999e-01 2.10000000000000e+00 0.00000000000000e+00
105 9.99999999999992e-02 2.10000000000000e+00 0.00000000000000e+00
106 -8.88178419700125e-16 2.10000000000000e+00 0.00000000000000e+00
107 1.00000000000000e-01 0.00000000000000e+00 0.00000000000000e+00
108 2.00000000000000e-01 0.00000000000000e+00 0.00000000000000e+00
109 3.00000000000000e-01 0.00000000000000e+00 0.00000000000000e+00
110 4.00000000000000e-01 0.00000000000000e+00 0.00000000000000e+00
111 5.00000000000000e-01 0.00000000000000e+00 0.00000000000000e+00
112 6.00000000000000e-01 0.00000000000000e+00 0.00000000000000e+00
113 7.00000000000000e-01 0.00000000000000e+00 0.00000000000000e+00
114 8.00000000000000e-01 0.00000000000000e+00 0.00000000000000e+00
115 9.00000000000000e-01 0.00000000000000e+00 0.00000000000000e+00
116 1.00000000000000e+00 0.00000000000000e+00 0.00000000000000e+00
117 1.10000000000000e+00 0.00000000000000e+00 0.00000000000000e+00
118 1.20000000000000e+00 0.00000000000000e+00 0.00000000000000e+00
119 1.30000000000000e+00 0.00000000000000e+00 0.00000000000000e+00
120 1.40000000000000e+00 0.00000000000000e+00 0.00000000000000e+00
121 1.50000000000000e+00 1.00000000000000e-01 0.00000000000000e+00
122 1.55000000000000e+00 2.00000000000000e-01 0.00000000000000e+00
123 1.60000000000000e+00 1.00000000000000e-01 0.00000000000000e+00
124 1.70000000000000e+00 0.00000000000000e+00 0.00000000000000e+00
125 1.80000000000000e+00 0.00000000000000e+00 0.00000000000000e+00
126 1.90000000000000e+00 0.00000000000000e+00 0.00000000000000e+00
127 2.00000000000000e+00 0.00000000000000e+00 0.00000000000000e+00
128 2.10000000000000e+00 0.00000000000000e+00 0.00000000000000e+00
129 2.20000000000000e+00 0.00000000000000e+00 0.00000000000000e+00
130 2.30000000000000e+00 0.00000000000000e+00 0.00000000000000e+00
131 2.40000000000000e+00 0.00000000000000e+00 0.00000000000000e+00
132 2.50000000000000e+00 1.00000000000000e-01 0.00000000000000e+00
133 2.50000000000000e+00 2.00000000000000e-01 0.00000000000000e+00
134 2.50000000000000e+00 3.00000000000000e-01 0.00000000000000e+00
135 2.50000000000000e+00 4.00000000000000e-01 0.00000000000000e+00
136 2.50000000000000e+00 5.00000000000000e-01 0.00000000000000e+00
137 2.50000000000000e+00 6.00000000000000e-01 0.00000000000000e+00
138 2.50000000000000e+00 7.00000000000000e-01 0.00000000000000e+00
139 2.50000000000000e+00 8.00000000000000e-01 0.00000000000000e+00
140 2.50000000000000e+00 9.00000000000000e-01 0.00000000000000e+00
141 2.50000000000000e+00 1.00000000000000e+00 0.00000000000000e+00
142 2.50000000000000e+00 1.10000000000000e+00 0.00000000000000e+00
143 2.50000000000000e+00 1.20000000000000e+00 0.00000000000000e+00
144 2.50000000000000e+00 1.30000000000000e+00 0.00000000000000e+00
145 2.50000000000000e+00 1.40000000000000e+00 0.00000000000000e+00
146 2.50000000000000e+00 1.50000000000000e+00 0.00000000000000e+00
147 2.50000000000000e+00 1.60000000000000e+00 0.00000000000000e+00
148 2.50000000000000e+00 1.70000000000000e+00 0.00000000000000e+00
149 2.50000000000000e+00 1.80000000000000e+00 0.00000000000000e+00
150 2.50000000000000e+00 1.90000000000000e+00 0.00000000000000e+00
151 2.40000000000000e+00 2.00000000000000e+00 0.00000000000000e+00
152 2.30000000000000e+00 2.00000000000000e+00 0.00000000000000e+00
153 2.20000000000000e+00 2.00000000000000e+00 0.00000000000000e+00
154 2.10000000000000e+00 2.00000000000000e+00 0.00000000000000e+00
155 2.00000000000000e+00 2.00000000000000e+00 0.00000000000000e+00
156 1.90000000000000e+00 2.00000000000000e+00 0.00000000000000e+00
157 1.80000000000000e+00 2.00000000000000e+00 0.00000000000000e+00
158 1.70000000000000e+00 2.00000000000000e+00 0.00000000000000e+00
159 1.60000000000000e+00 2.00000000000000e+00 0.00000000000000e+00
160 1.50000000000000e+00 2.00000000000000e+00 0.00000000000000e+00
161 1.40000000000000e+00 2.00000000000000e+00 0.00000000000000e+00
162 1.30000000000000e+00 2.00000000000000e+00 0.00000000000000e+00
163 1.20000000000000e+00 2.00000000000000e+00 0.00000000000000e+00
164 1.10000000000000e+00 2.00000000000000e+00 0.00000000000000e+00
165 1.00000000000000e+00 2.00000000000000e+00 0.00000000000000e+00
166 9.00000000000000e-01 2.00000000000000e+00 0.00000000000000e+00
167 8.00000000000000e-01 2.00000000000000e+00 0.00000000000000e+00
168 7.00000000000000e-01 2.00000000000000e+00 0.00000000000000e+00
169 5.99999999999999e-01 2.00000000000000e+00 0.00000000000000e+00
170 5.00000000000000e-01 2.00000000000000e+00 0.00000000000000e+00
171 3.99999999999999e-01 2.00000000000000e+00 0.00000000000000e+00
172 2.99999999999999e-01 2.00000000000000e+00 0.00000000000000e+00
173 1.99999999999999e-01 2.00000000000000e+00 0.00000000000000e+00
174 9.99999999999992e-02 2.00000000000000e+00 0.00000000000000e+00
175 0.00000000000000e+00 1.90000000000000e+00 0.00000000000000e+00
176 0.00000000000000e+00 1.80000000000000e+00 0.00000000000000e+00
177 0.00000000000000e+00 1.70000000000000e+00 0.00000000000000e+00
178 0.00000000000000e+00 1.60000000000000e+00 0.00000000000000e+00
179 0.00000000000000e+00 1.50000000000000e+00 0.00000000000000e+00
180 0.00000000000000e+00 1.40000000000000e+00 0.00000000000000e+00
181 0.00000000000000e+00 1.30000000000000e+00 0.00000000000000e+00
182 0.00000000000000e+00 1.20000000000000e+00 0.00000000000000e+00
183 0.00000000000000e+00 1.10000000000000e+00 0.00000000000000e+00
184 0.00000000000000e+00 1.00000000000000e+00 0.00000000000000e+00
185 0.00000000000000e+00 9.00000000000000e-01 0.00000000000000e+00
186 0.00000000000000e+00 8.00000000000000e-01 0.00000000000000e+00
187 0.00000000000000e+00 7.00000000000000e-01 0.00000000000000e+00
188 0.00000000000000e+00 6.00000000000000e-01 0.00000000000000e+00
189 0.00000000000000e+00 5.00000000000000e-01 0.00000000000000e+00
190 0.00000000000000e+00 4.00000000000000e-01 0.00000000000000e+00
191 0.00000000000000e+00 3.00000000000000e-01 0.00000000000000e+00
192 0.00000000000000e+00 2.00000000000000e-01 0.00000000000000e+00
193 0.00000000000000e+00 9.99999999999994e-02 0.00000000000000e+00
194 1.52824765558974e+00 -4.27607156938437e-02 0.00000000000000e+00
195 1.65975330875228e+00 -4.78113683537535e-02 0.00000000000000e+00
196 2.53234468943628e+00 2.03868196493755e+00 0.00000000000000e+00
197 2.54550508025941e+00 1.75242539890674e+00 0.00000000000000e+00
198 2.54554929975654e+00 1.15216396139483e+00 0.00000000000000e+00
199 2.54552387264130e+00 1.45218972462556e+00 0.00000000000000e+00
200 2.53305989101940e+00 -3.63447822762619e-02 0.00000000000000e+00
201 2.35973701877272e+00 -4.96910579165317e-02 0.00000000000000e+00
202 2.23664567269926e+00 -4.98354809495600e-02 0.00000000000000e+00
203 2.04646626585269e+00 -4.98457068973939e-02 0.00000000000000e+00
204 1.85140359643176e+00 -4.98351219540831e-02 0.00000000000000e+00
205 1.34739769429676e+00 -4.97587120193528e-02 0.00000000000000e+00
206 2.54528504422316e+00 2.51364712937768e-01 0.00000000000000e+00
207 2.54550589459933e+00 8.52067287673907e-01 0.00000000000000e+00
208 2.54551784976929e+00 5.51820695689698e-01 0.00000000000000e+00
209 -3.23446894362844e-02 2.03868196493755e+00 0.00000000000000e+00
210 -4.55050802594072e-02 1.75242539890674e+00 0.00000000000000e+00
211 -4.55492997565448e-02 1.15216396139483e+00 0.00000000000000e+00
212 -4.55238726412963e-02 1.45218972462556e+00 0.00000000000000e+00
213 1.15250037805615e+00 -4.98224828418512e-02 0.00000000000000e+00
214 9.62508309677613e-01 -4.96101319494766e-02 0.00000000000000e+00
215 8.38948089263594e-01 -4.98013975316272e-02 0.00000000000000e+00
216 6.48589985765395e-01 -4.98453742466585e-02 0.00000000000000e+00
217 4.53533734147308e-01 -4.98457068973936e-02 0.00000000000000e+00
218 2.63354327300735e-01 -4.98354809495600e-02 0.00000000000000e+00
219 1.40262981227280e-01 -4.96910579165317e-02 0.00000000000000e+00
220 -3.30598910194004e-02 -3.63447822762621e-02 0.00000000000000e+00
221 -4.52850442231638e-02 2.51364712937768e-01 0.00000000000000e+00
222 -4.55058945993252e-02 8.52067287673907e-01 0.00000000000000e+00
223 -4.55178497692867e-02 5.51820695689698e-01 0.00000000000000e+00
224 1.40263218502964e-01 2.05088746238007e+00 0.00000000000000e+00
225 2.63354327300735e-01 2.05103117057468e+00 0.00000000000000e+00
226 4.53533734147307e-01 2.05096990809883e+00 0.00000000000000e+00
227 6.48589985765395e-01 2.05097025045450e+00 0.00000000000000e+00
228 8.38948089263594e-01 2.05106708922031e+00 0.00000000000000e+00
229 9.62508309677613e-01 2.05126393488839e+00 0.00000000000000e+00
230 1.15250058208489e+00 2.05099369172445e+00 0.00000000000000e+00
231 1.34749941791511e+00 2.05099369172445e+00 0.00000000000000e+00
232 1.53749169032239e+00 2.05126393488839e+00 0.00000000000000e+00
233 1.66105191073641e+00 2.05106708922031e+00 0.00000000000000e+00
234 1.85141001423461e+00 2.05097025045450e+00 0.00000000000000e+00
235 2.04646626585269e+00 2.05096990809883e+00 0.00000000000000e+00
236 2.23664567269926e+00 2.05103117057468e+00 0.00000000000000e+00
237 2.35973678149704e+00 2.05088746238007e+00 0.00000000000000e+00
238 2.53539537744201e+00 1.97220226944335e+00 0.00000000000000e+00
239 2.55405285799186e+00 1.92088766277963e+00 0.00000000000000e+00
240 2.54638542605122e+00 1.84343440959285e+00 0.00000000000000e+00
241 2.53737642085141e+00 1.67426471864375e+00 0.00000000000000e+00
242 2.55432641556492e+00 1.62107114213473e+00 0.00000000000000e+00
243 2.54641233366508e+00 1.24268415007119e+00 0.00000000000000e+00
244 2.53738204764596e+00 1.07400814385051e+00 0.00000000000000e+00
245 2.55432694186582e+00 1.02081768598512e+00 0.00000000000000e+00
246 2.55487233270683e+00 1.32031232877511e+00 0.00000000000000e+00
247 2.53773775371481e+00 1.37405141541796e+00 0.00000000000000e+00
248 2.54641753108057e+00 1.54334737773103e+00 0.00000000000000e+00
249 2.54392610220498e+00 4.28704602181537e-02 0.00000000000000e+00
250 2.45061040222150e+00 -4.80734908277665e-02 0.00000000000000e+00
251 2.14409515435336e+00 -4.98606390771994e-02 0.00000000000000e+00
252 2.29807627663095e+00 -4.97941305584551e-02 0.00000000000000e+00
253 1.55655118330287e+00 1.63946086916668e-01 0.00000000000000e+00
254 1.53900345642706e+00 1.18001404233425e-01 0.00000000000000e+00
255 1.75383214185226e+00 -4.96254144933554e-02 0.00000000000000e+00
256 1.44371660524251e+00 -4.88981285182202e-02 0.00000000000000e+00
257 1.58829599693674e+00 -3.33405027787663e-02 0.00000000000000e+00
258 1.55026642317224e+00 3.32709365127855e-02 0.00000000000000e+00
259 1.94904908845630e+00 -4.98608418473094e-02 0.00000000000000e+00
260 2.55430526232087e+00 1.19665773278566e-01 0.00000000000000e+00
261 2.53762041107322e+00 1.73500938628382e-01 0.00000000000000e+00
262 2.54550369844415e+00 3.41280899007220e-01 0.00000000000000e+00
263 2.55453021127034e+00 4.19539401809238e-01 0.00000000000000e+00
264 2.53737651952050e+00 7.73884053309141e-01 0.00000000000000e+00
265 2.54641534812303e+00 9.43144076879429e-01 0.00000000000000e+00
266 2.55432642748066e+00 7.20690542305028e-01 0.00000000000000e+00
267 2.54641692998984e+00 6.43021509750996e-01 0.00000000000000e+00
268 2.53767790777686e+00 4.73625880523371e-01 0.00000000000000e+00
269 -3.53953774420084e-02 1.97220226944335e+00 0.00000000000000e+00
270 -5.40528579918571e-02 1.92088766277963e+00 0.00000000000000e+00
271 -4.63854260512198e-02 1.84343440959285e+00 0.00000000000000e+00
272 -3.73764208514094e-02 1.67426471864375e+00 0.00000000000000e+00
273 -5.43264155649152e-02 1.62107114213473e+00 0.00000000000000e+00
274 -4.64123336650824e-02 1.24268415007119e+00 0.00000000000000e+00
275 -3.73820476459608e-02 1.07400814385051e+00 0.00000000000000e+00
276 -5.43269418658203e-02 1.02081768598512e+00 0.00000000000000e+00
277 -5.48723327068263e-02 1.32031232877511e+00 0.00000000000000e+00
278 -3.77377537148058e-02 1.37405141541796e+00 0.00000000000000e+00
279 -4.64175310805677e-02 1.54334737773103e+00 0.00000000000000e+00
280 1.05505210943063e+00 -4.97763379939653e-02 0.00000000000000e+00
281 7.46018102760511e-01 -4.98561995181266e-02 0.00000000000000e+00
282 9.00790856912812e-01 -4.96884576631882e-02 0.00000000000000e+00
283 3.55904845646636e-01 -4.98606390771992e-02 0.00000000000000e+00
284 -4.39261022049746e-02 4.28704602181533e-02 0.00000000000000e+00
285 4.93895977784982e-02 -4.80734908277665e-02 0.00000000000000e+00
286 2.01923723369051e-01 -4.97941305584551e-02 0.00000000000000e+00
287 5.50950269763416e-01 -4.98618670765665e-02 0.00000000000000e+00
288 -5.43052623208726e-02 1.19665773278566e-01 0.00000000000000e+00
289 -3.76204110732168e-02 1.73500938628381e-01 0.00000000000000e+00
290 -4.55036984441519e-02 3.41280899007220e-01 0.00000000000000e+00
291 -5.45302112703399e-02 4.19539401809238e-01 0.00000000000000e+00
292 -3.73765195204958e-02 7.73884053309141e-01 0.00000000000000e+00
293 -4.64153481230256e-02 9.43144076879429e-01 0.00000000000000e+00
294 -5.43264274806619e-02 7.20690542305028e-01 0.00000000000000e+00
295 -4.64169299898411e-02 6.43021509750996e-01 0.00000000000000e+00
296 -3.76779077768579e-02 4.73625880523370e-01 0.00000000000000e+00
297 1.24998919514907e+00 -4.98492039353748e-02 0.00000000000000e+00
298 4.94618534914293e-02 2.04921210628965e+00 0.00000000000000e+00
299 3.55904845646636e-01 2.05087574039401e+00 0.00000000000000e+00
300 2.01923758960403e-01 2.05112642487407e+00 0.00000000000000e+00
301 7.46018102760511e-01 2.05088039356115e+00 0.00000000000000e+00
302 1.05505212983351e+00 2.05096257321066e+00 0.00000000000000e+00
303 9.00790856912812e-01 2.05128180726982e+00 0.00000000000000e+00
304 5.50950269763415e-01 2.05086814807103e+00 0.00000000000000e+00
305 1.44494787016649e+00 2.05096257321066e+00 0.00000000000000e+00
306 1.75398189723949e+00 2.05088039356115e+00 0.00000000000000e+00
307 1.59920914308719e+00 2.05128180726982e+00 0.00000000000000e+00
308 2.14409515435336e+00 2.05087574039401e+00 0.00000000000000e+00
309 2.45053814650857e+00 2.04921210628965e+00 0.00000000000000e+00
310 2.29807624103960e+00 2.05112642487407e+00 0.00000000000000e+00
311 1.94904973023658e+00 2.05086814807103e+00 0.00000000000000e+00
312 1.25000000000000e+00 2.05087423998326e+00 0.00000000000000e+00
1 102 1 13 
2 102 13 14 
3 102 14 15 
4 102 15 16 
5 102 16 17 
6 102 17 18 
7 102 18 19 
8 102 19 20 
9 102 20 21 
10 102 21 22 
11 102 22 23 
12 102 23 24 
13 102 24 25 
14 102 25 26 
15 102 26 27 
16 102 27 28 
17 102 28 29 
18 102 29 30 
19 102 30 31 
20 102 31 32 
21 102 32 33 
22 102 33 34 
23 102 34 35 
24 102 35 36 
25 102 36 37 
26 102 37 38 
27 102 38 2 
28 102 3 39 
29 102 39 40 
30 102 40 41 
31 102 41 42 
32 102 42 43 
33 102 43 44 
34 102 44 45 
35 102 45 46 
36 102 46 47 
37 102 47 48 
38 102 48 49 
39 102 49 50 
40 102 50 51 
41 102 51 52 
42 102 52 53 
43 102 53 54 
44 102 54 55 
45 102 55 56 
46 102 56 57 
47 102 57 58 
48 102 58 59 
49 102 59 1 
50 102 2 60 
51 102 60 61 
52 102 61 62 
53 102 62 63 
54 102 63 64 
55 102 64 65 
56 102 65 66 
57 102 66 67 
58 102 67 68 
59 102 68 69 
60 102 69 70 
61 102 70 71 
62 102 71 72 
63 102 72 73 
64 102 73 74 
65 102 74 75 
66 102 75 76 
67 102 76 77 
68 102 77 78 
69 102 78 79 
70 102 79 80 
71 102 80 4 
72 102 4 81 
73 102 81 82 
74 102 82 83 
75 102 83 84 
76 102 84 85 
77 102 85 86 
78 102 86 87 
79 102 87 88 
80 102 88 89 
81 102 89 90 
82 102 90 91 
83 102 91 92 
84 102 92 93 
85 102 93 94 
86 102 94 95 
87 102 95 96 
88 102 96 97 
89 102 97 98 
90 102 98 99 
91 102 99 100 
92 102 100 101 
93 102 101 102 
94 102 102 103 
95 102 103 104 
96 102 104 105 
97 102 105 106 
98 102 106 3 
99 102 5 107 
100 102 107 108 
101 102 108 109 
102 102 109 110 
103 102 110 111 
104 102 111 112 
105 102 112 113 
106 102 113 114 
107 102 114 115 
108 102 115 116 
109 102 116 117 
110 102 117 118 
111 102 118 119 
112 102 119 120 
113 102 120 6 
114 102 6 121 
115 102 121 7 
116 102 7 122 
117 102 122 8 
118 102 8 123 
119 102 123 9 
120 102 9 124 
121 102 124 125 
122 102 125 126 
123 102 126 127 
124 102 127 128 
125 102 128 129 
126 102 129 130 
127 102 130 131 
128 102 131 10 
129 102 10 132 
130 102 132 133 
131 102 133 134 
132 102 134 135 
133 102 135 136 
134 102 136 137 
135 102 137 138 
136 102 138 139 
137 102 139 140 
138 102 140 141 
139 102 141 142 
140 102 142 143 
141 102 143 144 
142 102 144 145 
143 102 145 146 
144 102 146 147 
145 102 147 148 
146 102 148 149 
147 102 149 150 
148 102 150 11 
149 102 11 151 
150 102 151 152 
151 102 152 153 
152 102 153 154 
153 102 154 155 
154 102 155 156 
155 102 156 157 
156 102 157 158 
157 102 158 159 
158 102 159 160 
159 102 160 161 
160 102 161 162 
161 102 162 163 
162 102 163 164 
163 102 164 165 
164 102 165 166 
165 102 166 167 
166 102 167 168 
167 102 168 169 
168 102 169 170 
169 102 170 171 
170 102 171 172 
171 102 172 173 
172 102 173 174 
173 102 174 12 
174 102 12 175 
175 102 175 176 
176 102 176 177 
177 102 177 178 
178 102 178 179 
179 102 179 180 
180 102 180 181 
181 102 181 182 
182 102 182 183 
183 102 183 184 
184 102 184 185 
185 102 185 186 
186 102 186 187 
187 102 187 188 
188 102 188 189 
189 102 189 190 
190 102 190 191 
191 102 191 192 
192 102 192 193 
193 102 193 5 
194 203 80 238 239 
195 203 4 196 80 
196 203 196 238 80 
197 203 148 197 149 
198 203 197 240 149 
199 203 242 76 77 
200 203 77 241 242 
201 203 241 148 147 
202 203 147 242 241 
203 203 241 197 148 
204 203 78 197 77 
205 203 197 241 77 
206 203 197 78 240 
207 203 239 238 150 
208 203 149 240 150 
209 203 240 239 150 
210 203 239 79 80 
211 203 78 79 240 
212 203 239 240 79 
213 203 142 198 143 
214 203 198 243 143 
215 203 71 244 245 
216 203 141 244 142 
217 203 244 198 142 
218 203 72 198 71 
219 203 198 244 71 
220 203 198 72 243 
221 203 246 247 144 
222 203 143 243 144 
223 203 243 246 144 
224 203 246 73 74 
225 203 72 73 243 
226 203 246 243 73 
227 203 144 247 145 
228 203 247 199 145 
229 203 199 75 248 
230 203 146 248 147 
231 203 248 242 147 
232 203 75 76 248 
233 203 145 199 146 
234 203 199 248 146 
235 203 242 248 76 
236 203 74 247 246 
237 203 75 199 74 
238 203 199 247 74 
239 203 250 200 10 
240 203 200 249 10 
241 203 131 250 10 
242 203 38 250 37 
243 203 201 37 250 
244 203 200 250 38 
245 203 2 200 38 
246 203 202 129 251 
247 203 251 128 203 
248 203 127 203 128 
249 203 36 252 202 
250 203 202 251 35 
251 203 34 203 33 
252 203 35 251 34 
253 203 251 203 34 
254 203 202 35 36 
255 203 252 36 201 
256 203 37 201 36 
257 203 128 251 129 
258 203 130 201 131 
259 203 201 250 131 
260 203 130 129 202 
261 203 202 252 130 
262 203 252 201 130 
263 203 254 258 123 
264 203 121 254 7 
265 203 253 122 7 
266 203 253 7 254 
267 203 253 8 122 
268 203 123 253 254 
269 203 255 204 125 
270 203 124 255 125 
271 203 31 255 30 
272 203 195 30 255 
273 203 255 31 204 
274 203 32 204 31 
275 203 6 120 256 
276 203 256 120 205 
277 203 119 205 120 
278 203 28 29 194 
279 203 194 256 28 
280 203 27 205 26 
281 203 28 256 27 
282 203 256 205 27 
283 203 257 194 29 
284 203 195 257 29 
285 203 29 30 195 
286 203 256 194 6 
287 203 194 258 6 
288 203 6 258 121 
289 203 254 121 258 
290 203 195 124 9 
291 203 195 255 124 
292 203 123 8 253 
293 203 9 257 195 
294 203 194 257 258 
295 203 123 258 9 
296 203 258 257 9 
297 203 33 259 32 
298 203 259 204 32 
299 203 203 259 33 
300 203 125 204 126 
301 203 259 203 127 
302 203 126 259 127 
303 203 204 259 126 
304 203 60 200 2 
305 203 200 60 249 
306 203 260 261 132 
307 203 10 249 132 
308 203 249 260 132 
309 203 260 61 62 
310 203 60 61 249 
311 203 260 249 61 
312 203 132 261 133 
313 203 261 206 133 
314 203 206 63 262 
315 203 263 268 135 
316 203 134 262 135 
317 203 262 263 135 
318 203 263 64 65 
319 203 63 64 262 
320 203 133 206 134 
321 203 206 262 134 
322 203 263 262 64 
323 203 62 261 260 
324 203 63 206 62 
325 203 206 261 62 
326 203 264 139 138 
327 203 138 266 264 
328 203 264 207 139 
329 203 207 69 265 
330 203 245 244 141 
331 203 140 265 141 
332 203 265 245 141 
333 203 245 70 71 
334 203 69 70 265 
335 203 139 207 140 
336 203 207 265 140 
337 203 245 265 70 
338 203 266 67 68 
339 203 68 264 266 
340 203 69 207 68 
341 203 207 264 68 
342 203 136 208 137 
343 203 208 267 137 
344 203 65 268 263 
345 203 135 268 136 
346 203 268 208 136 
347 203 66 208 65 
348 203 208 268 65 
349 203 208 66 267 
350 203 137 267 138 
351 203 267 266 138 
352 203 66 67 267 
353 203 266 267 67 
354 203 39 209 3 
355 203 209 39 269 
356 203 175 12 269 
357 203 39 40 270 
358 203 270 269 39 
359 203 175 271 176 
360 203 271 210 176 
361 203 210 42 272 
362 203 273 178 272 
363 203 42 43 273 
364 203 176 210 177 
365 203 210 272 177 
366 203 273 272 42 
367 203 270 40 271 
368 203 41 271 40 
369 203 269 270 175 
370 203 270 271 175 
371 203 42 210 41 
372 203 210 271 41 
373 203 181 274 182 
374 203 274 211 182 
375 203 211 48 275 
376 203 276 184 275 
377 203 48 49 276 
378 203 182 211 183 
379 203 211 275 183 
380 203 276 275 48 
381 203 277 46 274 
382 203 277 278 45 
383 203 47 274 46 
384 203 180 278 181 
385 203 277 274 181 
386 203 48 211 47 
387 203 211 274 47 
388 203 179 212 180 
389 203 212 278 180 
390 203 273 43 279 
391 203 44 279 43 
392 203 177 272 178 
393 203 273 279 178 
394 203 178 279 179 
395 203 279 212 179 
396 203 45 212 44 
397 203 212 279 44 
398 203 212 45 278 
399 203 277 181 278 
400 203 45 46 277 
401 203 116 214 280 
402 203 280 117 116 
403 203 280 213 117 
404 203 24 280 23 
405 203 214 23 280 
406 203 280 24 213 
407 203 25 213 24 
408 203 281 215 114 
409 203 216 281 113 
410 203 112 216 113 
411 203 22 215 21 
412 203 215 281 21 
413 203 20 216 19 
414 203 21 281 20 
415 203 281 216 20 
416 203 23 214 22 
417 203 282 22 214 
418 203 282 215 22 
419 203 114 113 281 
420 203 214 116 115 
421 203 115 282 214 
422 203 282 115 215 
423 203 114 215 115 
424 203 109 218 283 
425 203 283 110 109 
426 203 283 217 110 
427 203 17 283 16 
428 203 218 16 283 
429 203 283 17 217 
430 203 18 217 17 
431 203 285 219 107 
432 203 193 284 5 
433 203 220 285 5 
434 203 284 220 5 
435 203 15 219 14 
436 203 219 285 14 
437 203 13 220 1 
438 203 285 220 13 
439 203 14 285 13 
440 203 15 16 218 
441 203 218 286 15 
442 203 286 219 15 
443 203 107 5 285 
444 203 108 286 218 
445 203 218 109 108 
446 203 286 108 219 
447 203 107 219 108 
448 203 287 217 18 
449 203 19 287 18 
450 203 216 287 19 
451 203 110 217 111 
452 203 111 287 112 
453 203 287 216 112 
454 203 217 287 111 
455 203 288 58 284 
456 203 288 289 57 
457 203 59 284 58 
458 203 192 289 193 
459 203 288 284 193 
460 203 1 220 59 
461 203 220 284 59 
462 203 191 221 192 
463 203 221 289 192 
464 203 291 55 290 
465 203 291 296 54 
466 203 56 290 55 
467 203 189 296 190 
468 203 291 290 190 
469 203 190 290 191 
470 203 290 221 191 
471 203 57 221 56 
472 203 221 290 56 
473 203 221 57 289 
474 203 288 193 289 
475 203 57 58 288 
476 203 185 222 186 
477 203 222 292 186 
478 203 276 49 293 
479 203 50 293 49 
480 203 183 275 184 
481 203 276 293 184 
482 203 184 293 185 
483 203 293 222 185 
484 203 51 222 50 
485 203 222 293 50 
486 203 222 51 292 
487 203 294 187 292 
488 203 51 52 294 
489 203 294 292 51 
490 203 187 295 188 
491 203 295 223 188 
492 203 223 54 296 
493 203 291 190 296 
494 203 188 223 189 
495 203 223 296 189 
496 203 54 55 291 
497 203 294 52 295 
498 203 53 295 52 
499 203 186 292 187 
500 203 294 295 187 
501 203 54 223 53 
502 203 223 295 53 
503 203 297 213 25 
504 203 205 297 26 
505 203 297 25 26 
506 203 117 213 118 
507 203 297 205 119 
508 203 213 297 118 
509 203 297 119 118 
510 203 298 209 12 
511 203 209 269 12 
512 203 174 298 12 
513 203 106 298 105 
514 203 224 105 298 
515 203 209 298 106 
516 203 3 209 106 
517 203 225 172 299 
518 203 226 299 171 
519 203 171 170 226 
520 203 104 300 225 
521 203 225 299 103 
522 203 102 226 101 
523 203 103 299 102 
524 203 299 226 102 
525 203 225 103 104 
526 203 300 104 224 
527 203 105 224 104 
528 203 171 299 172 
529 203 224 174 173 
530 203 224 298 174 
531 203 173 300 224 
532 203 173 172 225 
533 203 225 300 173 
534 203 167 228 301 
535 203 301 168 167 
536 203 301 227 168 
537 203 99 301 98 
538 203 228 98 301 
539 203 227 301 99 
540 203 100 227 99 
541 203 229 165 302 
542 203 230 302 164 
543 203 164 163 230 
544 203 229 96 97 
545 203 229 302 96 
546 203 95 230 94 
547 203 96 302 95 
548 203 302 230 95 
549 203 97 303 229 
550 203 303 97 228 
551 203 98 228 97 
552 203 164 302 165 
553 203 228 167 166 
554 203 166 303 228 
555 203 165 229 166 
556 203 303 166 229 
557 203 101 304 100 
558 203 304 227 100 
559 203 226 304 101 
560 203 168 227 169 
561 203 169 304 170 
562 203 226 170 304 
563 203 227 304 169 
564 203 160 232 305 
565 203 305 161 160 
566 203 305 231 161 
567 203 92 305 91 
568 203 232 91 305 
569 203 305 92 231 
570 203 93 231 92 
571 203 306 233 158 
572 203 234 306 157 
573 203 157 156 234 
574 203 90 233 89 
575 203 233 306 89 
576 203 88 234 87 
577 203 306 234 88 
578 203 89 306 88 
579 203 232 307 90 
580 203 90 91 232 
581 203 307 233 90 
582 203 158 157 306 
583 203 160 159 232 
584 203 307 232 159 
585 203 233 307 159 
586 203 159 158 233 
587 203 153 236 308 
588 203 308 154 153 
589 203 308 235 154 
590 203 85 308 84 
591 203 236 84 308 
592 203 308 85 235 
593 203 86 235 85 
594 203 309 237 151 
595 203 150 238 11 
596 203 196 309 11 
597 203 238 196 11 
598 203 83 237 82 
599 203 237 309 82 
600 203 81 196 4 
601 203 309 196 81 
602 203 82 309 81 
603 203 83 84 236 
604 203 236 310 83 
605 203 310 237 83 
606 203 151 11 309 
607 203 152 310 236 
608 203 236 153 152 
609 203 310 152 237 
610 203 151 237 152 
611 203 311 235 86 
612 203 87 311 86 
613 203 234 311 87 
614 203 154 235 155 
615 203 235 311 155 
616 203 311 234 156 
617 203 155 311 156 
618 203 312 231 93 
619 203 94 312 93 
620 203 230 312 94 
621 203 161 231 162 
622 203 312 230 163 
623 203 162 312 163 
624 203 231 312 162 
