243 396
1 1.00000000000000e+00 1.00000000000000e+00 1.00000000000000e-01
2 1.00000000000000e+00 1.00000000000000e+00 0.00000000000000e+00
3 0.00000000000000e+00 1.00000000000000e+00 1.00000000000000e-01
4 0.00000000000000e+00 1.00000000000000e+00 0.00000000000000e+00
5 9.75000000000000e-01 1.00000000000000e+00 1.00000000000000e-01
6 9.50000000000001e-01 1.00000000000000e+00 1.00000000000000e-01
7 9.25000000000001e-01 1.00000000000000e+00 1.00000000000000e-01
8 9.00000000000002e-01 1.00000000000000e+00 1.00000000000000e-01
9 8.75000000000002e-01 1.00000000000000e+00 1.00000000000000e-01
10 8.50000000000002e-01 1.00000000000000e+00 1.00000000000000e-01
11 8.25000000000003e-01 1.00000000000000e+00 1.00000000000000e-01
12 8.00000000000003e-01 1.00000000000000e+00 1.00000000000000e-01
13 7.75000000000003e-01 1.00000000000000e+00 1.00000000000000e-01
14 7.50000000000003e-01 1.00000000000000e+00 1.00000000000000e-01
15 7.25000000000003e-01 1.00000000000000e+00 1.00000000000000e-01
16 7.00000000000003e-01 1.00000000000000e+00 1.00000000000000e-01
17 6.75000000000003e-01 1.00000000000000e+00 1.00000000000000e-01
18 6.50000000000004e-01 1.00000000000000e+00 1.00000000000000e-01
19 6.25000000000004e-01 1.00000000000000e+00 1.00000000000000e-01
20 6.00000000000003e-01 1.00000000000000e+00 1.00000000000000e-01
21 5.75000000000004e-01 1.00000000000000e+00 1.00000000000000e-01
22 5.50000000000003e-01 1.00000000000000e+00 1.00000000000000e-01
23 5.25000000000003e-01 1.00000000000000e+00 1.00000000000000e-01
24 5.00000000000003e-01 1.00000000000000e+00 1.00000000000000e-01
25 4.75000000000003e-01 1.00000000000000e+00 1.00000000000000e-01
26 4.50000000000003e-01 1.00000000000000e+00 1.00000000000000e-01
27 4.25000000000002e-01 1.00000000000000e+00 1.00000000000000e-01
28 4.00000000000002e-01 1.00000000000000e+00 1.00000000000000e-01
29 3.75000000000002e-01 1.00000000000000e+00 1.00000000000000e-01
30 3.50000000000002e-01 1.00000000000000e+00 1.00000000000000e-01
31 3.25000000000002e-01 1.00000000000000e+00 1.00000000000000e-01
32 3.00000000000002e-01 1.00000000000000e+00 1.00000000000000e-01
33 2.75000000000002e-01 1.00000000000000e+00 1.00000000000000e-01
34 2.50000000000001e-01 1.00000000000000e+00 1.00000000000000e-01
35 2.25000000000001e-01 1.00000000000000e+00 1.00000000000000e-01
36 2.00000000000001e-01 1.00000000000000e+00 1.00000000000000e-01
37 1.75000000000001e-01 1.00000000000000e+00 1.00000000000000e-01
38 1.50000000000001e-01 1.00000000000000e+00 1.00000000000000e-01
39 1.25000000000001e-01 1.00000000000000e+00 1.00000000000000e-01
40 1.00000000000001e-01 1.00000000000000e+00 1.00000000000000e-01
41 7.50000000000006e-02 1.00000000000000e+00 1.00000000000000e-01
42 5.00000000000004e-02 1.00000000000000e+00 1.00000000000000e-01
43 2.50000000000002e-02 1.00000000000000e+00 1.00000000000000e-01
44 9.75000000000000e-01 1.00000000000000e+00 0.00000000000000e+00
45 9.50000000000001e-01 1.00000000000000e+00 0.00000000000000e+00
46 9.25000000000001e-01 1.00000000000000e+00 0.00000000000000e+00
47 9.00000000000002e-01 1.00000000000000e+00 0.00000000000000e+00
48 8.75000000000002e-01 1.00000000000000e+00 0.00000000000000e+00
49 8.50000000000002e-01 1.00000000000000e+00 0.00000000000000e+00
50 8.25000000000003e-01 1.00000000000000e+00 0.00000000000000e+00
51 8.00000000000003e-01 1.00000000000000e+00 0.00000000000000e+00
52 7.75000000000003e-01 1.00000000000000e+00 0.00000000000000e+00
53 7.50000000000003e-01 1.00000000000000e+00 0.00000000000000e+00
54 7.25000000000003e-01 1.00000000000000e+00 0.00000000000000e+00
55 7.00000000000003e-01 1.00000000000000e+00 0.00000000000000e+00
56 6.75000000000003e-01 1.00000000000000e+00 0.00000000000000e+00
57 6.50000000000004e-01 1.00000000000000e+00 0.00000000000000e+00
58 6.25000000000004e-01 1.00000000000000e+00 0.00000000000000e+00
59 6.00000000000003e-01 1.00000000000000e+00 0.00000000000000e+00
60 5.75000000000004e-01 1.00000000000000e+00 0.00000000000000e+00
61 5.50000000000003e-01 1.00000000000000e+00 0.00000000000000e+00
62 5.25000000000003e-01 1.00000000000000e+00 0.00000000000000e+00
63 5.00000000000003e-01 1.00000000000000e+00 0.00000000000000e+00
64 4.75000000000003e-01 1.00000000000000e+00 0.00000000000000e+00
65 4.50000000000003e-01 1.00000000000000e+00 0.00000000000000e+00
66 4.25000000000002e-01 1.00000000000000e+00 0.00000000000000e+00
67 4.00000000000002e-01 1.00000000000000e+00 0.00000000000000e+00
68 3.75000000000002e-01 1.00000000000000e+00 0.00000000000000e+00
69 3.50000000000002e-01 1.00000000000000e+00 0.00000000000000e+00
70 3.25000000000002e-01 1.00000000000000e+00 0.00000000000000e+00
71 3.00000000000002e-01 1.00000000000000e+00 0.00000000000000e+00
72 2.75000000000002e-01 1.00000000000000e+00 0.00000000000000e+00
73 2.50000000000001e-01 1.00000000000000e+00 0.00000000000000e+00
74 2.25000000000001e-01 1.00000000000000e+00 0.00000000000000e+00
75 2.00000000000001e-01 1.00000000000000e+00 0.00000000000000e+00
76 1.75000000000001e-01 1.00000000000000e+00 0.00000000000000e+00
77 1.50000000000001e-01 1.00000000000000e+00 0.00000000000000e+00
78 1.25000000000001e-01 1.00000000000000e+00 0.00000000000000e+00
79 1.00000000000001e-01 1.00000000000000e+00 0.00000000000000e+00
80 7.50000000000006e-02 1.00000000000000e+00 0.00000000000000e+00
81 5.00000000000004e-02 1.00000000000000e+00 0.00000000000000e+00
82 2.50000000000002e-02 1.00000000000000e+00 0.00000000000000e+00
83 1.00000000000000e+00 1.00000000000000e+00 2.49999999999998e-02
84 1.00000000000000e+00 1.00000000000000e+00 4.99999999999996e-02
85 1.00000000000000e+00 1.00000000000000e+00 7.49999999999997e-02
86 0.00000000000000e+00 1.00000000000000e+00 2.49999999999998e-02
87 0.00000000000000e+00 1.00000000000000e+00 4.99999999999996e-02
88 0.00000000000000e+00 1.00000000000000e+00 7.49999999999997e-02
89 9.79367603513622e-01 1.00000000000000e+00 3.91470432832316e-02
90 9.74704632762962e-01 1.00000000000000e+00 6.09108761133980e-02
91 9.81967489974671e-01 1.00000000000000e+00 8.27708685864785e-02
92 2.22992340931560e-02 1.00000000000000e+00 3.26807046002358e-02
93 9.66267846467595e-01 1.00000000000000e+00 1.99748389028270e-02
94 9.14497511618334e-01 1.00000000000000e+00 2.01878028154044e-02
95 8.64058202814432e-01 1.00000000000000e+00 2.01277614786999e-02
96 8.13928939435099e-01 1.00000000000000e+00 2.01237693555498e-02
97 7.63937348234427e-01 1.00000000000000e+00 2.01177086103277e-02
98 7.13884275525416e-01 1.00000000000000e+00 2.01528536266466e-02
99 6.63974869783286e-01 1.00000000000000e+00 2.01150344050749e-02
100 6.14029295741204e-01 1.00000000000000e+00 2.01607005325469e-02
101 5.64021378811799e-01 1.00000000000000e+00 2.01852707290642e-02
102 5.13992839937635e-01 1.00000000000000e+00 2.01884431419015e-02
103 4.63951113720533e-01 1.00000000000000e+00 2.01802042003449e-02
104 4.13854843773556e-01 1.00000000000000e+00 2.01756381255140e-02
105 3.63993494888916e-01 1.00000000000000e+00 2.01499065828793e-02
106 3.14102817097940e-01 1.00000000000000e+00 2.01631164730142e-02
107 2.64062669002300e-01 1.00000000000000e+00 2.01862674739285e-02
108 2.13964206959014e-01 1.00000000000000e+00 2.01936198604618e-02
109 1.64035279899777e-01 1.00000000000000e+00 2.01725213796450e-02
110 1.13839319175500e-01 1.00000000000000e+00 2.02352374267526e-02
111 6.37556854862024e-02 1.00000000000000e+00 2.07422374858960e-02
112 9.59862971020720e-01 1.00000000000000e+00 8.03174200804387e-02
113 9.34772577734912e-01 1.00000000000000e+00 8.00782528163466e-02
114 9.09380918804943e-01 1.00000000000000e+00 8.00838994407152e-02
115 8.84250939461780e-01 1.00000000000000e+00 8.00786923636092e-02
116 8.59159827134898e-01 1.00000000000000e+00 8.00690640891559e-02
117 8.34088070949562e-01 1.00000000000000e+00 8.00861873291111e-02
118 8.08923513664896e-01 1.00000000000000e+00 8.01236286065449e-02
119 7.83830504730110e-01 1.00000000000000e+00 8.01549001833042e-02
120 7.58974822379292e-01 1.00000000000000e+00 8.01291641744055e-02
121 7.33913397333960e-01 1.00000000000000e+00 8.01168545177522e-02
122 7.08959294624731e-01 1.00000000000000e+00 8.01299821996660e-02
123 6.83881250782911e-01 1.00000000000000e+00 8.01502358027530e-02
124 6.59009967157306e-01 1.00000000000000e+00 8.01419031674755e-02
125 6.33930157899501e-01 1.00000000000000e+00 8.01598077044482e-02
126 6.08971032650649e-01 1.00000000000000e+00 8.01826329194655e-02
127 5.83860959638877e-01 1.00000000000000e+00 8.02146156634320e-02
128 5.58937814440795e-01 1.00000000000000e+00 8.02066398837382e-02
129 5.33846027853796e-01 1.00000000000000e+00 8.02212810645542e-02
130 5.08929928014922e-01 1.00000000000000e+00 8.02010064561378e-02
131 4.83835614192184e-01 1.00000000000000e+00 8.02062857984813e-02
132 4.58916148783209e-01 1.00000000000000e+00 8.01798834886361e-02
133 4.33823107298113e-01 1.00000000000000e+00 8.01828569053947e-02
134 4.08933628803417e-01 1.00000000000000e+00 8.01703394794045e-02
135 3.83906385941132e-01 1.00000000000000e+00 8.01769312347321e-02
136 3.59010056834370e-01 1.00000000000000e+00 8.01701806762064e-02
137 3.33906122040341e-01 1.00000000000000e+00 8.02010835272385e-02
138 3.08966081803226e-01 1.00000000000000e+00 8.02021119316143e-02
139 2.83862232723303e-01 1.00000000000000e+00 8.02170977433524e-02
140 2.58933949921115e-01 1.00000000000000e+00 8.02114156705874e-02
141 2.33841419622278e-01 1.00000000000000e+00 8.02258140364871e-02
142 2.08928601404884e-01 1.00000000000000e+00 8.02061425674754e-02
143 1.83840970754551e-01 1.00000000000000e+00 8.02117739712663e-02
144 1.58925223690703e-01 1.00000000000000e+00 8.01872576513948e-02
145 1.33830736705155e-01 1.00000000000000e+00 8.02033044024281e-02
146 1.08864047390339e-01 1.00000000000000e+00 8.02467011499747e-02
147 8.38433409180909e-02 1.00000000000000e+00 8.04931333466461e-02
148 5.87139827050842e-02 1.00000000000000e+00 8.14402513516364e-02
149 2.83112262559060e-02 1.00000000000000e+00 8.05772345878642e-02
150 8.39049110296634e-01 1.00000000000000e+00 2.01120715807620e-02
151 2.35753837280777e-02 1.00000000000000e+00 5.70660802501720e-02
152 9.40010498194427e-01 1.00000000000000e+00 2.02270760553160e-02
153 8.89291409761425e-01 1.00000000000000e+00 2.01293091017080e-02
154 7.88828662675149e-01 1.00000000000000e+00 2.01470072940751e-02
155 7.38874825067514e-01 1.00000000000000e+00 2.01356873234724e-02
156 6.88952072767585e-01 1.00000000000000e+00 2.01318101255653e-02
157 6.38960912371683e-01 1.00000000000000e+00 2.01481326198860e-02
158 5.88968644324958e-01 1.00000000000000e+00 2.01716067383679e-02
159 5.39074048058389e-01 1.00000000000000e+00 2.01665747322528e-02
160 4.89055404886723e-01 1.00000000000000e+00 2.01604169702737e-02
161 4.38944222896970e-01 1.00000000000000e+00 2.01902465069120e-02
162 3.89002699036113e-01 1.00000000000000e+00 2.01369178709608e-02
163 3.39053695990782e-01 1.00000000000000e+00 2.01739314795788e-02
164 2.89018948712807e-01 1.00000000000000e+00 2.01901449751239e-02
165 2.39019196340158e-01 1.00000000000000e+00 2.01769627464138e-02
166 1.89019318082768e-01 1.00000000000000e+00 2.01680597723112e-02
167 1.38868343659641e-01 1.00000000000000e+00 2.02112361773806e-02
168 8.86301377422125e-02 1.00000000000000e+00 2.04260754357869e-02
169 4.13037202771946e-02 1.00000000000000e+00 1.95162087736486e-02
170 4.85986579346552e-02 1.00000000000000e+00 4.20509192853055e-02
171 7.53126191447678e-01 1.00000000000000e+00 4.02437086391591e-02
172 4.51724634009435e-02 1.00000000000000e+00 6.42881680738097e-02
173 8.78506924195239e-01 1.00000000000000e+00 4.01954418777675e-02
174 6.78007762328817e-01 1.00000000000000e+00 4.02679675376482e-02
175 9.29280870704758e-01 1.00000000000000e+00 4.03559380487448e-02
176 8.28132175865704e-01 1.00000000000000e+00 4.01961088702394e-02
177 9.55443820695002e-01 1.00000000000000e+00 4.03597892622674e-02
178 7.02834914298519e-01 1.00000000000000e+00 4.03055000973775e-02
179 7.77833683533435e-01 1.00000000000000e+00 4.02877797762848e-02
180 6.03134410932620e-01 1.00000000000000e+00 4.03313383724657e-02
181 5.53168172794762e-01 1.00000000000000e+00 4.03603118028472e-02
182 5.03162177770746e-01 1.00000000000000e+00 4.03516616927131e-02
183 4.53120970580678e-01 1.00000000000000e+00 4.03229092799128e-02
184 4.02959454277052e-01 1.00000000000000e+00 4.03324904454726e-02
185 3.53366157845321e-01 1.00000000000000e+00 4.03017460747025e-02
186 3.03356714117962e-01 1.00000000000000e+00 4.03272005709395e-02
187 2.53148713429875e-01 1.00000000000000e+00 4.03647113044435e-02
188 2.03147612391679e-01 1.00000000000000e+00 4.03596184887001e-02
189 1.53144091644706e-01 1.00000000000000e+00 4.03219719561599e-02
190 1.02818406261239e-01 1.00000000000000e+00 4.04610772355322e-02
191 6.28201192430355e-01 1.00000000000000e+00 4.02905731110720e-02
192 9.03699238824465e-01 1.00000000000000e+00 4.02602315277595e-02
193 8.53232362699969e-01 1.00000000000000e+00 4.02188413145488e-02
194 9.45438139915457e-01 1.00000000000000e+00 6.03046584372167e-02
195 8.93730002600271e-01 1.00000000000000e+00 6.01788770531037e-02
196 8.43333876901859e-01 1.00000000000000e+00 6.01725449941952e-02
197 7.92850558394358e-01 1.00000000000000e+00 6.02984065740981e-02
198 7.43230205668547e-01 1.00000000000000e+00 6.02138424241869e-02
199 6.92962360492246e-01 1.00000000000000e+00 6.02761586986487e-02
200 6.43235379650535e-01 1.00000000000000e+00 6.02923494949280e-02
201 5.93003092706255e-01 1.00000000000000e+00 6.04096712619273e-02
202 5.42988180369468e-01 1.00000000000000e+00 6.04284584448970e-02
203 4.92978269681148e-01 1.00000000000000e+00 6.04090142559659e-02
204 4.42941906037704e-01 1.00000000000000e+00 6.03608546717244e-02
205 3.93076279926704e-01 1.00000000000000e+00 6.03062967747829e-02
206 3.43112944462759e-01 1.00000000000000e+00 6.03720707893299e-02
207 2.93036501009261e-01 1.00000000000000e+00 6.04091588134070e-02
208 2.42975238947884e-01 1.00000000000000e+00 6.04362039339571e-02
209 1.92980068907465e-01 1.00000000000000e+00 6.04180945753212e-02
210 1.42971752928093e-01 1.00000000000000e+00 6.03763335412470e-02
211 9.27990555767801e-02 1.00000000000000e+00 6.05958996407934e-02
212 6.77741457380839e-02 1.00000000000000e+00 6.12812630155959e-02
213 8.02985880875182e-01 1.00000000000000e+00 4.02366773060334e-02
214 7.28050252808840e-01 1.00000000000000e+00 4.02386284236215e-02
215 6.53301406295361e-01 1.00000000000000e+00 4.02307958160739e-02
216 5.78280392388584e-01 1.00000000000000e+00 4.03343707674691e-02
217 5.28303084446833e-01 1.00000000000000e+00 4.03280174967781e-02
218 4.78280376580960e-01 1.00000000000000e+00 4.03064580399388e-02
219 4.27826032084787e-01 1.00000000000000e+00 4.03680603495136e-02
220 3.78236684840813e-01 1.00000000000000e+00 4.02723158779278e-02
221 3.28236832339220e-01 1.00000000000000e+00 4.03426749429494e-02
222 2.78247028110236e-01 1.00000000000000e+00 4.03564432964835e-02
223 2.28277672884677e-01 1.00000000000000e+00 4.03384920727026e-02
224 1.78290108419752e-01 1.00000000000000e+00 4.03174219016515e-02
225 1.27847185031909e-01 1.00000000000000e+00 4.04019789019780e-02
226 7.69901924163957e-02 1.00000000000000e+00 4.09114101382620e-02
227 9.19127942618722e-01 1.00000000000000e+00 6.02248639857370e-02
228 8.68604489096563e-01 1.00000000000000e+00 6.01496390332992e-02
229 8.18065779973141e-01 1.00000000000000e+00 6.02480265401387e-02
230 7.68037855433774e-01 1.00000000000000e+00 6.02425907037141e-02
231 7.18037769087692e-01 1.00000000000000e+00 6.02629914912927e-02
232 6.68126240194233e-01 1.00000000000000e+00 6.02474893556467e-02
233 6.18064419724112e-01 1.00000000000000e+00 6.03470469339688e-02
234 5.68001738056420e-01 1.00000000000000e+00 6.03994379001033e-02
235 5.17999539570248e-01 1.00000000000000e+00 6.03938742634504e-02
236 4.67976898292315e-01 1.00000000000000e+00 6.03568773364866e-02
237 4.17914017373610e-01 1.00000000000000e+00 6.03229904825338e-02
238 3.68203221116894e-01 1.00000000000000e+00 6.03267724030949e-02
239 3.18063825452967e-01 1.00000000000000e+00 6.04023682671496e-02
240 2.67993083301249e-01 1.00000000000000e+00 6.04118180248004e-02
241 2.17989928896544e-01 1.00000000000000e+00 6.04026602724875e-02
242 1.67992965562590e-01 1.00000000000000e+00 6.03649001530942e-02
243 1.17955898064114e-01 1.00000000000000e+00 6.03840860201730e-02
1 203 83 2 44 
2 203 84 83 89 
3 203 85 84 90 
4 203 84 89 90 
5 203 1 85 91 
6 203 5 1 91 
7 203 85 90 91 
8 203 4 86 82 
9 203 86 87 92 
10 203 43 149 3 
11 203 44 45 93 
12 203 46 47 94 
13 203 48 49 95 
14 203 50 51 96 
15 203 52 53 97 
16 203 54 55 98 
17 203 56 57 99 
18 203 58 59 100 
19 203 60 61 101 
20 203 62 63 102 
21 203 64 65 103 
22 203 66 67 104 
23 203 68 69 105 
24 203 70 71 106 
25 203 72 73 107 
26 203 74 75 108 
27 203 76 77 109 
28 203 78 79 110 
29 203 80 81 111 
30 203 6 5 112 
31 203 5 91 112 
32 203 7 6 113 
33 203 6 112 113 
34 203 8 7 114 
35 203 7 113 114 
36 203 9 8 115 
37 203 8 114 115 
38 203 10 9 116 
39 203 9 115 116 
40 203 11 10 117 
41 203 10 116 117 
42 203 12 11 118 
43 203 11 117 118 
44 203 13 12 119 
45 203 12 118 119 
46 203 14 13 120 
47 203 13 119 120 
48 203 15 14 121 
49 203 14 120 121 
50 203 16 15 122 
51 203 15 121 122 
52 203 17 16 123 
53 203 16 122 123 
54 203 18 17 124 
55 203 17 123 124 
56 203 19 18 125 
57 203 18 124 125 
58 203 20 19 126 
59 203 19 125 126 
60 203 21 20 127 
61 203 20 126 127 
62 203 22 21 128 
63 203 21 127 128 
64 203 23 22 129 
65 203 22 128 129 
66 203 24 23 130 
67 203 23 129 130 
68 203 25 24 131 
69 203 24 130 131 
70 203 26 25 132 
71 203 25 131 132 
72 203 27 26 133 
73 203 26 132 133 
74 203 28 27 134 
75 203 27 133 134 
76 203 29 28 135 
77 203 28 134 135 
78 203 30 29 136 
79 203 29 135 136 
80 203 31 30 137 
81 203 30 136 137 
82 203 32 31 138 
83 203 31 137 138 
84 203 33 32 139 
85 203 32 138 139 
86 203 34 33 140 
87 203 33 139 140 
88 203 35 34 141 
89 203 34 140 141 
90 203 36 35 142 
91 203 35 141 142 
92 203 37 36 143 
93 203 36 142 143 
94 203 38 37 144 
95 203 37 143 144 
96 203 39 38 145 
97 203 38 144 145 
98 203 40 39 146 
99 203 39 145 146 
100 203 41 40 147 
101 203 40 146 147 
102 203 42 41 148 
103 203 41 147 148 
104 203 43 42 149 
105 203 88 3 149 
106 203 42 148 149 
107 203 82 86 92 
108 203 95 49 150 
109 203 49 50 150 
110 203 87 88 151 
111 203 88 149 151 
112 203 45 46 152 
113 203 47 48 153 
114 203 50 96 150 
115 203 87 151 92 
116 203 51 52 154 
117 203 53 54 155 
118 203 55 56 156 
119 203 57 58 157 
120 203 59 60 158 
121 203 61 62 159 
122 203 63 64 160 
123 203 65 66 161 
124 203 67 68 162 
125 203 69 70 163 
126 203 71 72 164 
127 203 73 74 165 
128 203 75 76 166 
129 203 77 78 167 
130 203 79 80 168 
131 203 81 82 169 
132 203 94 47 153 
133 203 156 56 99 
134 203 83 44 93 
135 203 96 51 154 
136 203 97 53 155 
137 203 98 55 156 
138 203 99 57 157 
139 203 100 59 158 
140 203 101 61 159 
141 203 102 63 160 
142 203 103 65 161 
143 203 104 67 162 
144 203 105 69 163 
145 203 106 71 164 
146 203 107 73 165 
147 203 108 75 166 
148 203 109 77 167 
149 203 110 79 168 
150 203 111 81 169 
151 203 157 58 100 
152 203 158 60 101 
153 203 159 62 102 
154 203 160 64 103 
155 203 161 66 104 
156 203 162 68 105 
157 203 163 70 106 
158 203 164 72 107 
159 203 165 74 108 
160 203 166 76 109 
161 203 167 78 110 
162 203 168 80 111 
163 203 45 152 93 
164 203 153 48 95 
165 203 152 46 94 
166 203 155 54 98 
167 203 154 52 97 
168 203 89 83 93 
169 203 92 151 170 
170 203 91 90 112 
171 203 97 155 171 
172 203 151 149 172 
173 203 149 148 172 
174 203 153 95 173 
175 203 156 99 174 
176 203 152 94 175 
177 203 150 96 176 
178 203 89 93 177 
179 203 98 156 178 
180 203 156 174 178 
181 203 154 97 179 
182 203 97 171 179 
183 203 100 158 180 
184 203 101 159 181 
185 203 102 160 182 
186 203 103 161 183 
187 203 104 162 184 
188 203 105 163 185 
189 203 106 164 186 
190 203 107 165 187 
191 203 108 166 188 
192 203 109 167 189 
193 203 110 168 190 
194 203 93 152 177 
195 203 157 100 191 
196 203 100 180 191 
197 203 82 92 169 
198 203 94 153 192 
199 203 153 173 192 
200 203 95 150 193 
201 203 150 176 193 
202 203 113 112 194 
203 203 115 114 195 
204 203 117 116 196 
205 203 119 118 197 
206 203 121 120 198 
207 203 123 122 199 
208 203 125 124 200 
209 203 127 126 201 
210 203 129 128 202 
211 203 131 130 203 
212 203 133 132 204 
213 203 135 134 205 
214 203 137 136 206 
215 203 139 138 207 
216 203 141 140 208 
217 203 143 142 209 
218 203 145 144 210 
219 203 147 146 211 
220 203 148 147 212 
221 203 172 148 212 
222 203 147 211 212 
223 203 96 154 213 
224 203 176 96 213 
225 203 154 179 213 
226 203 90 89 177 
227 203 169 92 170 
228 203 112 90 194 
229 203 170 151 172 
230 203 173 95 193 
231 203 175 94 192 
232 203 155 98 214 
233 203 152 175 177 
234 203 169 170 111 
235 203 98 178 214 
236 203 99 157 215 
237 203 158 101 216 
238 203 159 102 217 
239 203 160 103 218 
240 203 161 104 219 
241 203 162 105 220 
242 203 163 106 221 
243 203 164 107 222 
244 203 165 108 223 
245 203 166 109 224 
246 203 167 110 225 
247 203 111 170 226 
248 203 168 111 226 
249 203 172 212 170 
250 203 114 113 227 
251 203 116 115 228 
252 203 118 117 229 
253 203 120 119 230 
254 203 122 121 231 
255 203 124 123 232 
256 203 126 125 233 
257 203 128 127 234 
258 203 130 129 235 
259 203 132 131 236 
260 203 134 133 237 
261 203 136 135 238 
262 203 138 137 239 
263 203 140 139 240 
264 203 142 141 241 
265 203 144 143 242 
266 203 146 145 243 
267 203 225 110 190 
268 203 229 117 196 
269 203 224 109 189 
270 203 222 107 187 
271 203 211 146 243 
272 203 210 144 242 
273 203 209 142 241 
274 203 208 140 240 
275 203 207 138 239 
276 203 206 136 238 
277 203 205 134 237 
278 203 204 132 236 
279 203 203 130 235 
280 203 202 128 234 
281 203 201 126 233 
282 203 200 124 232 
283 203 199 122 231 
284 203 198 120 230 
285 203 197 118 229 
286 203 221 106 186 
287 203 196 116 228 
288 203 190 168 226 
289 203 189 167 225 
290 203 188 166 224 
291 203 187 165 223 
292 203 186 164 222 
293 203 185 163 221 
294 203 184 162 220 
295 203 183 161 219 
296 203 182 160 218 
297 203 181 159 217 
298 203 155 214 171 
299 203 231 121 198 
300 203 232 123 199 
301 203 233 125 200 
302 203 234 127 201 
303 203 235 129 202 
304 203 236 131 203 
305 203 237 133 204 
306 203 238 135 205 
307 203 239 137 206 
308 203 240 139 207 
309 203 241 141 208 
310 203 242 143 209 
311 203 243 145 210 
312 203 219 104 184 
313 203 220 105 185 
314 203 223 108 188 
315 203 218 103 183 
316 203 99 215 174 
317 203 217 102 182 
318 203 216 101 181 
319 203 215 157 191 
320 203 158 216 180 
321 203 228 115 195 
322 203 227 113 194 
323 203 114 227 195 
324 203 230 119 197 
325 203 231 198 214 
326 203 180 216 201 
327 203 173 193 228 
328 203 90 177 194 
329 203 177 175 194 
330 203 195 227 192 
331 203 217 182 235 
332 203 179 171 230 
333 203 228 195 173 
334 203 194 175 227 
335 203 215 191 200 
336 203 171 214 198 
337 203 216 181 234 
338 203 181 217 202 
339 203 174 215 232 
340 203 182 218 203 
341 203 220 185 238 
342 203 183 219 204 
343 203 223 188 241 
344 203 184 220 205 
345 203 196 228 193 
346 203 185 221 206 
347 203 211 243 190 
348 203 186 222 207 
349 203 218 183 236 
350 203 187 223 208 
351 203 222 187 240 
352 203 188 224 209 
353 203 229 196 176 
354 203 189 225 210 
355 203 230 171 198 
356 203 185 206 238 
357 203 214 178 231 
358 203 191 180 233 
359 203 230 197 179 
360 203 192 173 195 
361 203 193 176 196 
362 203 201 216 234 
363 203 215 200 232 
364 203 190 226 211 
365 203 224 189 242 
366 203 221 186 239 
367 203 191 233 200 
368 203 197 229 213 
369 203 232 199 174 
370 203 199 231 178 
371 203 239 186 207 
372 203 235 202 217 
373 203 201 233 180 
374 203 236 203 218 
375 203 202 234 181 
376 203 237 204 219 
377 203 203 235 182 
378 203 238 205 220 
379 203 204 236 183 
380 203 239 206 221 
381 203 205 237 184 
382 203 240 207 222 
383 203 241 208 223 
384 203 242 209 224 
385 203 208 240 187 
386 203 243 210 225 
387 203 209 241 188 
388 203 219 184 237 
389 203 210 242 189 
390 203 225 190 243 
391 203 175 192 227 
392 203 178 174 199 
393 203 229 176 213 
394 203 179 197 213 
395 203 211 226 212 
396 203 226 170 212 
