501 500
1 5.00000000000000e-02 1.75000000000000e+00 0.00000000000000e+00
2 5.00000000000000e-02 1.30000000000000e+00 0.00000000000000e+00
3 3.80000000000000e-01 1.05000000000000e+00 0.00000000000000e+00
4 3.80000000000000e-01 7.00000000000000e-01 0.00000000000000e+00
5 5.00000000000000e-02 4.50000000000000e-01 0.00000000000000e+00
6 5.00000000000000e-02 5.00000000000000e-02 0.00000000000000e+00
7 9.50000000000000e-01 5.00000000000000e-02 0.00000000000000e+00
8 9.50000000000000e-01 4.50000000000000e-01 0.00000000000000e+00
9 6.10000000000000e-01 7.00000000000000e-01 0.00000000000000e+00
10 6.10000000000000e-01 1.05000000000000e+00 0.00000000000000e+00
11 9.50000000000000e-01 1.30000000000000e+00 0.00000000000000e+00
12 9.50000000000000e-01 1.75000000000000e+00 0.00000000000000e+00
13 5.00000000000000e-02 1.74000000000000e+00 0.00000000000000e+00
14 5.00000000000000e-02 1.73000000000000e+00 0.00000000000000e+00
15 5.00000000000000e-02 1.72000000000000e+00 0.00000000000000e+00
16 5.00000000000000e-02 1.71000000000000e+00 0.00000000000000e+00
17 5.00000000000000e-02 1.70000000000000e+00 0.00000000000000e+00
18 5.00000000000000e-02 1.69000000000000e+00 0.00000000000000e+00
19 5.00000000000000e-02 1.68000000000000e+00 0.00000000000000e+00
20 5.00000000000000e-02 1.67000000000000e+00 0.00000000000000e+00
21 5.00000000000000e-02 1.66000000000000e+00 0.00000000000000e+00
22 5.00000000000000e-02 1.65000000000000e+00 0.00000000000000e+00
23 5.00000000000000e-02 1.64000000000000e+00 0.00000000000000e+00
24 5.00000000000000e-02 1.63000000000000e+00 0.00000000000000e+00
25 5.00000000000000e-02 1.62000000000000e+00 0.00000000000000e+00
26 5.00000000000000e-02 1.61000000000000e+00 0.00000000000000e+00
27 5.00000000000000e-02 1.60000000000000e+00 0.00000000000000e+00
28 5.00000000000000e-02 1.59000000000000e+00 0.00000000000000e+00
29 5.00000000000000e-02 1.58000000000000e+00 0.00000000000000e+00
30 5.00000000000000e-02 1.57000000000000e+00 0.00000000000000e+00
31 5.00000000000000e-02 1.56000000000000e+00 0.00000000000000e+00
32 5.00000000000000e-02 1.55000000000000e+00 0.00000000000000e+00
33 5.00000000000000e-02 1.54000000000000e+00 0.00000000000000e+00
34 5.00000000000000e-02 1.53000000000000e+00 0.00000000000000e+00
35 5.00000000000000e-02 1.52000000000000e+00 0.00000000000000e+00
36 5.00000000000000e-02 1.51000000000000e+00 0.00000000000000e+00
37 5.00000000000000e-02 1.50000000000000e+00 0.00000000000000e+00
38 5.00000000000000e-02 1.49000000000000e+00 0.00000000000000e+00
39 5.00000000000000e-02 1.48000000000000e+00 0.00000000000000e+00
40 5.00000000000000e-02 1.47000000000000e+00 0.00000000000000e+00
41 5.00000000000000e-02 1.46000000000000e+00 0.00000000000000e+00
42 5.00000000000000e-02 1.45000000000000e+00 0.00000000000000e+00
43 5.00000000000000e-02 1.44000000000000e+00 0.00000000000000e+00
44 5.00000000000000e-02 1.43000000000000e+00 0.00000000000000e+00
45 5.00000000000000e-02 1.42000000000000e+00 0.00000000000000e+00
46 5.00000000000000e-02 1.41000000000000e+00 0.00000000000000e+00
47 5.00000000000000e-02 1.40000000000000e+00 0.00000000000000e+00
48 5.00000000000000e-02 1.39000000000000e+00 0.00000000000000e+00
49 5.00000000000000e-02 1.38000000000000e+00 0.00000000000000e+00
50 5.00000000000000e-02 1.37000000000000e+00 0.00000000000000e+00
51 5.00000000000000e-02 1.36000000000000e+00 0.00000000000000e+00
52 5.00000000000000e-02 1.35000000000000e+00 0.00000000000000e+00
53 5.00000000000000e-02 1.34000000000000e+00 0.00000000000000e+00
54 5.00000000000000e-02 1.33000000000000e+00 0.00000000000000e+00
55 5.00000000000000e-02 1.32000000000000e+00 0.00000000000000e+00
56 5.00000000000000e-02 1.31000000000000e+00 0.00000000000000e+00
57 5.78571428571429e-02 1.29404761904762e+00 0.00000000000000e+00
58 6.57142857142857e-02 1.28809523809524e+00 0.00000000000000e+00
59 7.35714285714286e-02 1.28214285714286e+00 0.00000000000000e+00
60 8.14285714285714e-02 1.27619047619048e+00 0.00000000000000e+00
61 8.92857142857143e-02 1.27023809523810e+00 0.00000000000000e+00
62 9.71428571428571e-02 1.26428571428571e+00 0.00000000000000e+00
63 1.05000000000000e-01 1.25833333333333e+00 0.00000000000000e+00
64 1.12857142857143e-01 1.25238095238095e+00 0.00000000000000e+00
65 1.20714285714286e-01 1.24642857142857e+00 0.00000000000000e+00
66 1.28571428571429e-01 1.24047619047619e+00 0.00000000000000e+00
67 1.36428571428571e-01 1.23452380952381e+00 0.00000000000000e+00
68 1.44285714285714e-01 1.22857142857143e+00 0.00000000000000e+00
69 1.52142857142857e-01 1.22261904761905e+00 0.00000000000000e+00
70 1.60000000000000e-01 1.21666666666667e+00 0.00000000000000e+00
71 1.67857142857143e-01 1.21071428571429e+00 0.00000000000000e+00
72 1.75714285714286e-01 1.20476190476190e+00 0.00000000000000e+00
73 1.83571428571429e-01 1.19880952380952e+00 0.00000000000000e+00
74 1.91428571428571e-01 1.19285714285714e+00 0.00000000000000e+00
75 1.99285714285714e-01 1.18690476190476e+00 0.00000000000000e+00
76 2.07142857142857e-01 1.18095238095238e+00 0.00000000000000e+00
77 2.15000000000000e-01 1.17500000000000e+00 0.00000000000000e+00
78 2.22857142857143e-01 1.16904761904762e+00 0.00000000000000e+00
79 2.30714285714286e-01 1.16309523809524e+00 0.00000000000000e+00
80 2.38571428571429e-01 1.15714285714286e+00 0.00000000000000e+00
81 2.46428571428571e-01 1.15119047619048e+00 0.00000000000000e+00
82 2.54285714285714e-01 1.14523809523810e+00 0.00000000000000e+00
83 2.62142857142857e-01 1.13928571428571e+00 0.00000000000000e+00
84 2.70000000000000e-01 1.13333333333333e+00 0.00000000000000e+00
85 2.77857142857143e-01 1.12738095238095e+00 0.00000000000000e+00
86 2.85714285714286e-01 1.12142857142857e+00 0.00000000000000e+00
87 2.93571428571428e-01 1.11547619047619e+00 0.00000000000000e+00
88 3.01428571428571e-01 1.10952380952381e+00 0.00000000000000e+00
89 3.09285714285714e-01 1.10357142857143e+00 0.00000000000000e+00
90 3.17142857142857e-01 1.09761904761905e+00 0.00000000000000e+00
91 3.25000000000000e-01 1.09166666666667e+00 0.00000000000000e+00
92 3.32857142857143e-01 1.08571428571429e+00 0.00000000000000e+00
93 3.40714285714286e-01 1.07976190476190e+00 0.00000000000000e+00
94 3.48571428571428e-01 1.07380952380952e+00 0.00000000000000e+00
95 3.56428571428571e-01 1.06785714285714e+00 0.00000000000000e+00
96 3.64285714285714e-01 1.06190476190476e+00 0.00000000000000e+00
97 3.72142857142857e-01 1.05595238095238e+00 0.00000000000000e+00
98 3.80000000000000e-01 1.04000000000000e+00 0.00000000000000e+00
99 3.80000000000000e-01 1.03000000000000e+00 0.00000000000000e+00
100 3.80000000000000e-01 1.02000000000000e+00 0.00000000000000e+00
101 3.80000000000000e-01 1.01000000000000e+00 0.00000000000000e+00
102 3.80000000000000e-01 1.00000000000000e+00 0.00000000000000e+00
103 3.80000000000000e-01 9.90000000000000e-01 0.00000000000000e+00
104 3.80000000000000e-01 9.80000000000000e-01 0.00000000000000e+00
105 3.80000000000000e-01 9.70000000000000e-01 0.00000000000000e+00
106 3.80000000000000e-01 9.60000000000000e-01 0.00000000000000e+00
107 3.80000000000000e-01 9.50000000000000e-01 0.00000000000000e+00
108 3.80000000000000e-01 9.40000000000000e-01 0.00000000000000e+00
109 3.80000000000000e-01 9.30000000000000e-01 0.00000000000000e+00
110 3.80000000000000e-01 9.20000000000000e-01 0.00000000000000e+00
111 3.80000000000000e-01 9.10000000000000e-01 0.00000000000000e+00
112 3.80000000000000e-01 9.00000000000000e-01 0.00000000000000e+00
113 3.80000000000000e-01 8.90000000000000e-01 0.00000000000000e+00
114 3.80000000000000e-01 8.80000000000000e-01 0.00000000000000e+00
115 3.80000000000000e-01 8.70000000000000e-01 0.00000000000000e+00
116 3.80000000000000e-01 8.60000000000000e-01 0.00000000000000e+00
117 3.80000000000000e-01 8.50000000000000e-01 0.00000000000000e+00
118 3.80000000000000e-01 8.40000000000000e-01 0.00000000000000e+00
119 3.80000000000000e-01 8.30000000000000e-01 0.00000000000000e+00
120 3.80000000000000e-01 8.20000000000000e-01 0.00000000000000e+00
121 3.80000000000000e-01 8.10000000000000e-01 0.00000000000000e+00
122 3.80000000000000e-01 8.00000000000000e-01 0.00000000000000e+00
123 3.80000000000000e-01 7.90000000000000e-01 0.00000000000000e+00
124 3.80000000000000e-01 7.80000000000000e-01 0.00000000000000e+00
125 3.80000000000000e-01 7.70000000000000e-01 0.00000000000000e+00
126 3.80000000000000e-01 7.60000000000000e-01 0.00000000000000e+00
127 3.80000000000000e-01 7.50000000000000e-01 0.00000000000000e+00
128 3.80000000000000e-01 7.40000000000000e-01 0.00000000000000e+00
129 3.80000000000000e-01 7.30000000000000e-01 0.00000000000000e+00
130 3.80000000000000e-01 7.20000000000000e-01 0.00000000000000e+00
131 3.80000000000000e-01 7.10000000000000e-01 0.00000000000000e+00
132 3.72142857142857e-01 6.94047619047619e-01 0.00000000000000e+00
133 3.64285714285714e-01 6.88095238095238e-01 0.00000000000000e+00
134 3.56428571428571e-01 6.82142857142857e-01 0.00000000000000e+00
135 3.48571428571429e-01 6.76190476190476e-01 0.00000000000000e+00
136 3.40714285714286e-01 6.70238095238095e-01 0.00000000000000e+00
137 3.32857142857143e-01 6.64285714285714e-01 0.00000000000000e+00
138 3.25000000000000e-01 6.58333333333333e-01 0.00000000000000e+00
139 3.17142857142857e-01 6.52380952380952e-01 0.00000000000000e+00
140 3.09285714285714e-01 6.46428571428571e-01 0.00000000000000e+00
141 3.01428571428571e-01 6.40476190476190e-01 0.00000000000000e+00
142 2.93571428571429e-01 6.34523809523809e-01 0.00000000000000e+00
143 2.85714285714286e-01 6.28571428571429e-01 0.00000000000000e+00
144 2.77857142857143e-01 6.22619047619048e-01 0.00000000000000e+00
145 2.70000000000000e-01 6.16666666666667e-01 0.00000000000000e+00
146 2.62142857142857e-01 6.10714285714286e-01 0.00000000000000e+00
147 2.54285714285714e-01 6.04761904761905e-01 0.00000000000000e+00
148 2.46428571428571e-01 5.98809523809524e-01 0.00000000000000e+00
149 2.38571428571429e-01 5.92857142857143e-01 0.00000000000000e+00
150 2.30714285714286e-01 5.86904761904762e-01 0.00000000000000e+00
151 2.22857142857143e-01 5.80952380952381e-01 0.00000000000000e+00
152 2.15000000000000e-01 5.75000000000000e-01 0.00000000000000e+00
153 2.07142857142857e-01 5.69047619047619e-01 0.00000000000000e+00
154 1.99285714285714e-01 5.63095238095238e-01 0.00000000000000e+00
155 1.91428571428571e-01 5.57142857142857e-01 0.00000000000000e+00
156 1.83571428571429e-01 5.51190476190476e-01 0.00000000000000e+00
157 1.75714285714286e-01 5.45238095238095e-01 0.00000000000000e+00
158 1.67857142857143e-01 5.39285714285714e-01 0.00000000000000e+00
159 1.60000000000000e-01 5.33333333333333e-01 0.00000000000000e+00
160 1.52142857142857e-01 5.27380952380952e-01 0.00000000000000e+00
161 1.44285714285714e-01 5.21428571428571e-01 0.00000000000000e+00
162 1.36428571428572e-01 5.15476190476191e-01 0.00000000000000e+00
163 1.28571428571429e-01 5.09523809523810e-01 0.00000000000000e+00
164 1.20714285714286e-01 5.03571428571429e-01 0.00000000000000e+00
165 1.12857142857143e-01 4.97619047619048e-01 0.00000000000000e+00
166 1.05000000000000e-01 4.91666666666667e-01 0.00000000000000e+00
167 9.71428571428573e-02 4.85714285714286e-01 0.00000000000000e+00
168 8.92857142857144e-02 4.79761904761905e-01 0.00000000000000e+00
169 8.14285714285715e-02 4.73809523809524e-01 0.00000000000000e+00
170 7.35714285714287e-02 4.67857142857143e-01 0.00000000000000e+00
171 6.57142857142858e-02 4.61904761904762e-01 0.00000000000000e+00
172 5.78571428571430e-02 4.55952380952381e-01 0.00000000000000e+00
173 5.00000000000000e-02 4.40000000000000e-01 0.00000000000000e+00
174 5.00000000000000e-02 4.30000000000000e-01 0.00000000000000e+00
175 5.00000000000000e-02 4.20000000000000e-01 0.00000000000000e+00
176 5.00000000000000e-02 4.10000000000000e-01 0.00000000000000e+00
177 5.00000000000000e-02 4.00000000000000e-01 0.00000000000000e+00
178 5.00000000000000e-02 3.90000000000000e-01 0.00000000000000e+00
179 5.00000000000000e-02 3.80000000000000e-01 0.00000000000000e+00
180 5.00000000000000e-02 3.70000000000000e-01 0.00000000000000e+00
181 5.00000000000000e-02 3.60000000000000e-01 0.00000000000000e+00
182 5.00000000000000e-02 3.50000000000000e-01 0.00000000000000e+00
183 5.00000000000000e-02 3.40000000000000e-01 0.00000000000000e+00
184 5.00000000000000e-02 3.30000000000000e-01 0.00000000000000e+00
185 5.00000000000000e-02 3.20000000000000e-01 0.00000000000000e+00
186 5.00000000000000e-02 3.10000000000000e-01 0.00000000000000e+00
187 5.00000000000000e-02 3.00000000000000e-01 0.00000000000000e+00
188 5.00000000000000e-02 2.90000000000000e-01 0.00000000000000e+00
189 5.00000000000000e-02 2.80000000000000e-01 0.00000000000000e+00
190 5.00000000000000e-02 2.70000000000000e-01 0.00000000000000e+00
191 5.00000000000000e-02 2.60000000000000e-01 0.00000000000000e+00
192 5.00000000000000e-02 2.50000000000000e-01 0.00000000000000e+00
193 5.00000000000000e-02 2.40000000000000e-01 0.00000000000000e+00
194 5.00000000000000e-02 2.30000000000000e-01 0.00000000000000e+00
195 5.00000000000000e-02 2.20000000000000e-01 0.00000000000000e+00
196 5.00000000000000e-02 2.10000000000000e-01 0.00000000000000e+00
197 5.00000000000000e-02 2.00000000000000e-01 0.00000000000000e+00
198 5.00000000000000e-02 1.90000000000000e-01 0.00000000000000e+00
199 5.00000000000000e-02 1.80000000000000e-01 0.00000000000000e+00
200 5.00000000000000e-02 1.70000000000000e-01 0.00000000000000e+00
201 5.00000000000000e-02 1.60000000000000e-01 0.00000000000000e+00
202 5.00000000000000e-02 1.50000000000000e-01 0.00000000000000e+00
203 5.00000000000000e-02 1.40000000000000e-01 0.00000000000000e+00
204 5.00000000000000e-02 1.30000000000000e-01 0.00000000000000e+00
205 5.00000000000000e-02 1.20000000000000e-01 0.00000000000000e+00
206 5.00000000000000e-02 1.10000000000000e-01 0.00000000000000e+00
207 5.00000000000000e-02 9.99999999999999e-02 0.00000000000000e+00
208 5.00000000000000e-02 8.99999999999999e-02 0.00000000000000e+00
209 5.00000000000000e-02 7.99999999999998e-02 0.00000000000000e+00
210 5.00000000000000e-02 6.99999999999998e-02 0.00000000000000e+00
211 5.00000000000000e-02 5.99999999999998e-02 0.00000000000000e+00
212 6.00000000000000e-02 5.00000000000000e-02 0.00000000000000e+00
213 7.00000000000000e-02 5.00000000000000e-02 0.00000000000000e+00
214 8.00000000000000e-02 5.00000000000000e-02 0.00000000000000e+00
215 9.00000000000000e-02 5.00000000000000e-02 0.00000000000000e+00
216 1.00000000000000e-01 5.00000000000000e-02 0.00000000000000e+00
217 1.10000000000000e-01 5.00000000000000e-02 0.00000000000000e+00
218 1.20000000000000e-01 5.00000000000000e-02 0.00000000000000e+00
219 1.30000000000000e-01 5.00000000000000e-02 0.00000000000000e+00
220 1.40000000000000e-01 5.00000000000000e-02 0.00000000000000e+00
221 1.50000000000000e-01 5.00000000000000e-02 0.00000000000000e+00
222 1.60000000000000e-01 5.00000000000000e-02 0.00000000000000e+00
223 1.70000000000000e-01 5.00000000000000e-02 0.00000000000000e+00
224 1.80000000000000e-01 5.00000000000000e-02 0.00000000000000e+00
225 1.90000000000000e-01 5.00000000000000e-02 0.00000000000000e+00
226 2.00000000000000e-01 5.00000000000000e-02 0.00000000000000e+00
227 2.10000000000000e-01 5.00000000000000e-02 0.00000000000000e+00
228 2.20000000000000e-01 5.00000000000000e-02 0.00000000000000e+00
229 2.30000000000000e-01 5.00000000000000e-02 0.00000000000000e+00
230 2.40000000000000e-01 5.00000000000000e-02 0.00000000000000e+00
231 2.50000000000000e-01 5.00000000000000e-02 0.00000000000000e+00
232 2.60000000000000e-01 5.00000000000000e-02 0.00000000000000e+00
233 2.70000000000000e-01 5.00000000000000e-02 0.00000000000000e+00
234 2.80000000000000e-01 5.00000000000000e-02 0.00000000000000e+00
235 2.90000000000000e-01 5.00000000000000e-02 0.00000000000000e+00
236 3.00000000000000e-01 5.00000000000000e-02 0.00000000000000e+00
237 3.10000000000000e-01 5.00000000000000e-02 0.00000000000000e+00
238 3.20000000000000e-01 5.00000000000000e-02 0.00000000000000e+00
239 3.30000000000000e-01 5.00000000000000e-02 0.00000000000000e+00
240 3.40000000000000e-01 5.00000000000000e-02 0.00000000000000e+00
241 3.50000000000000e-01 5.00000000000000e-02 0.00000000000000e+00
242 3.60000000000000e-01 5.00000000000000e-02 0.00000000000000e+00
243 3.70000000000000e-01 5.00000000000000e-02 0.00000000000000e+00
244 3.80000000000000e-01 5.00000000000000e-02 0.00000000000000e+00
245 3.90000000000000e-01 5.00000000000000e-02 0.00000000000000e+00
246 4.00000000000000e-01 5.00000000000000e-02 0.00000000000000e+00
247 4.10000000000000e-01 5.00000000000000e-02 0.00000000000000e+00
248 4.20000000000000e-01 5.00000000000000e-02 0.00000000000000e+00
249 4.30000000000000e-01 5.00000000000000e-02 0.00000000000000e+00
250 4.40000000000000e-01 5.00000000000000e-02 0.00000000000000e+00
251 4.50000000000000e-01 5.00000000000000e-02 0.00000000000000e+00
252 4.60000000000000e-01 5.00000000000000e-02 0.00000000000000e+00
253 4.70000000000000e-01 5.00000000000000e-02 0.00000000000000e+00
254 4.80000000000000e-01 5.00000000000000e-02 0.00000000000000e+00
255 4.90000000000000e-01 5.00000000000000e-02 0.00000000000000e+00
256 5.00000000000000e-01 5.00000000000000e-02 0.00000000000000e+00
257 5.10000000000000e-01 5.00000000000000e-02 0.00000000000000e+00
258 5.20000000000000e-01 5.00000000000000e-02 0.00000000000000e+00
259 5.30000000000000e-01 5.00000000000000e-02 0.00000000000000e+00
260 5.40000000000000e-01 5.00000000000000e-02 0.00000000000000e+00
261 5.50000000000000e-01 5.00000000000000e-02 0.00000000000000e+00
262 5.60000000000000e-01 5.00000000000000e-02 0.00000000000000e+00
263 5.70000000000000e-01 5.00000000000000e-02 0.00000000000000e+00
264 5.80000000000000e-01 5.00000000000000e-02 0.00000000000000e+00
265 5.90000000000000e-01 5.00000000000000e-02 0.00000000000000e+00
266 6.00000000000000e-01 5.00000000000000e-02 0.00000000000000e+00
267 6.10000000000000e-01 5.00000000000000e-02 0.00000000000000e+00
268 6.20000000000000e-01 5.00000000000000e-02 0.00000000000000e+00
269 6.30000000000000e-01 5.00000000000000e-02 0.00000000000000e+00
270 6.40000000000000e-01 5.00000000000000e-02 0.00000000000000e+00
271 6.50000000000000e-01 5.00000000000000e-02 0.00000000000000e+00
272 6.60000000000000e-01 5.00000000000000e-02 0.00000000000000e+00
273 6.70000000000000e-01 5.00000000000000e-02 0.00000000000000e+00
274 6.80000000000000e-01 5.00000000000000e-02 0.00000000000000e+00
275 6.90000000000000e-01 5.00000000000000e-02 0.00000000000000e+00
276 7.00000000000000e-01 5.00000000000000e-02 0.00000000000000e+00
277 7.10000000000000e-01 5.00000000000000e-02 0.00000000000000e+00
278 7.20000000000000e-01 5.00000000000000e-02 0.00000000000000e+00
279 7.30000000000000e-01 5.00000000000000e-02 0.00000000000000e+00
280 7.40000000000000e-01 5.00000000000000e-02 0.00000000000000e+00
281 7.50000000000000e-01 5.00000000000000e-02 0.00000000000000e+00
282 7.60000000000000e-01 5.00000000000000e-02 0.00000000000000e+00
283 7.70000000000000e-01 5.00000000000000e-02 0.00000000000000e+00
284 7.80000000000000e-01 5.00000000000000e-02 0.00000000000000e+00
285 7.90000000000000e-01 5.00000000000000e-02 0.00000000000000e+00
286 8.00000000000000e-01 5.00000000000000e-02 0.00000000000000e+00
287 8.10000000000000e-01 5.00000000000000e-02 0.00000000000000e+00
288 8.20000000000001e-01 5.00000000000000e-02 0.00000000000000e+00
289 8.30000000000001e-01 5.00000000000000e-02 0.00000000000000e+00
290 8.40000000000001e-01 5.00000000000000e-02 0.00000000000000e+00
291 8.50000000000001e-01 5.00000000000000e-02 0.00000000000000e+00
292 8.60000000000001e-01 5.00000000000000e-02 0.00000000000000e+00
293 8.70000000000001e-01 5.00000000000000e-02 0.00000000000000e+00
294 8.80000000000001e-01 5.00000000000000e-02 0.00000000000000e+00
295 8.90000000000001e-01 5.00000000000000e-02 0.00000000000000e+00
296 9.00000000000001e-01 5.00000000000000e-02 0.00000000000000e+00
297 9.10000000000001e-01 5.00000000000000e-02 0.00000000000000e+00
298 9.20000000000001e-01 5.00000000000000e-02 0.00000000000000e+00
299 9.30000000000001e-01 5.00000000000000e-02 0.00000000000000e+00
300 9.40000000000001e-01 5.00000000000000e-02 0.00000000000000e+00
301 9.50000000000000e-01 6.00000000000000e-02 0.00000000000000e+00
302 9.50000000000000e-01 7.00000000000000e-02 0.00000000000000e+00
303 9.50000000000000e-01 8.00000000000000e-02 0.00000000000000e+00
304 9.50000000000000e-01 9.00000000000000e-02 0.00000000000000e+00
305 9.50000000000000e-01 1.00000000000000e-01 0.00000000000000e+00
306 9.50000000000000e-01 1.10000000000000e-01 0.00000000000000e+00
307 9.50000000000000e-01 1.20000000000000e-01 0.00000000000000e+00
308 9.50000000000000e-01 1.30000000000000e-01 0.00000000000000e+00
309 9.50000000000000e-01 1.40000000000000e-01 0.00000000000000e+00
310 9.50000000000000e-01 1.50000000000000e-01 0.00000000000000e+00
311 9.50000000000000e-01 1.60000000000000e-01 0.00000000000000e+00
312 9.50000000000000e-01 1.70000000000000e-01 0.00000000000000e+00
313 9.50000000000000e-01 1.80000000000000e-01 0.00000000000000e+00
314 9.50000000000000e-01 1.90000000000000e-01 0.00000000000000e+00
315 9.50000000000000e-01 2.00000000000000e-01 0.00000000000000e+00
316 9.50000000000000e-01 2.10000000000000e-01 0.00000000000000e+00
317 9.50000000000000e-01 2.20000000000000e-01 0.00000000000000e+00
318 9.50000000000000e-01 2.30000000000000e-01 0.00000000000000e+00
319 9.50000000000000e-01 2.40000000000000e-01 0.00000000000000e+00
320 9.50000000000000e-01 2.50000000000000e-01 0.00000000000000e+00
321 9.50000000000000e-01 2.60000000000000e-01 0.00000000000000e+00
322 9.50000000000000e-01 2.70000000000000e-01 0.00000000000000e+00
323 9.50000000000000e-01 2.80000000000000e-01 0.00000000000000e+00
324 9.50000000000000e-01 2.90000000000000e-01 0.00000000000000e+00
325 9.50000000000000e-01 3.00000000000000e-01 0.00000000000000e+00
326 9.50000000000000e-01 3.10000000000000e-01 0.00000000000000e+00
327 9.50000000000000e-01 3.20000000000000e-01 0.00000000000000e+00
328 9.50000000000000e-01 3.30000000000000e-01 0.00000000000000e+00
329 9.50000000000000e-01 3.40000000000000e-01 0.00000000000000e+00
330 9.50000000000000e-01 3.50000000000000e-01 0.00000000000000e+00
331 9.50000000000000e-01 3.60000000000000e-01 0.00000000000000e+00
332 9.50000000000000e-01 3.70000000000000e-01 0.00000000000000e+00
333 9.50000000000000e-01 3.80000000000000e-01 0.00000000000000e+00
334 9.50000000000000e-01 3.90000000000000e-01 0.00000000000000e+00
335 9.50000000000000e-01 4.00000000000000e-01 0.00000000000000e+00
336 9.50000000000000e-01 4.10000000000000e-01 0.00000000000000e+00
337 9.50000000000000e-01 4.20000000000000e-01 0.00000000000000e+00
338 9.50000000000000e-01 4.30000000000000e-01 0.00000000000000e+00
339 9.50000000000000e-01 4.40000000000000e-01 0.00000000000000e+00
340 9.42093023255814e-01 4.55813953488372e-01 0.00000000000000e+00
341 9.34186046511628e-01 4.61627906976744e-01 0.00000000000000e+00
342 9.26279069767442e-01 4.67441860465116e-01 0.00000000000000e+00
343 9.18372093023256e-01 4.73255813953488e-01 0.00000000000000e+00
344 9.10465116279070e-01 4.79069767441860e-01 0.00000000000000e+00
345 9.02558139534884e-01 4.84883720930233e-01 0.00000000000000e+00
346 8.94651162790698e-01 4.90697674418605e-01 0.00000000000000e+00
347 8.86744186046512e-01 4.96511627906977e-01 0.00000000000000e+00
348 8.78837209302326e-01 5.02325581395349e-01 0.00000000000000e+00
349 8.70930232558140e-01 5.08139534883721e-01 0.00000000000000e+00
350 8.63023255813953e-01 5.13953488372093e-01 0.00000000000000e+00
351 8.55116279069767e-01 5.19767441860465e-01 0.00000000000000e+00
352 8.47209302325581e-01 5.25581395348837e-01 0.00000000000000e+00
353 8.39302325581395e-01 5.31395348837209e-01 0.00000000000000e+00
354 8.31395348837209e-01 5.37209302325581e-01 0.00000000000000e+00
355 8.23488372093023e-01 5.43023255813953e-01 0.00000000000000e+00
356 8.15581395348837e-01 5.48837209302326e-01 0.00000000000000e+00
357 8.07674418604651e-01 5.54651162790698e-01 0.00000000000000e+00
358 7.99767441860465e-01 5.60465116279070e-01 0.00000000000000e+00
359 7.91860465116279e-01 5.66279069767442e-01 0.00000000000000e+00
360 7.83953488372093e-01 5.72093023255814e-01 0.00000000000000e+00
361 7.76046511627907e-01 5.77906976744186e-01 0.00000000000000e+00
362 7.68139534883721e-01 5.83720930232558e-01 0.00000000000000e+00
363 7.60232558139535e-01 5.89534883720930e-01 0.00000000000000e+00
364 7.52325581395349e-01 5.95348837209302e-01 0.00000000000000e+00
365 7.44418604651163e-01 6.01162790697675e-01 0.00000000000000e+00
366 7.36511627906977e-01 6.06976744186047e-01 0.00000000000000e+00
367 7.28604651162791e-01 6.12790697674419e-01 0.00000000000000e+00
368 7.20697674418605e-01 6.18604651162791e-01 0.00000000000000e+00
369 7.12790697674418e-01 6.24418604651163e-01 0.00000000000000e+00
370 7.04883720930232e-01 6.30232558139535e-01 0.00000000000000e+00
371 6.96976744186046e-01 6.36046511627907e-01 0.00000000000000e+00
372 6.89069767441860e-01 6.41860465116279e-01 0.00000000000000e+00
373 6.81162790697674e-01 6.47674418604651e-01 0.00000000000000e+00
374 6.73255813953488e-01 6.53488372093023e-01 0.00000000000000e+00
375 6.65348837209302e-01 6.59302325581395e-01 0.00000000000000e+00
376 6.57441860465116e-01 6.65116279069767e-01 0.00000000000000e+00
377 6.49534883720930e-01 6.70930232558139e-01 0.00000000000000e+00
378 6.41627906976744e-01 6.76744186046512e-01 0.00000000000000e+00
379 6.33720930232558e-01 6.82558139534884e-01 0.00000000000000e+00
380 6.25813953488372e-01 6.88372093023256e-01 0.00000000000000e+00
381 6.17906976744186e-01 6.94186046511628e-01 0.00000000000000e+00
382 6.10000000000000e-01 7.10000000000000e-01 0.00000000000000e+00
383 6.10000000000000e-01 7.20000000000000e-01 0.00000000000000e+00
384 6.10000000000000e-01 7.30000000000000e-01 0.00000000000000e+00
385 6.10000000000000e-01 7.40000000000000e-01 0.00000000000000e+00
386 6.10000000000000e-01 7.50000000000000e-01 0.00000000000000e+00
387 6.10000000000000e-01 7.60000000000000e-01 0.00000000000000e+00
388 6.10000000000000e-01 7.70000000000000e-01 0.00000000000000e+00
389 6.10000000000000e-01 7.80000000000000e-01 0.00000000000000e+00
390 6.10000000000000e-01 7.90000000000000e-01 0.00000000000000e+00
391 6.10000000000000e-01 8.00000000000000e-01 0.00000000000000e+00
392 6.10000000000000e-01 8.10000000000000e-01 0.00000000000000e+00
393 6.10000000000000e-01 8.20000000000000e-01 0.00000000000000e+00
394 6.10000000000000e-01 8.30000000000000e-01 0.00000000000000e+00
395 6.10000000000000e-01 8.40000000000000e-01 0.00000000000000e+00
396 6.10000000000000e-01 8.50000000000000e-01 0.00000000000000e+00
397 6.10000000000000e-01 8.60000000000000e-01 0.00000000000000e+00
398 6.10000000000000e-01 8.70000000000000e-01 0.00000000000000e+00
399 6.10000000000000e-01 8.80000000000000e-01 0.00000000000000e+00
400 6.10000000000000e-01 8.90000000000000e-01 0.00000000000000e+00
401 6.10000000000000e-01 9.00000000000000e-01 0.00000000000000e+00
402 6.10000000000000e-01 9.10000000000000e-01 0.00000000000000e+00
403 6.10000000000000e-01 9.20000000000000e-01 0.00000000000000e+00
404 6.10000000000000e-01 9.30000000000000e-01 0.00000000000000e+00
405 6.10000000000000e-01 9.40000000000000e-01 0.00000000000000e+00
406 6.10000000000000e-01 9.50000000000000e-01 0.00000000000000e+00
407 6.10000000000000e-01 9.60000000000000e-01 0.00000000000000e+00
408 6.10000000000000e-01 9.70000000000000e-01 0.00000000000000e+00
409 6.10000000000000e-01 9.80000000000000e-01 0.00000000000000e+00
410 6.10000000000000e-01 9.90000000000000e-01 0.00000000000000e+00
411 6.10000000000000e-01 1.00000000000000e+00 0.00000000000000e+00
412 6.10000000000000e-01 1.01000000000000e+00 0.00000000000000e+00
413 6.10000000000000e-01 1.02000000000000e+00 0.00000000000000e+00
414 6.10000000000000e-01 1.03000000000000e+00 0.00000000000000e+00
415 6.10000000000000e-01 1.04000000000000e+00 0.00000000000000e+00
416 6.17906976744186e-01 1.05581395348837e+00 0.00000000000000e+00
417 6.25813953488372e-01 1.06162790697674e+00 0.00000000000000e+00
418 6.33720930232558e-01 1.06744186046512e+00 0.00000000000000e+00
419 6.41627906976744e-01 1.07325581395349e+00 0.00000000000000e+00
420 6.49534883720930e-01 1.07906976744186e+00 0.00000000000000e+00
421 6.57441860465116e-01 1.08488372093023e+00 0.00000000000000e+00
422 6.65348837209302e-01 1.09069767441860e+00 0.00000000000000e+00
423 6.73255813953488e-01 1.09651162790698e+00 0.00000000000000e+00
424 6.81162790697674e-01 1.10232558139535e+00 0.00000000000000e+00
425 6.89069767441860e-01 1.10813953488372e+00 0.00000000000000e+00
426 6.96976744186046e-01 1.11395348837209e+00 0.00000000000000e+00
427 7.04883720930233e-01 1.11976744186047e+00 0.00000000000000e+00
428 7.12790697674419e-01 1.12558139534884e+00 0.00000000000000e+00
429 7.20697674418605e-01 1.13139534883721e+00 0.00000000000000e+00
430 7.28604651162791e-01 1.13720930232558e+00 0.00000000000000e+00
431 7.36511627906977e-01 1.14302325581395e+00 0.00000000000000e+00
432 7.44418604651163e-01 1.14883720930233e+00 0.00000000000000e+00
433 7.52325581395349e-01 1.15465116279070e+00 0.00000000000000e+00
434 7.60232558139535e-01 1.16046511627907e+00 0.00000000000000e+00
435 7.68139534883721e-01 1.16627906976744e+00 0.00000000000000e+00
436 7.76046511627907e-01 1.17209302325581e+00 0.00000000000000e+00
437 7.83953488372093e-01 1.17790697674419e+00 0.00000000000000e+00
438 7.91860465116279e-01 1.18372093023256e+00 0.00000000000000e+00
439 7.99767441860465e-01 1.18953488372093e+00 0.00000000000000e+00
440 8.07674418604651e-01 1.19534883720930e+00 0.00000000000000e+00
441 8.15581395348837e-01 1.20116279069767e+00 0.00000000000000e+00
442 8.23488372093023e-01 1.20697674418605e+00 0.00000000000000e+00
443 8.31395348837209e-01 1.21279069767442e+00 0.00000000000000e+00
444 8.39302325581395e-01 1.21860465116279e+00 0.00000000000000e+00
445 8.47209302325581e-01 1.22441860465116e+00 0.00000000000000e+00
446 8.55116279069768e-01 1.23023255813954e+00 0.00000000000000e+00
447 8.63023255813953e-01 1.23604651162791e+00 0.00000000000000e+00
448 8.70930232558140e-01 1.24186046511628e+00 0.00000000000000e+00
449 8.78837209302326e-01 1.24767441860465e+00 0.00000000000000e+00
450 8.86744186046512e-01 1.25348837209302e+00 0.00000000000000e+00
451 8.94651162790698e-01 1.25930232558140e+00 0.00000000000000e+00
452 9.02558139534884e-01 1.26511627906977e+00 0.00000000000000e+00
453 9.10465116279070e-01 1.27093023255814e+00 0.00000000000000e+00
454 9.18372093023256e-01 1.27674418604651e+00 0.00000000000000e+00
455 9.26279069767442e-01 1.28255813953488e+00 0.00000000000000e+00
456 9.34186046511628e-01 1.28837209302326e+00 0.00000000000000e+00
457 9.42093023255814e-01 1.29418604651163e+00 0.00000000000000e+00
458 9.50000000000000e-01 1.31000000000000e+00 0.00000000000000e+00
459 9.50000000000000e-01 1.32000000000000e+00 0.00000000000000e+00
460 9.50000000000000e-01 1.33000000000000e+00 0.00000000000000e+00
461 9.50000000000000e-01 1.34000000000000e+00 0.00000000000000e+00
462 9.50000000000000e-01 1.35000000000000e+00 0.00000000000000e+00
463 9.50000000000000e-01 1.36000000000000e+00 0.00000000000000e+00
464 9.50000000000000e-01 1.37000000000000e+00 0.00000000000000e+00
465 9.50000000000000e-01 1.38000000000000e+00 0.00000000000000e+00
466 9.50000000000000e-01 1.39000000000000e+00 0.00000000000000e+00
467 9.50000000000000e-01 1.40000000000000e+00 0.00000000000000e+00
468 9.50000000000000e-01 1.41000000000000e+00 0.00000000000000e+00
469 9.50000000000000e-01 1.42000000000000e+00 0.00000000000000e+00
470 9.50000000000000e-01 1.43000000000000e+00 0.00000000000000e+00
471 9.50000000000000e-01 1.44000000000000e+00 0.00000000000000e+00
472 9.50000000000000e-01 1.45000000000000e+00 0.00000000000000e+00
473 9.50000000000000e-01 1.46000000000000e+00 0.00000000000000e+00
474 9.50000000000000e-01 1.47000000000000e+00 0.00000000000000e+00
475 9.50000000000000e-01 1.48000000000000e+00 0.00000000000000e+00
476 9.50000000000000e-01 1.49000000000000e+00 0.00000000000000e+00
477 9.50000000000000e-01 1.50000000000000e+00 0.00000000000000e+00
478 9.50000000000000e-01 1.51000000000000e+00 0.00000000000000e+00
479 9.50000000000000e-01 1.52000000000000e+00 0.00000000000000e+00
480 9.50000000000000e-01 1.53000000000000e+00 0.00000000000000e+00
481 9.50000000000000e-01 1.54000000000000e+00 0.00000000000000e+00
482 9.50000000000000e-01 1.55000000000000e+00 0.00000000000000e+00
483 9.50000000000000e-01 1.56000000000000e+00 0.00000000000000e+00
484 9.50000000000000e-01 1.57000000000000e+00 0.00000000000000e+00
485 9.50000000000000e-01 1.58000000000000e+00 0.00000000000000e+00
486 9.50000000000000e-01 1.59000000000000e+00 0.00000000000000e+00
487 9.50000000000000e-01 1.60000000000000e+00 0.00000000000000e+00
488 9.50000000000000e-01 1.61000000000000e+00 0.00000000000000e+00
489 9.50000000000000e-01 1.62000000000000e+00 0.00000000000000e+00
490 9.50000000000000e-01 1.63000000000000e+00 0.00000000000000e+00
491 9.50000000000000e-01 1.64000000000000e+00 0.00000000000000e+00
492 9.50000000000000e-01 1.65000000000000e+00 0.00000000000000e+00
493 9.50000000000000e-01 1.66000000000000e+00 0.00000000000000e+00
494 9.50000000000000e-01 1.67000000000000e+00 0.00000000000000e+00
495 9.50000000000000e-01 1.68000000000000e+00 0.00000000000000e+00
496 9.50000000000000e-01 1.69000000000000e+00 0.00000000000000e+00
497 9.50000000000000e-01 1.70000000000000e+00 0.00000000000000e+00
498 9.50000000000000e-01 1.71000000000000e+00 0.00000000000000e+00
499 9.50000000000000e-01 1.72000000000000e+00 0.00000000000000e+00
500 9.50000000000000e-01 1.73000000000000e+00 0.00000000000000e+00
501 9.50000000000000e-01 1.74000000000000e+00 0.00000000000000e+00
1 102 1 13 
2 102 13 14 
3 102 14 15 
4 102 15 16 
5 102 16 17 
6 102 17 18 
7 102 18 19 
8 102 19 20 
9 102 20 21 
10 102 21 22 
11 102 22 23 
12 102 23 24 
13 102 24 25 
14 102 25 26 
15 102 26 27 
16 102 27 28 
17 102 28 29 
18 102 29 30 
19 102 30 31 
20 102 31 32 
21 102 32 33 
22 102 33 34 
23 102 34 35 
24 102 35 36 
25 102 36 37 
26 102 37 38 
27 102 38 39 
28 102 39 40 
29 102 40 41 
30 102 41 42 
31 102 42 43 
32 102 43 44 
33 102 44 45 
34 102 45 46 
35 102 46 47 
36 102 47 48 
37 102 48 49 
38 102 49 50 
39 102 50 51 
40 102 51 52 
41 102 52 53 
42 102 53 54 
43 102 54 55 
44 102 55 56 
45 102 56 2 
46 102 2 57 
47 102 57 58 
48 102 58 59 
49 102 59 60 
50 102 60 61 
51 102 61 62 
52 102 62 63 
53 102 63 64 
54 102 64 65 
55 102 65 66 
56 102 66 67 
57 102 67 68 
58 102 68 69 
59 102 69 70 
60 102 70 71 
61 102 71 72 
62 102 72 73 
63 102 73 74 
64 102 74 75 
65 102 75 76 
66 102 76 77 
67 102 77 78 
68 102 78 79 
69 102 79 80 
70 102 80 81 
71 102 81 82 
72 102 82 83 
73 102 83 84 
74 102 84 85 
75 102 85 86 
76 102 86 87 
77 102 87 88 
78 102 88 89 
79 102 89 90 
80 102 90 91 
81 102 91 92 
82 102 92 93 
83 102 93 94 
84 102 94 95 
85 102 95 96 
86 102 96 97 
87 102 97 3 
88 102 3 98 
89 102 98 99 
90 102 99 100 
91 102 100 101 
92 102 101 102 
93 102 102 103 
94 102 103 104 
95 102 104 105 
96 102 105 106 
97 102 106 107 
98 102 107 108 
99 102 108 109 
100 102 109 110 
101 102 110 111 
102 102 111 112 
103 102 112 113 
104 102 113 114 
105 102 114 115 
106 102 115 116 
107 102 116 117 
108 102 117 118 
109 102 118 119 
110 102 119 120 
111 102 120 121 
112 102 121 122 
113 102 122 123 
114 102 123 124 
115 102 124 125 
116 102 125 126 
117 102 126 127 
118 102 127 128 
119 102 128 129 
120 102 129 130 
121 102 130 131 
122 102 131 4 
123 102 4 132 
124 102 132 133 
125 102 133 134 
126 102 134 135 
127 102 135 136 
128 102 136 137 
129 102 137 138 
130 102 138 139 
131 102 139 140 
132 102 140 141 
133 102 141 142 
134 102 142 143 
135 102 143 144 
136 102 144 145 
137 102 145 146 
138 102 146 147 
139 102 147 148 
140 102 148 149 
141 102 149 150 
142 102 150 151 
143 102 151 152 
144 102 152 153 
145 102 153 154 
146 102 154 155 
147 102 155 156 
148 102 156 157 
149 102 157 158 
150 102 158 159 
151 102 159 160 
152 102 160 161 
153 102 161 162 
154 102 162 163 
155 102 163 164 
156 102 164 165 
157 102 165 166 
158 102 166 167 
159 102 167 168 
160 102 168 169 
161 102 169 170 
162 102 170 171 
163 102 171 172 
164 102 172 5 
165 102 5 173 
166 102 173 174 
167 102 174 175 
168 102 175 176 
169 102 176 177 
170 102 177 178 
171 102 178 179 
172 102 179 180 
173 102 180 181 
174 102 181 182 
175 102 182 183 
176 102 183 184 
177 102 184 185 
178 102 185 186 
179 102 186 187 
180 102 187 188 
181 102 188 189 
182 102 189 190 
183 102 190 191 
184 102 191 192 
185 102 192 193 
186 102 193 194 
187 102 194 195 
188 102 195 196 
189 102 196 197 
190 102 197 198 
191 102 198 199 
192 102 199 200 
193 102 200 201 
194 102 201 202 
195 102 202 203 
196 102 203 204 
197 102 204 205 
198 102 205 206 
199 102 206 207 
200 102 207 208 
201 102 208 209 
202 102 209 210 
203 102 210 211 
204 102 211 6 
205 102 6 212 
206 102 212 213 
207 102 213 214 
208 102 214 215 
209 102 215 216 
210 102 216 217 
211 102 217 218 
212 102 218 219 
213 102 219 220 
214 102 220 221 
215 102 221 222 
216 102 222 223 
217 102 223 224 
218 102 224 225 
219 102 225 226 
220 102 226 227 
221 102 227 228 
222 102 228 229 
223 102 229 230 
224 102 230 231 
225 102 231 232 
226 102 232 233 
227 102 233 234 
228 102 234 235 
229 102 235 236 
230 102 236 237 
231 102 237 238 
232 102 238 239 
233 102 239 240 
234 102 240 241 
235 102 241 242 
236 102 242 243 
237 102 243 244 
238 102 244 245 
239 102 245 246 
240 102 246 247 
241 102 247 248 
242 102 248 249 
243 102 249 250 
244 102 250 251 
245 102 251 252 
246 102 252 253 
247 102 253 254 
248 102 254 255 
249 102 255 256 
250 102 256 257 
251 102 257 258 
252 102 258 259 
253 102 259 260 
254 102 260 261 
255 102 261 262 
256 102 262 263 
257 102 263 264 
258 102 264 265 
259 102 265 266 
260 102 266 267 
261 102 267 268 
262 102 268 269 
263 102 269 270 
264 102 270 271 
265 102 271 272 
266 102 272 273 
267 102 273 274 
268 102 274 275 
269 102 275 276 
270 102 276 277 
271 102 277 278 
272 102 278 279 
273 102 279 280 
274 102 280 281 
275 102 281 282 
276 102 282 283 
277 102 283 284 
278 102 284 285 
279 102 285 286 
280 102 286 287 
281 102 287 288 
282 102 288 289 
283 102 289 290 
284 102 290 291 
285 102 291 292 
286 102 292 293 
287 102 293 294 
288 102 294 295 
289 102 295 296 
290 102 296 297 
291 102 297 298 
292 102 298 299 
293 102 299 300 
294 102 300 7 
295 102 7 301 
296 102 301 302 
297 102 302 303 
298 102 303 304 
299 102 304 305 
300 102 305 306 
301 102 306 307 
302 102 307 308 
303 102 308 309 
304 102 309 310 
305 102 310 311 
306 102 311 312 
307 102 312 313 
308 102 313 314 
309 102 314 315 
310 102 315 316 
311 102 316 317 
312 102 317 318 
313 102 318 319 
314 102 319 320 
315 102 320 321 
316 102 321 322 
317 102 322 323 
318 102 323 324 
319 102 324 325 
320 102 325 326 
321 102 326 327 
322 102 327 328 
323 102 328 329 
324 102 329 330 
325 102 330 331 
326 102 331 332 
327 102 332 333 
328 102 333 334 
329 102 334 335 
330 102 335 336 
331 102 336 337 
332 102 337 338 
333 102 338 339 
334 102 339 8 
335 102 8 340 
336 102 340 341 
337 102 341 342 
338 102 342 343 
339 102 343 344 
340 102 344 345 
341 102 345 346 
342 102 346 347 
343 102 347 348 
344 102 348 349 
345 102 349 350 
346 102 350 351 
347 102 351 352 
348 102 352 353 
349 102 353 354 
350 102 354 355 
351 102 355 356 
352 102 356 357 
353 102 357 358 
354 102 358 359 
355 102 359 360 
356 102 360 361 
357 102 361 362 
358 102 362 363 
359 102 363 364 
360 102 364 365 
361 102 365 366 
362 102 366 367 
363 102 367 368 
364 102 368 369 
365 102 369 370 
366 102 370 371 
367 102 371 372 
368 102 372 373 
369 102 373 374 
370 102 374 375 
371 102 375 376 
372 102 376 377 
373 102 377 378 
374 102 378 379 
375 102 379 380 
376 102 380 381 
377 102 381 9 
378 102 9 382 
379 102 382 383 
380 102 383 384 
381 102 384 385 
382 102 385 386 
383 102 386 387 
384 102 387 388 
385 102 388 389 
386 102 389 390 
387 102 390 391 
388 102 391 392 
389 102 392 393 
390 102 393 394 
391 102 394 395 
392 102 395 396 
393 102 396 397 
394 102 397 398 
395 102 398 399 
396 102 399 400 
397 102 400 401 
398 102 401 402 
399 102 402 403 
400 102 403 404 
401 102 404 405 
402 102 405 406 
403 102 406 407 
404 102 407 408 
405 102 408 409 
406 102 409 410 
407 102 410 411 
408 102 411 412 
409 102 412 413 
410 102 413 414 
411 102 414 415 
412 102 415 10 
413 102 10 416 
414 102 416 417 
415 102 417 418 
416 102 418 419 
417 102 419 420 
418 102 420 421 
419 102 421 422 
420 102 422 423 
421 102 423 424 
422 102 424 425 
423 102 425 426 
424 102 426 427 
425 102 427 428 
426 102 428 429 
427 102 429 430 
428 102 430 431 
429 102 431 432 
430 102 432 433 
431 102 433 434 
432 102 434 435 
433 102 435 436 
434 102 436 437 
435 102 437 438 
436 102 438 439 
437 102 439 440 
438 102 440 441 
439 102 441 442 
440 102 442 443 
441 102 443 444 
442 102 444 445 
443 102 445 446 
444 102 446 447 
445 102 447 448 
446 102 448 449 
447 102 449 450 
448 102 450 451 
449 102 451 452 
450 102 452 453 
451 102 453 454 
452 102 454 455 
453 102 455 456 
454 102 456 457 
455 102 457 11 
456 102 11 458 
457 102 458 459 
458 102 459 460 
459 102 460 461 
460 102 461 462 
461 102 462 463 
462 102 463 464 
463 102 464 465 
464 102 465 466 
465 102 466 467 
466 102 467 468 
467 102 468 469 
468 102 469 470 
469 102 470 471 
470 102 471 472 
471 102 472 473 
472 102 473 474 
473 102 474 475 
474 102 475 476 
475 102 476 477 
476 102 477 478 
477 102 478 479 
478 102 479 480 
479 102 480 481 
480 102 481 482 
481 102 482 483 
482 102 483 484 
483 102 484 485 
484 102 485 486 
485 102 486 487 
486 102 487 488 
487 102 488 489 
488 102 489 490 
489 102 490 491 
490 102 491 492 
491 102 492 493 
492 102 493 494 
493 102 494 495 
494 102 495 496 
495 102 496 497 
496 102 497 498 
497 102 498 499 
498 102 499 500 
499 102 500 501 
500 102 501 12 
