683 1364
1 0.00000000000000e+00 5.00000000000000e-01 0.00000000000000e+00
2 3.30000000000000e-01 7.50000000000000e-01 0.00000000000000e+00
3 3.30000000000000e-01 1.00000000000000e+00 0.00000000000000e+00
4 0.00000000000000e+00 1.25000000000000e+00 0.00000000000000e+00
5 0.00000000000000e+00 1.75000000000000e+00 0.00000000000000e+00
6 5.00000000000000e-02 1.75000000000000e+00 0.00000000000000e+00
7 5.00000000000000e-02 1.30000000000000e+00 0.00000000000000e+00
8 3.80000000000000e-01 1.05000000000000e+00 0.00000000000000e+00
9 3.80000000000000e-01 7.00000000000000e-01 0.00000000000000e+00
10 5.00000000000000e-02 4.50000000000000e-01 0.00000000000000e+00
11 5.00000000000000e-02 5.00000000000000e-02 0.00000000000000e+00
12 9.50000000000000e-01 5.00000000000000e-02 0.00000000000000e+00
13 9.50000000000000e-01 4.50000000000000e-01 0.00000000000000e+00
14 6.10000000000000e-01 7.00000000000000e-01 0.00000000000000e+00
15 6.10000000000000e-01 1.05000000000000e+00 0.00000000000000e+00
16 9.50000000000000e-01 1.30000000000000e+00 0.00000000000000e+00
17 9.50000000000000e-01 1.75000000000000e+00 0.00000000000000e+00
18 1.00000000000000e+00 1.75000000000000e+00 0.00000000000000e+00
19 1.00000000000000e+00 1.25000000000000e+00 0.00000000000000e+00
20 6.60000000000000e-01 1.00000000000000e+00 0.00000000000000e+00
21 6.60000000000000e-01 7.50000000000000e-01 0.00000000000000e+00
22 1.00000000000000e+00 5.00000000000000e-01 0.00000000000000e+00
23 1.00000000000000e+00 0.00000000000000e+00 0.00000000000000e+00
24 0.00000000000000e+00 0.00000000000000e+00 0.00000000000000e+00
25 2.49999999999996e-02 0.00000000000000e+00 0.00000000000000e+00
26 4.99999999999991e-02 0.00000000000000e+00 0.00000000000000e+00
27 7.49999999999987e-02 0.00000000000000e+00 0.00000000000000e+00
28 9.99999999999983e-02 0.00000000000000e+00 0.00000000000000e+00
29 1.24999999999998e-01 0.00000000000000e+00 0.00000000000000e+00
30 1.49999999999997e-01 0.00000000000000e+00 0.00000000000000e+00
31 1.74999999999997e-01 0.00000000000000e+00 0.00000000000000e+00
32 1.99999999999997e-01 0.00000000000000e+00 0.00000000000000e+00
33 2.24999999999997e-01 0.00000000000000e+00 0.00000000000000e+00
34 2.49999999999997e-01 0.00000000000000e+00 0.00000000000000e+00
35 2.74999999999997e-01 0.00000000000000e+00 0.00000000000000e+00
36 2.99999999999997e-01 0.00000000000000e+00 0.00000000000000e+00
37 3.24999999999997e-01 0.00000000000000e+00 0.00000000000000e+00
38 3.49999999999997e-01 0.00000000000000e+00 0.00000000000000e+00
39 3.74999999999997e-01 0.00000000000000e+00 0.00000000000000e+00
40 3.99999999999997e-01 0.00000000000000e+00 0.00000000000000e+00
41 4.24999999999997e-01 0.00000000000000e+00 0.00000000000000e+00
42 4.49999999999998e-01 0.00000000000000e+00 0.00000000000000e+00
43 4.74999999999998e-01 0.00000000000000e+00 0.00000000000000e+00
44 4.99999999999998e-01 0.00000000000000e+00 0.00000000000000e+00
45 5.24999999999998e-01 0.00000000000000e+00 0.00000000000000e+00
46 5.49999999999998e-01 0.00000000000000e+00 0.00000000000000e+00
47 5.74999999999998e-01 0.00000000000000e+00 0.00000000000000e+00
48 5.99999999999998e-01 0.00000000000000e+00 0.00000000000000e+00
49 6.24999999999998e-01 0.00000000000000e+00 0.00000000000000e+00
50 6.49999999999998e-01 0.00000000000000e+00 0.00000000000000e+00
51 6.74999999999998e-01 0.00000000000000e+00 0.00000000000000e+00
52 6.99999999999999e-01 0.00000000000000e+00 0.00000000000000e+00
53 7.24999999999999e-01 0.00000000000000e+00 0.00000000000000e+00
54 7.49999999999999e-01 0.00000000000000e+00 0.00000000000000e+00
55 7.74999999999999e-01 0.00000000000000e+00 0.00000000000000e+00
56 7.99999999999999e-01 0.00000000000000e+00 0.00000000000000e+00
57 8.24999999999999e-01 0.00000000000000e+00 0.00000000000000e+00
58 8.49999999999999e-01 0.00000000000000e+00 0.00000000000000e+00
59 8.74999999999999e-01 0.00000000000000e+00 0.00000000000000e+00
60 8.99999999999999e-01 0.00000000000000e+00 0.00000000000000e+00
61 9.25000000000000e-01 0.00000000000000e+00 0.00000000000000e+00
62 9.50000000000000e-01 0.00000000000000e+00 0.00000000000000e+00
63 9.75000000000000e-01 0.00000000000000e+00 0.00000000000000e+00
64 1.00000000000000e+00 2.49999999999996e-02 0.00000000000000e+00
65 1.00000000000000e+00 4.99999999999991e-02 0.00000000000000e+00
66 1.00000000000000e+00 7.49999999999987e-02 0.00000000000000e+00
67 1.00000000000000e+00 9.99999999999983e-02 0.00000000000000e+00
68 1.00000000000000e+00 1.24999999999998e-01 0.00000000000000e+00
69 1.00000000000000e+00 1.49999999999998e-01 0.00000000000000e+00
70 1.00000000000000e+00 1.74999999999999e-01 0.00000000000000e+00
71 1.00000000000000e+00 1.99999999999999e-01 0.00000000000000e+00
72 1.00000000000000e+00 2.24999999999999e-01 0.00000000000000e+00
73 1.00000000000000e+00 2.49999999999999e-01 0.00000000000000e+00
74 1.00000000000000e+00 2.74999999999999e-01 0.00000000000000e+00
75 1.00000000000000e+00 2.99999999999999e-01 0.00000000000000e+00
76 1.00000000000000e+00 3.24999999999999e-01 0.00000000000000e+00
77 1.00000000000000e+00 3.49999999999999e-01 0.00000000000000e+00
78 1.00000000000000e+00 3.74999999999999e-01 0.00000000000000e+00
79 1.00000000000000e+00 3.99999999999999e-01 0.00000000000000e+00
80 1.00000000000000e+00 4.25000000000000e-01 0.00000000000000e+00
81 1.00000000000000e+00 4.50000000000000e-01 0.00000000000000e+00
82 1.00000000000000e+00 4.75000000000000e-01 0.00000000000000e+00
83 9.80000000000000e-01 5.14705882352941e-01 0.00000000000000e+00
84 9.60000000000000e-01 5.29411764705882e-01 0.00000000000000e+00
85 9.40000000000000e-01 5.44117647058823e-01 0.00000000000000e+00
86 9.20000000000000e-01 5.58823529411764e-01 0.00000000000000e+00
87 9.00000000000001e-01 5.73529411764706e-01 0.00000000000000e+00
88 8.80000000000001e-01 5.88235294117646e-01 0.00000000000000e+00
89 8.60000000000001e-01 6.02941176470587e-01 0.00000000000000e+00
90 8.40000000000001e-01 6.17647058823528e-01 0.00000000000000e+00
91 8.20000000000001e-01 6.32352941176470e-01 0.00000000000000e+00
92 8.00000000000001e-01 6.47058823529411e-01 0.00000000000000e+00
93 7.80000000000001e-01 6.61764705882352e-01 0.00000000000000e+00
94 7.60000000000001e-01 6.76470588235293e-01 0.00000000000000e+00
95 7.40000000000001e-01 6.91176470588234e-01 0.00000000000000e+00
96 7.20000000000001e-01 7.05882352941176e-01 0.00000000000000e+00
97 7.00000000000001e-01 7.20588235294117e-01 0.00000000000000e+00
98 6.80000000000001e-01 7.35294117647058e-01 0.00000000000000e+00
99 6.60000000000000e-01 7.75000000000000e-01 0.00000000000000e+00
100 6.60000000000000e-01 8.00000000000000e-01 0.00000000000000e+00
101 6.60000000000000e-01 8.25000000000000e-01 0.00000000000000e+00
102 6.60000000000000e-01 8.50000000000000e-01 0.00000000000000e+00
103 6.60000000000000e-01 8.74999999999999e-01 0.00000000000000e+00
104 6.60000000000000e-01 8.99999999999999e-01 0.00000000000000e+00
105 6.60000000000000e-01 9.24999999999999e-01 0.00000000000000e+00
106 6.60000000000000e-01 9.49999999999999e-01 0.00000000000000e+00
107 6.60000000000000e-01 9.75000000000000e-01 0.00000000000000e+00
108 6.80000000000000e-01 1.01470588235294e+00 0.00000000000000e+00
109 6.99999999999999e-01 1.02941176470588e+00 0.00000000000000e+00
110 7.19999999999999e-01 1.04411764705882e+00 0.00000000000000e+00
111 7.39999999999999e-01 1.05882352941176e+00 0.00000000000000e+00
112 7.59999999999998e-01 1.07352941176470e+00 0.00000000000000e+00
113 7.79999999999998e-01 1.08823529411765e+00 0.00000000000000e+00
114 7.99999999999997e-01 1.10294117647059e+00 0.00000000000000e+00
115 8.19999999999997e-01 1.11764705882353e+00 0.00000000000000e+00
116 8.39999999999997e-01 1.13235294117647e+00 0.00000000000000e+00
117 8.59999999999997e-01 1.14705882352941e+00 0.00000000000000e+00
118 8.79999999999998e-01 1.16176470588235e+00 0.00000000000000e+00
119 8.99999999999998e-01 1.17647058823529e+00 0.00000000000000e+00
120 9.19999999999999e-01 1.19117647058823e+00 0.00000000000000e+00
121 9.39999999999999e-01 1.20588235294118e+00 0.00000000000000e+00
122 9.60000000000000e-01 1.22058823529412e+00 0.00000000000000e+00
123 9.80000000000000e-01 1.23529411764706e+00 0.00000000000000e+00
124 1.00000000000000e+00 1.27500000000000e+00 0.00000000000000e+00
125 1.00000000000000e+00 1.30000000000000e+00 0.00000000000000e+00
126 1.00000000000000e+00 1.32500000000000e+00 0.00000000000000e+00
127 1.00000000000000e+00 1.35000000000000e+00 0.00000000000000e+00
128 1.00000000000000e+00 1.37500000000000e+00 0.00000000000000e+00
129 1.00000000000000e+00 1.40000000000000e+00 0.00000000000000e+00
130 1.00000000000000e+00 1.42500000000000e+00 0.00000000000000e+00
131 1.00000000000000e+00 1.45000000000000e+00 0.00000000000000e+00
132 1.00000000000000e+00 1.47500000000000e+00 0.00000000000000e+00
133 1.00000000000000e+00 1.50000000000000e+00 0.00000000000000e+00
134 1.00000000000000e+00 1.52500000000000e+00 0.00000000000000e+00
135 1.00000000000000e+00 1.55000000000000e+00 0.00000000000000e+00
136 1.00000000000000e+00 1.57500000000000e+00 0.00000000000000e+00
137 1.00000000000000e+00 1.60000000000000e+00 0.00000000000000e+00
138 1.00000000000000e+00 1.62500000000000e+00 0.00000000000000e+00
139 1.00000000000000e+00 1.65000000000000e+00 0.00000000000000e+00
140 1.00000000000000e+00 1.67500000000000e+00 0.00000000000000e+00
141 1.00000000000000e+00 1.70000000000000e+00 0.00000000000000e+00
142 1.00000000000000e+00 1.72500000000000e+00 0.00000000000000e+00
143 9.75000000000000e-01 1.75000000000000e+00 0.00000000000000e+00
144 9.50000000000000e-01 1.32500000000000e+00 0.00000000000000e+00
145 9.50000000000000e-01 1.35000000000000e+00 0.00000000000000e+00
146 9.50000000000000e-01 1.37500000000000e+00 0.00000000000000e+00
147 9.50000000000000e-01 1.40000000000000e+00 0.00000000000000e+00
148 9.50000000000000e-01 1.42500000000000e+00 0.00000000000000e+00
149 9.50000000000000e-01 1.45000000000000e+00 0.00000000000000e+00
150 9.50000000000000e-01 1.47500000000000e+00 0.00000000000000e+00
151 9.50000000000000e-01 1.50000000000000e+00 0.00000000000000e+00
152 9.50000000000000e-01 1.52500000000000e+00 0.00000000000000e+00
153 9.50000000000000e-01 1.55000000000000e+00 0.00000000000000e+00
154 9.50000000000000e-01 1.57500000000000e+00 0.00000000000000e+00
155 9.50000000000000e-01 1.60000000000000e+00 0.00000000000000e+00
156 9.50000000000000e-01 1.62500000000000e+00 0.00000000000000e+00
157 9.50000000000000e-01 1.65000000000000e+00 0.00000000000000e+00
158 9.50000000000000e-01 1.67500000000000e+00 0.00000000000000e+00
159 9.50000000000000e-01 1.70000000000000e+00 0.00000000000000e+00
160 9.50000000000000e-01 1.72500000000000e+00 0.00000000000000e+00
161 6.30000000000000e-01 1.06470588235294e+00 0.00000000000000e+00
162 6.49999999999999e-01 1.07941176470588e+00 0.00000000000000e+00
163 6.69999999999999e-01 1.09411764705882e+00 0.00000000000000e+00
164 6.89999999999999e-01 1.10882352941176e+00 0.00000000000000e+00
165 7.09999999999998e-01 1.12352941176470e+00 0.00000000000000e+00
166 7.29999999999998e-01 1.13823529411765e+00 0.00000000000000e+00
167 7.49999999999997e-01 1.15294117647059e+00 0.00000000000000e+00
168 7.69999999999996e-01 1.16764705882353e+00 0.00000000000000e+00
169 7.89999999999997e-01 1.18235294117647e+00 0.00000000000000e+00
170 8.09999999999997e-01 1.19705882352941e+00 0.00000000000000e+00
171 8.29999999999998e-01 1.21176470588235e+00 0.00000000000000e+00
172 8.49999999999998e-01 1.22647058823529e+00 0.00000000000000e+00
173 8.69999999999999e-01 1.24117647058823e+00 0.00000000000000e+00
174 8.89999999999999e-01 1.25588235294118e+00 0.00000000000000e+00
175 9.10000000000000e-01 1.27058823529412e+00 0.00000000000000e+00
176 9.30000000000000e-01 1.28529411764706e+00 0.00000000000000e+00
177 6.10000000000000e-01 7.25000000000000e-01 0.00000000000000e+00
178 6.10000000000000e-01 7.50000000000000e-01 0.00000000000000e+00
179 6.10000000000000e-01 7.75000000000001e-01 0.00000000000000e+00
180 6.10000000000000e-01 8.00000000000001e-01 0.00000000000000e+00
181 6.10000000000000e-01 8.25000000000001e-01 0.00000000000000e+00
182 6.10000000000000e-01 8.50000000000002e-01 0.00000000000000e+00
183 6.10000000000000e-01 8.75000000000002e-01 0.00000000000000e+00
184 6.10000000000000e-01 9.00000000000002e-01 0.00000000000000e+00
185 6.10000000000000e-01 9.25000000000001e-01 0.00000000000000e+00
186 6.10000000000000e-01 9.50000000000000e-01 0.00000000000000e+00
187 6.10000000000000e-01 9.75000000000000e-01 0.00000000000000e+00
188 6.10000000000000e-01 1.00000000000000e+00 0.00000000000000e+00
189 6.10000000000000e-01 1.02500000000000e+00 0.00000000000000e+00
190 9.30000000000000e-01 4.64705882352941e-01 0.00000000000000e+00
191 9.10000000000000e-01 4.79411764705882e-01 0.00000000000000e+00
192 8.90000000000000e-01 4.94117647058823e-01 0.00000000000000e+00
193 8.70000000000000e-01 5.08823529411764e-01 0.00000000000000e+00
194 8.50000000000001e-01 5.23529411764705e-01 0.00000000000000e+00
195 8.30000000000001e-01 5.38235294117646e-01 0.00000000000000e+00
196 8.10000000000001e-01 5.52941176470587e-01 0.00000000000000e+00
197 7.90000000000001e-01 5.67647058823528e-01 0.00000000000000e+00
198 7.70000000000001e-01 5.82352941176469e-01 0.00000000000000e+00
199 7.50000000000001e-01 5.97058823529411e-01 0.00000000000000e+00
200 7.30000000000001e-01 6.11764705882352e-01 0.00000000000000e+00
201 7.10000000000001e-01 6.26470588235293e-01 0.00000000000000e+00
202 6.90000000000001e-01 6.41176470588234e-01 0.00000000000000e+00
203 6.70000000000001e-01 6.55882352941175e-01 0.00000000000000e+00
204 6.50000000000001e-01 6.70588235294117e-01 0.00000000000000e+00
205 6.30000000000001e-01 6.85294117647058e-01 0.00000000000000e+00
206 9.50000000000000e-01 7.49999999999996e-02 0.00000000000000e+00
207 9.50000000000000e-01 9.99999999999991e-02 0.00000000000000e+00
208 9.50000000000000e-01 1.24999999999999e-01 0.00000000000000e+00
209 9.50000000000000e-01 1.49999999999998e-01 0.00000000000000e+00
210 9.50000000000000e-01 1.74999999999998e-01 0.00000000000000e+00
211 9.50000000000000e-01 1.99999999999998e-01 0.00000000000000e+00
212 9.50000000000000e-01 2.24999999999999e-01 0.00000000000000e+00
213 9.50000000000000e-01 2.49999999999999e-01 0.00000000000000e+00
214 9.50000000000000e-01 2.74999999999999e-01 0.00000000000000e+00
215 9.50000000000000e-01 2.99999999999999e-01 0.00000000000000e+00
216 9.50000000000000e-01 3.24999999999999e-01 0.00000000000000e+00
217 9.50000000000000e-01 3.49999999999999e-01 0.00000000000000e+00
218 9.50000000000000e-01 3.75000000000000e-01 0.00000000000000e+00
219 9.50000000000000e-01 4.00000000000000e-01 0.00000000000000e+00
220 9.50000000000000e-01 4.25000000000000e-01 0.00000000000000e+00
221 7.50000000000003e-02 5.00000000000000e-02 0.00000000000000e+00
222 1.00000000000001e-01 5.00000000000000e-02 0.00000000000000e+00
223 1.25000000000001e-01 5.00000000000000e-02 0.00000000000000e+00
224 1.50000000000001e-01 5.00000000000000e-02 0.00000000000000e+00
225 1.75000000000001e-01 5.00000000000000e-02 0.00000000000000e+00
226 2.00000000000002e-01 5.00000000000000e-02 0.00000000000000e+00
227 2.25000000000002e-01 5.00000000000000e-02 0.00000000000000e+00
228 2.50000000000003e-01 5.00000000000000e-02 0.00000000000000e+00
229 2.75000000000003e-01 5.00000000000000e-02 0.00000000000000e+00
230 3.00000000000002e-01 5.00000000000000e-02 0.00000000000000e+00
231 3.25000000000002e-01 5.00000000000000e-02 0.00000000000000e+00
232 3.50000000000002e-01 5.00000000000000e-02 0.00000000000000e+00
233 3.75000000000002e-01 5.00000000000000e-02 0.00000000000000e+00
234 4.00000000000002e-01 5.00000000000000e-02 0.00000000000000e+00
235 4.25000000000002e-01 5.00000000000000e-02 0.00000000000000e+00
236 4.50000000000002e-01 5.00000000000000e-02 0.00000000000000e+00
237 4.75000000000002e-01 5.00000000000000e-02 0.00000000000000e+00
238 5.00000000000002e-01 5.00000000000000e-02 0.00000000000000e+00
239 5.25000000000002e-01 5.00000000000000e-02 0.00000000000000e+00
240 5.50000000000001e-01 5.00000000000000e-02 0.00000000000000e+00
241 5.75000000000001e-01 5.00000000000000e-02 0.00000000000000e+00
242 6.00000000000001e-01 5.00000000000000e-02 0.00000000000000e+00
243 6.25000000000001e-01 5.00000000000000e-02 0.00000000000000e+00
244 6.50000000000001e-01 5.00000000000000e-02 0.00000000000000e+00
245 6.75000000000001e-01 5.00000000000000e-02 0.00000000000000e+00
246 7.00000000000001e-01 5.00000000000000e-02 0.00000000000000e+00
247 7.25000000000001e-01 5.00000000000000e-02 0.00000000000000e+00
248 7.50000000000001e-01 5.00000000000000e-02 0.00000000000000e+00
249 7.75000000000001e-01 5.00000000000000e-02 0.00000000000000e+00
250 8.00000000000000e-01 5.00000000000000e-02 0.00000000000000e+00
251 8.25000000000000e-01 5.00000000000000e-02 0.00000000000000e+00
252 8.50000000000000e-01 5.00000000000000e-02 0.00000000000000e+00
253 8.75000000000000e-01 5.00000000000000e-02 0.00000000000000e+00
254 9.00000000000000e-01 5.00000000000000e-02 0.00000000000000e+00
255 9.25000000000000e-01 5.00000000000000e-02 0.00000000000000e+00
256 5.00000000000000e-02 4.25000000000000e-01 0.00000000000000e+00
257 5.00000000000000e-02 4.00000000000001e-01 0.00000000000000e+00
258 5.00000000000000e-02 3.75000000000001e-01 0.00000000000000e+00
259 5.00000000000000e-02 3.50000000000001e-01 0.00000000000000e+00
260 5.00000000000000e-02 3.25000000000001e-01 0.00000000000000e+00
261 5.00000000000000e-02 3.00000000000001e-01 0.00000000000000e+00
262 5.00000000000000e-02 2.75000000000001e-01 0.00000000000000e+00
263 5.00000000000000e-02 2.50000000000001e-01 0.00000000000000e+00
264 5.00000000000000e-02 2.25000000000001e-01 0.00000000000000e+00
265 5.00000000000000e-02 2.00000000000001e-01 0.00000000000000e+00
266 5.00000000000000e-02 1.75000000000001e-01 0.00000000000000e+00
267 5.00000000000000e-02 1.50000000000001e-01 0.00000000000000e+00
268 5.00000000000000e-02 1.25000000000001e-01 0.00000000000000e+00
269 5.00000000000000e-02 1.00000000000000e-01 0.00000000000000e+00
270 5.00000000000000e-02 7.50000000000002e-02 0.00000000000000e+00
271 3.60588235294117e-01 6.85294117647059e-01 0.00000000000000e+00
272 3.41176470588235e-01 6.70588235294117e-01 0.00000000000000e+00
273 3.21764705882352e-01 6.55882352941176e-01 0.00000000000000e+00
274 3.02352941176469e-01 6.41176470588234e-01 0.00000000000000e+00
275 2.82941176470587e-01 6.26470588235293e-01 0.00000000000000e+00
276 2.63529411764704e-01 6.11764705882352e-01 0.00000000000000e+00
277 2.44117647058822e-01 5.97058823529410e-01 0.00000000000000e+00
278 2.24705882352939e-01 5.82352941176469e-01 0.00000000000000e+00
279 2.05294117647057e-01 5.67647058823528e-01 0.00000000000000e+00
280 1.85882352941175e-01 5.52941176470587e-01 0.00000000000000e+00
281 1.66470588235293e-01 5.38235294117646e-01 0.00000000000000e+00
282 1.47058823529411e-01 5.23529411764705e-01 0.00000000000000e+00
283 1.27647058823529e-01 5.08823529411764e-01 0.00000000000000e+00
284 1.08235294117647e-01 4.94117647058823e-01 0.00000000000000e+00
285 8.88235294117644e-02 4.79411764705882e-01 0.00000000000000e+00
286 6.94117647058821e-02 4.64705882352941e-01 0.00000000000000e+00
287 3.80000000000000e-01 1.02500000000000e+00 0.00000000000000e+00
288 3.80000000000000e-01 9.99999999999999e-01 0.00000000000000e+00
289 3.80000000000000e-01 9.74999999999999e-01 0.00000000000000e+00
290 3.80000000000000e-01 9.49999999999999e-01 0.00000000000000e+00
291 3.80000000000000e-01 9.24999999999998e-01 0.00000000000000e+00
292 3.80000000000000e-01 8.99999999999998e-01 0.00000000000000e+00
293 3.80000000000000e-01 8.74999999999998e-01 0.00000000000000e+00
294 3.80000000000000e-01 8.49999999999997e-01 0.00000000000000e+00
295 3.80000000000000e-01 8.24999999999998e-01 0.00000000000000e+00
296 3.80000000000000e-01 7.99999999999998e-01 0.00000000000000e+00
297 3.80000000000000e-01 7.74999999999999e-01 0.00000000000000e+00
298 3.80000000000000e-01 7.49999999999999e-01 0.00000000000000e+00
299 3.80000000000000e-01 7.24999999999999e-01 0.00000000000000e+00
300 6.94117647058824e-02 1.28529411764706e+00 0.00000000000000e+00
301 8.88235294117647e-02 1.27058823529412e+00 0.00000000000000e+00
302 1.08235294117647e-01 1.25588235294118e+00 0.00000000000000e+00
303 1.27647058823530e-01 1.24117647058824e+00 0.00000000000000e+00
304 1.47058823529412e-01 1.22647058823529e+00 0.00000000000000e+00
305 1.66470588235294e-01 1.21176470588235e+00 0.00000000000000e+00
306 1.85882352941177e-01 1.19705882352941e+00 0.00000000000000e+00
307 2.05294117647059e-01 1.18235294117647e+00 0.00000000000000e+00
308 2.24705882352942e-01 1.16764705882353e+00 0.00000000000000e+00
309 2.44117647058824e-01 1.15294117647059e+00 0.00000000000000e+00
310 2.63529411764706e-01 1.13823529411765e+00 0.00000000000000e+00
311 2.82941176470589e-01 1.12352941176471e+00 0.00000000000000e+00
312 3.02352941176471e-01 1.10882352941176e+00 0.00000000000000e+00
313 3.21764705882354e-01 1.09411764705882e+00 0.00000000000000e+00
314 3.41176470588236e-01 1.07941176470588e+00 0.00000000000000e+00
315 3.60588235294118e-01 1.06470588235294e+00 0.00000000000000e+00
316 5.00000000000000e-02 1.72500000000000e+00 0.00000000000000e+00
317 5.00000000000000e-02 1.70000000000000e+00 0.00000000000000e+00
318 5.00000000000000e-02 1.67500000000000e+00 0.00000000000000e+00
319 5.00000000000000e-02 1.65000000000000e+00 0.00000000000000e+00
320 5.00000000000000e-02 1.62500000000000e+00 0.00000000000000e+00
321 5.00000000000000e-02 1.60000000000000e+00 0.00000000000000e+00
322 5.00000000000000e-02 1.57500000000000e+00 0.00000000000000e+00
323 5.00000000000000e-02 1.55000000000000e+00 0.00000000000000e+00
324 5.00000000000000e-02 1.52500000000000e+00 0.00000000000000e+00
325 5.00000000000000e-02 1.50000000000000e+00 0.00000000000000e+00
326 5.00000000000000e-02 1.47500000000000e+00 0.00000000000000e+00
327 5.00000000000000e-02 1.45000000000000e+00 0.00000000000000e+00
328 5.00000000000000e-02 1.42500000000000e+00 0.00000000000000e+00
329 5.00000000000000e-02 1.40000000000000e+00 0.00000000000000e+00
330 5.00000000000000e-02 1.37500000000000e+00 0.00000000000000e+00
331 5.00000000000000e-02 1.35000000000000e+00 0.00000000000000e+00
332 5.00000000000000e-02 1.32500000000000e+00 0.00000000000000e+00
333 2.49999999999998e-02 1.75000000000000e+00 0.00000000000000e+00
334 0.00000000000000e+00 1.72500000000000e+00 0.00000000000000e+00
335 0.00000000000000e+00 1.70000000000000e+00 0.00000000000000e+00
336 0.00000000000000e+00 1.67500000000000e+00 0.00000000000000e+00
337 0.00000000000000e+00 1.65000000000000e+00 0.00000000000000e+00
338 0.00000000000000e+00 1.62500000000000e+00 0.00000000000000e+00
339 0.00000000000000e+00 1.60000000000000e+00 0.00000000000000e+00
340 0.00000000000000e+00 1.57500000000000e+00 0.00000000000000e+00
341 0.00000000000000e+00 1.55000000000000e+00 0.00000000000000e+00
342 0.00000000000000e+00 1.52500000000000e+00 0.00000000000000e+00
343 0.00000000000000e+00 1.50000000000000e+00 0.00000000000000e+00
344 0.00000000000000e+00 1.47500000000000e+00 0.00000000000000e+00
345 0.00000000000000e+00 1.45000000000000e+00 0.00000000000000e+00
346 0.00000000000000e+00 1.42500000000000e+00 0.00000000000000e+00
347 0.00000000000000e+00 1.40000000000000e+00 0.00000000000000e+00
348 0.00000000000000e+00 1.37500000000000e+00 0.00000000000000e+00
349 0.00000000000000e+00 1.35000000000000e+00 0.00000000000000e+00
350 0.00000000000000e+00 1.32500000000000e+00 0.00000000000000e+00
351 0.00000000000000e+00 1.30000000000000e+00 0.00000000000000e+00
352 0.00000000000000e+00 1.27500000000000e+00 0.00000000000000e+00
353 1.94117647058825e-02 1.23529411764706e+00 0.00000000000000e+00
354 3.88235294117650e-02 1.22058823529412e+00 0.00000000000000e+00
355 5.82352941176474e-02 1.20588235294118e+00 0.00000000000000e+00
356 7.76470588235299e-02 1.19117647058823e+00 0.00000000000000e+00
357 9.70588235294123e-02 1.17647058823529e+00 0.00000000000000e+00
358 1.16470588235295e-01 1.16176470588235e+00 0.00000000000000e+00
359 1.35882352941177e-01 1.14705882352941e+00 0.00000000000000e+00
360 1.55294117647060e-01 1.13235294117647e+00 0.00000000000000e+00
361 1.74705882352942e-01 1.11764705882353e+00 0.00000000000000e+00
362 1.94117647058825e-01 1.10294117647059e+00 0.00000000000000e+00
363 2.13529411764707e-01 1.08823529411765e+00 0.00000000000000e+00
364 2.32941176470589e-01 1.07352941176471e+00 0.00000000000000e+00
365 2.52352941176471e-01 1.05882352941176e+00 0.00000000000000e+00
366 2.71764705882353e-01 1.04411764705882e+00 0.00000000000000e+00
367 2.91176470588236e-01 1.02941176470588e+00 0.00000000000000e+00
368 3.10588235294118e-01 1.01470588235294e+00 0.00000000000000e+00
369 3.30000000000000e-01 9.75000000000000e-01 0.00000000000000e+00
370 3.30000000000000e-01 9.50000000000000e-01 0.00000000000000e+00
371 3.30000000000000e-01 9.25000000000000e-01 0.00000000000000e+00
372 3.30000000000000e-01 9.00000000000000e-01 0.00000000000000e+00
373 3.30000000000000e-01 8.75000000000001e-01 0.00000000000000e+00
374 3.30000000000000e-01 8.50000000000001e-01 0.00000000000000e+00
375 3.30000000000000e-01 8.25000000000001e-01 0.00000000000000e+00
376 3.30000000000000e-01 8.00000000000001e-01 0.00000000000000e+00
377 3.30000000000000e-01 7.75000000000000e-01 0.00000000000000e+00
378 3.10588235294117e-01 7.35294117647059e-01 0.00000000000000e+00
379 2.91176470588235e-01 7.20588235294117e-01 0.00000000000000e+00
380 2.71764705882352e-01 7.05882352941176e-01 0.00000000000000e+00
381 2.52352941176469e-01 6.91176470588234e-01 0.00000000000000e+00
382 2.32941176470586e-01 6.76470588235293e-01 0.00000000000000e+00
383 2.13529411764704e-01 6.61764705882351e-01 0.00000000000000e+00
384 1.94117647058821e-01 6.47058823529410e-01 0.00000000000000e+00
385 1.74705882352938e-01 6.32352941176468e-01 0.00000000000000e+00
386 1.55294117647056e-01 6.17647058823527e-01 0.00000000000000e+00
387 1.35882352941174e-01 6.02941176470587e-01 0.00000000000000e+00
388 1.16470588235292e-01 5.88235294117646e-01 0.00000000000000e+00
389 9.70588235294102e-02 5.73529411764705e-01 0.00000000000000e+00
390 7.76470588235278e-02 5.58823529411763e-01 0.00000000000000e+00
391 5.82352941176458e-02 5.44117647058822e-01 0.00000000000000e+00
392 3.88235294117639e-02 5.29411764705882e-01 0.00000000000000e+00
393 1.94117647058819e-02 5.14705882352941e-01 0.00000000000000e+00
394 0.00000000000000e+00 4.75000000000000e-01 0.00000000000000e+00
395 0.00000000000000e+00 4.50000000000001e-01 0.00000000000000e+00
396 0.00000000000000e+00 4.25000000000001e-01 0.00000000000000e+00
397 0.00000000000000e+00 4.00000000000002e-01 0.00000000000000e+00
398 0.00000000000000e+00 3.75000000000001e-01 0.00000000000000e+00
399 0.00000000000000e+00 3.50000000000002e-01 0.00000000000000e+00
400 0.00000000000000e+00 3.25000000000002e-01 0.00000000000000e+00
401 0.00000000000000e+00 3.00000000000002e-01 0.00000000000000e+00
402 0.00000000000000e+00 2.75000000000002e-01 0.00000000000000e+00
403 0.00000000000000e+00 2.50000000000001e-01 0.00000000000000e+00
404 0.00000000000000e+00 2.25000000000001e-01 0.00000000000000e+00
405 0.00000000000000e+00 2.00000000000001e-01 0.00000000000000e+00
406 0.00000000000000e+00 1.75000000000001e-01 0.00000000000000e+00
407 0.00000000000000e+00 1.50000000000001e-01 0.00000000000000e+00
408 0.00000000000000e+00 1.25000000000001e-01 0.00000000000000e+00
409 0.00000000000000e+00 1.00000000000001e-01 0.00000000000000e+00
410 0.00000000000000e+00 7.50000000000005e-02 0.00000000000000e+00
411 0.00000000000000e+00 5.00000000000003e-02 0.00000000000000e+00
412 0.00000000000000e+00 2.50000000000002e-02 0.00000000000000e+00
413 3.54647245684914e-02 2.25879548368194e-02 0.00000000000000e+00
414 8.73501629881481e-02 2.49491358284127e-02 0.00000000000000e+00
415 1.37488807098692e-01 2.49987495772377e-02 0.00000000000000e+00
416 1.87499307249352e-01 2.49999639476037e-02 0.00000000000000e+00
417 2.37499984544142e-01 2.49999970975860e-02 0.00000000000000e+00
418 2.87500007198306e-01 2.50000003931395e-02 0.00000000000000e+00
419 3.37499999426282e-01 2.49999999394537e-02 0.00000000000000e+00
420 3.87500000000000e-01 2.50000000000006e-02 0.00000000000000e+00
421 4.37500000000000e-01 2.49999999999997e-02 0.00000000000000e+00
422 4.87500000000000e-01 2.50000000000001e-02 0.00000000000000e+00
423 5.37500000000000e-01 2.50000000000087e-02 0.00000000000000e+00
424 5.87500000000000e-01 2.50000000000087e-02 0.00000000000000e+00
425 6.37500000000000e-01 2.50000000000005e-02 0.00000000000000e+00
426 6.87499995197204e-01 2.49999999959190e-02 0.00000000000000e+00
427 7.37499956051075e-01 2.49999998402026e-02 0.00000000000000e+00
428 7.87499318505592e-01 2.49999923834616e-02 0.00000000000000e+00
429 8.37490908651544e-01 2.49996768211335e-02 0.00000000000000e+00
430 8.87385095064470e-01 2.49866098138606e-02 0.00000000000000e+00
431 9.36137681912083e-01 2.44911555106807e-02 0.00000000000000e+00
432 9.77409196980572e-01 3.54626724120207e-02 0.00000000000000e+00
433 9.75050816749393e-01 8.73499036086793e-02 0.00000000000000e+00
434 9.75001208848314e-01 1.37488168756757e-01 0.00000000000000e+00
435 9.75000027860003e-01 1.87499087251380e-01 0.00000000000000e+00
436 9.75000000296592e-01 2.37499938506124e-01 0.00000000000000e+00
437 9.75000002549810e-01 2.87500030821263e-01 0.00000000000000e+00
438 9.75000100259929e-01 3.37500540002915e-01 0.00000000000000e+00
439 9.75004111324274e-01 3.87507202376815e-01 0.00000000000000e+00
440 9.75171636563606e-01 4.37591817889469e-01 0.00000000000000e+00
441 9.77769455711370e-01 4.88551687147701e-01 0.00000000000000e+00
442 9.36797126129268e-01 5.17620860866177e-01 0.00000000000000e+00
443 8.96685368504068e-01 5.47052457927164e-01 0.00000000000000e+00
444 8.56666695077029e-01 5.76477010053483e-01 0.00000000000000e+00
445 8.16663385120065e-01 6.05891741034022e-01 0.00000000000000e+00
446 7.76661890448009e-01 6.35304335540310e-01 0.00000000000000e+00
447 7.36651230758908e-01 6.64721078037489e-01 0.00000000000000e+00
448 6.96570171653762e-01 6.94151318447551e-01 0.00000000000000e+00
449 6.55836416994157e-01 7.23439192662409e-01 0.00000000000000e+00
450 6.34828428691673e-01 7.62408577463841e-01 0.00000000000000e+00
451 6.34995901367114e-01 8.12492855021980e-01 0.00000000000000e+00
452 6.34999887193375e-01 8.62499624247511e-01 0.00000000000000e+00
453 6.34999367099476e-01 9.12502054787763e-01 0.00000000000000e+00
454 6.34973596967106e-01 9.62526075600155e-01 0.00000000000000e+00
455 6.55841607842172e-01 1.02656916940698e+00 0.00000000000000e+00
456 6.96575267940004e-01 1.05585802129859e+00 0.00000000000000e+00
457 7.36654776986768e-01 1.08528620846009e+00 0.00000000000000e+00
458 7.76663916720333e-01 1.11469906786938e+00 0.00000000000000e+00
459 8.16664010578008e-01 1.14410930866926e+00 0.00000000000000e+00
460 8.56665897192365e-01 1.17352235804240e+00 0.00000000000000e+00
461 8.96680481189086e-01 1.20294191739376e+00 0.00000000000000e+00
462 9.36790666908524e-01 1.23237107353822e+00 0.00000000000000e+00
463 9.77765721042183e-01 1.26144410651872e+00 0.00000000000000e+00
464 9.75171144271610e-01 1.31240718572174e+00 0.00000000000000e+00
465 9.75004086870983e-01 1.36249254757368e+00 0.00000000000000e+00
466 9.75000094939466e-01 1.41249940177974e+00 0.00000000000000e+00
467 9.75000008054276e-01 1.46249995456324e+00 0.00000000000000e+00
468 9.75000005678710e-01 1.51249994737810e+00 0.00000000000000e+00
469 9.75000005898945e-01 1.56249909183726e+00 0.00000000000000e+00
470 9.75000009415653e-01 1.61248788933932e+00 0.00000000000000e+00
471 9.75000022350422e-01 1.66234856796884e+00 0.00000000000000e+00
472 9.75000004636855e-01 1.71074122881307e+00 0.00000000000000e+00
473 9.75000001163642e-01 1.73226273547385e+00 0.00000000000000e+00
474 6.32233739907331e-01 1.03855363567113e+00 0.00000000000000e+00
475 6.52969674711438e-01 1.05295694702758e+00 0.00000000000000e+00
476 6.73207422279412e-01 1.06762170093251e+00 0.00000000000000e+00
477 6.93288132990348e-01 1.08233403142518e+00 0.00000000000000e+00
478 7.13317202167500e-01 1.09704765332913e+00 0.00000000000000e+00
479 7.33327427730373e-01 1.11175640630126e+00 0.00000000000000e+00
480 7.53330484276956e-01 1.12646182109820e+00 0.00000000000000e+00
481 7.73330792550356e-01 1.14116601957513e+00 0.00000000000000e+00
482 7.93330413816464e-01 1.15587057617565e+00 0.00000000000000e+00
483 8.13330482844959e-01 1.17057615154438e+00 0.00000000000000e+00
484 8.33331499460923e-01 1.18528264429559e+00 0.00000000000000e+00
485 8.53334249132434e-01 1.19999002845459e+00 0.00000000000000e+00
486 8.73341760320732e-01 1.21469940262807e+00 0.00000000000000e+00
487 8.93362646155555e-01 1.22941261789673e+00 0.00000000000000e+00
488 9.13422324302232e-01 1.24413053864065e+00 0.00000000000000e+00
489 9.33599623772139e-01 1.25883938835384e+00 0.00000000000000e+00
490 9.54158204053245e-01 1.27342734800924e+00 0.00000000000000e+00
491 6.32230832210756e-01 7.11452110023303e-01 0.00000000000000e+00
492 6.33873941458792e-01 7.37175968056047e-01 0.00000000000000e+00
493 6.33876027828796e-01 1.01282750910553e+00 0.00000000000000e+00
494 9.54165495307483e-01 4.76564846466946e-01 0.00000000000000e+00
495 9.33609766631643e-01 4.91150321970561e-01 0.00000000000000e+00
496 9.13430266791967e-01 5.05859121420915e-01 0.00000000000000e+00
497 8.93369757428521e-01 5.20579199158487e-01 0.00000000000000e+00
498 8.73346394891296e-01 5.35296117200320e-01 0.00000000000000e+00
499 8.53335922233592e-01 5.50009051789190e-01 0.00000000000000e+00
500 8.33331301851238e-01 5.64718308398599e-01 0.00000000000000e+00
501 8.13330015314569e-01 5.79424928733158e-01 0.00000000000000e+00
502 7.93329822395371e-01 5.94130901140990e-01 0.00000000000000e+00
503 7.73329218494144e-01 6.08837236336822e-01 0.00000000000000e+00
504 7.53327651509575e-01 6.23544211523739e-01 0.00000000000000e+00
505 7.33323568877715e-01 6.38252605926586e-01 0.00000000000000e+00
506 7.13312801023476e-01 6.52963789584979e-01 0.00000000000000e+00
507 6.93283740729138e-01 6.67678924282029e-01 0.00000000000000e+00
508 6.73202445691985e-01 6.82392199087291e-01 0.00000000000000e+00
509 6.52963757517549e-01 6.97056265422255e-01 0.00000000000000e+00
510 9.75336827327912e-01 6.19586930383459e-02 0.00000000000000e+00
511 6.19594806435200e-02 2.46627272675205e-02 0.00000000000000e+00
512 2.48038731454770e-02 4.37582112798807e-01 0.00000000000000e+00
513 2.49697372320678e-02 4.12523154417308e-01 0.00000000000000e+00
514 2.49953287474695e-02 3.87506550588781e-01 0.00000000000000e+00
515 2.49992876862272e-02 3.62501865296274e-01 0.00000000000000e+00
516 2.49999071922786e-02 3.37500543567029e-01 0.00000000000000e+00
517 2.50000233234832e-02 3.12500175665422e-01 0.00000000000000e+00
518 2.50000742022313e-02 2.87500092669019e-01 0.00000000000000e+00
519 2.50001099819311e-02 2.62500120343571e-01 0.00000000000000e+00
520 2.50001088435819e-02 2.37500268895558e-01 0.00000000000000e+00
521 2.50001019562560e-02 2.12500795341283e-01 0.00000000000000e+00
522 2.50000588149151e-02 1.87502660654267e-01 0.00000000000000e+00
523 2.49997839779122e-02 1.62509267424004e-01 0.00000000000000e+00
524 2.49980207213567e-02 1.37532642901682e-01 0.00000000000000e+00
525 2.49867185386091e-02 1.12615057064438e-01 0.00000000000000e+00
526 2.49154624882950e-02 8.79020663362315e-02 0.00000000000000e+00
527 2.44914222210715e-02 6.38616515787966e-02 0.00000000000000e+00
528 3.58112631566230e-01 7.11481666131820e-01 0.00000000000000e+00
529 3.37876452617530e-01 6.97064324525102e-01 0.00000000000000e+00
530 3.18189009212434e-01 6.82387133436367e-01 0.00000000000000e+00
531 2.98680897157263e-01 6.67666648068104e-01 0.00000000000000e+00
532 2.79232274957100e-01 6.52944316276772e-01 0.00000000000000e+00
533 2.59807660487768e-01 6.38232696474240e-01 0.00000000000000e+00
534 2.40389286741602e-01 6.23520015507450e-01 0.00000000000000e+00
535 2.20976474070663e-01 6.08815102940561e-01 0.00000000000000e+00
536 2.01562674920069e-01 5.94105381914288e-01 0.00000000000000e+00
537 1.82151486195338e-01 5.79401784522240e-01 0.00000000000000e+00
538 1.62737946964855e-01 5.64692243925360e-01 0.00000000000000e+00
539 1.43324758659901e-01 5.49988248989002e-01 0.00000000000000e+00
540 1.23905351847099e-01 5.35280660937834e-01 0.00000000000000e+00
541 1.04469770477568e-01 5.20565262474944e-01 0.00000000000000e+00
542 8.49874437345394e-02 5.05846017940704e-01 0.00000000000000e+00
543 6.53705897486708e-02 4.91131195955570e-01 0.00000000000000e+00
544 4.53201153021890e-02 4.76533897713315e-01 0.00000000000000e+00
545 3.58112495121531e-01 1.03851850372978e+00 0.00000000000000e+00
546 3.56285819589583e-01 1.01278973290624e+00 0.00000000000000e+00
547 3.55196205717505e-01 9.87582331658045e-01 0.00000000000000e+00
548 3.55030284271803e-01 9.62523177164467e-01 0.00000000000000e+00
549 3.55004703431989e-01 9.37506424495648e-01 0.00000000000000e+00
550 3.55000757513301e-01 9.12501656972336e-01 0.00000000000000e+00
551 3.55000167531196e-01 8.87500252456374e-01 0.00000000000000e+00
552 3.55000202355870e-01 8.62499579392693e-01 0.00000000000000e+00
553 3.55000836751545e-01 8.37498213977711e-01 0.00000000000000e+00
554 3.55004797347513e-01 8.12493512796446e-01 0.00000000000000e+00
555 3.55030385664732e-01 7.87476844049670e-01 0.00000000000000e+00
556 3.55196285595909e-01 7.62417696265314e-01 0.00000000000000e+00
557 3.56285754627461e-01 7.37210191205974e-01 0.00000000000000e+00
558 4.53166467924519e-02 1.27347154953527e+00 0.00000000000000e+00
559 6.53642814443141e-02 1.25887312388623e+00 0.00000000000000e+00
560 8.49820395372925e-02 1.24415992089248e+00 0.00000000000000e+00
561 1.04464031686373e-01 1.22944078012415e+00 0.00000000000000e+00
562 1.23901718845325e-01 1.21472297245577e+00 0.00000000000000e+00
563 1.43323501665497e-01 1.20001124171475e+00 0.00000000000000e+00
564 1.62737725948021e-01 1.18530615936286e+00 0.00000000000000e+00
565 1.82149668633122e-01 1.17060154652900e+00 0.00000000000000e+00
566 2.01563483144635e-01 1.15589244152814e+00 0.00000000000000e+00
567 2.20974882332634e-01 1.14118821971741e+00 0.00000000000000e+00
568 2.40390203489836e-01 1.12647815628114e+00 0.00000000000000e+00
569 2.59806159078856e-01 1.11177062306327e+00 0.00000000000000e+00
570 2.79233161178859e-01 1.09705363952655e+00 0.00000000000000e+00
571 2.98681523188887e-01 1.08233252992700e+00 0.00000000000000e+00
572 3.18189366728705e-01 1.06761207889491e+00 0.00000000000000e+00
573 3.37876425867758e-01 1.05293476773760e+00 0.00000000000000e+00
574 2.50000023132796e-02 1.71484944028795e+00 0.00000000000000e+00
575 2.50000027788940e-02 1.68811310523405e+00 0.00000000000000e+00
576 2.50000016011701e-02 1.66266957632222e+00 0.00000000000000e+00
577 2.50000037100395e-02 1.63754757937256e+00 0.00000000000000e+00
578 2.50000103228848e-02 1.61251336236758e+00 0.00000000000000e+00
579 2.50000263400956e-02 1.58750370100895e+00 0.00000000000000e+00
580 2.50000453595955e-02 1.56250096830651e+00 0.00000000000000e+00
581 2.50000735482589e-02 1.53750021555496e+00 0.00000000000000e+00
582 2.50001101789807e-02 1.51250005873428e+00 0.00000000000000e+00
583 2.50001098442675e-02 1.48750005050960e+00 0.00000000000000e+00
584 2.50001076132577e-02 1.46250002133423e+00 0.00000000000000e+00
585 2.50000930011733e-02 1.43749991786045e+00 0.00000000000000e+00
586 2.49999980585897e-02 1.41249955093975e+00 0.00000000000000e+00
587 2.49993833663960e-02 1.38749824997414e+00 0.00000000000000e+00
588 2.49954091322868e-02 1.36249363703800e+00 0.00000000000000e+00
589 2.49697859547089e-02 1.33747720871429e+00 0.00000000000000e+00
590 2.48037013837442e-02 1.31241884392170e+00 0.00000000000000e+00
591 2.18866483208588e-02 1.26148913108607e+00 0.00000000000000e+00
592 6.18062231755310e-02 1.23240126129976e+00 0.00000000000000e+00
593 1.00758151380324e-01 1.20296811461938e+00 0.00000000000000e+00
594 1.39598803307531e-01 1.17354522895880e+00 0.00000000000000e+00
595 1.78424951355370e-01 1.14413225659987e+00 0.00000000000000e+00
596 2.17250688052081e-01 1.11471888716258e+00 0.00000000000000e+00
597 2.56088279896794e-01 1.08529970418623e+00 0.00000000000000e+00
598 2.95011885661662e-01 1.05585666904025e+00 0.00000000000000e+00
599 3.34681348222273e-01 1.02653673506309e+00 0.00000000000000e+00
600 3.34680970854573e-01 7.23462398734707e-01 0.00000000000000e+00
601 2.95012193714732e-01 6.94144234046902e-01 0.00000000000000e+00
602 2.56088709117545e-01 6.64702445728564e-01 0.00000000000000e+00
603 2.17250978373953e-01 6.35282325229162e-01 0.00000000000000e+00
604 1.78425227070938e-01 6.05868552163955e-01 0.00000000000000e+00
605 1.39600247631917e-01 5.76454579420834e-01 0.00000000000000e+00
606 1.00763508050149e-01 5.47036770715266e-01 0.00000000000000e+00
607 6.18159110243973e-02 5.17605151024603e-01 0.00000000000000e+00
608 2.18897294084482e-02 4.88516627242779e-01 0.00000000000000e+00
609 1.12458335413966e-01 2.49921411243716e-02 0.00000000000000e+00
610 1.62496892988916e-01 2.49998040579582e-02 0.00000000000000e+00
611 2.12499814781261e-01 2.49999933935119e-02 0.00000000000000e+00
612 2.62499997840433e-01 2.49999996436939e-02 0.00000000000000e+00
613 3.12500003954469e-01 2.50000001598137e-02 0.00000000000000e+00
614 3.62500000000000e-01 2.49999999999990e-02 0.00000000000000e+00
615 4.12500000000000e-01 2.49999999999997e-02 0.00000000000000e+00
616 4.62500000000000e-01 2.50000000000000e-02 0.00000000000000e+00
617 5.12500000000000e-01 2.50000000000009e-02 0.00000000000000e+00
618 5.62500000000000e-01 2.50000000000000e-02 0.00000000000000e+00
619 6.12500000000000e-01 2.50000000000014e-02 0.00000000000000e+00
620 6.62499997811033e-01 2.49999999991923e-02 0.00000000000000e+00
621 7.12499985609187e-01 2.49999999739138e-02 0.00000000000000e+00
622 7.62499810294699e-01 2.49999988323591e-02 0.00000000000000e+00
623 8.12497443721596e-01 2.49999499633347e-02 0.00000000000000e+00
624 8.62467462147440e-01 2.49979131254233e-02 0.00000000000000e+00
625 9.12097704417239e-01 2.49153205878749e-02 0.00000000000000e+00
626 9.58285610177887e-01 2.24085133586776e-02 0.00000000000000e+00
627 9.75007816234468e-01 1.12457847049143e-01 0.00000000000000e+00
628 9.75000186829902e-01 1.62496668677400e-01 0.00000000000000e+00
629 9.75000004114903e-01 2.12499745240399e-01 0.00000000000000e+00
630 9.75000000415202e-01 2.62499991268999e-01 0.00000000000000e+00
631 9.75000015618584e-01 3.12500149267306e-01 0.00000000000000e+00
632 9.75000637752478e-01 3.62502024206409e-01 0.00000000000000e+00
633 9.75026481690480e-01 4.12525843967369e-01 0.00000000000000e+00
634 9.76126606841708e-01 4.62825413126951e-01 0.00000000000000e+00
635 9.57037254916432e-01 5.02953995347334e-01 0.00000000000000e+00
636 9.16715562933813e-01 5.32335346167738e-01 0.00000000000000e+00
637 8.76672669793992e-01 5.61766258440039e-01 0.00000000000000e+00
638 8.36664141636469e-01 5.91185220429710e-01 0.00000000000000e+00
639 7.96662996354327e-01 6.20597815416141e-01 0.00000000000000e+00
640 7.56658984203147e-01 6.50011740411938e-01 0.00000000000000e+00
641 7.16630045306718e-01 6.79434071946828e-01 0.00000000000000e+00
642 6.76393153998820e-01 7.08858424613974e-01 0.00000000000000e+00
643 6.34973533181918e-01 7.87474274521524e-01 0.00000000000000e+00
644 6.34999362954516e-01 8.37498033776925e-01 0.00000000000000e+00
645 6.34999887315942e-01 8.87500439020251e-01 0.00000000000000e+00
646 6.34995914584552e-01 9.37507350603635e-01 0.00000000000000e+00
647 6.34828784530543e-01 9.87592517203585e-01 0.00000000000000e+00
648 6.76398873568764e-01 1.04115242959572e+00 0.00000000000000e+00
649 7.16633873391627e-01 1.07057457755131e+00 0.00000000000000e+00
650 7.56661897320913e-01 1.09999367677166e+00 0.00000000000000e+00
651 7.96664119813879e-01 1.12940396654555e+00 0.00000000000000e+00
652 8.36664395908257e-01 1.15881541083159e+00 0.00000000000000e+00
653 8.76669869296303e-01 1.18823072351884e+00 0.00000000000000e+00
654 9.16709386099928e-01 1.21765721737904e+00 0.00000000000000e+00
655 9.57029746979194e-01 1.24703658623598e+00 0.00000000000000e+00
656 9.76123651399699e-01 1.28717136342583e+00 0.00000000000000e+00
657 9.75026374127974e-01 1.33747371262239e+00 0.00000000000000e+00
658 9.75000634858413e-01 1.38749789698837e+00 0.00000000000000e+00
659 9.75000010760647e-01 1.43749982961154e+00 0.00000000000000e+00
660 9.75000002665996e-01 1.48749997401475e+00 0.00000000000000e+00
661 9.75000002587466e-01 1.53749974868093e+00 0.00000000000000e+00
662 9.75000003509348e-01 1.58749659428011e+00 0.00000000000000e+00
663 9.74999999317765e-01 1.63745703798347e+00 0.00000000000000e+00
664 9.75000011315206e-01 1.68697327788582e+00 0.00000000000000e+00
665 2.24091018372602e-02 4.17130076866531e-02 0.00000000000000e+00
666 2.37131974081897e-02 1.28721399452829e+00 0.00000000000000e+00
667 4.21209330927487e-02 1.24707741028551e+00 0.00000000000000e+00
668 8.13119814405349e-02 1.21768788146262e+00 0.00000000000000e+00
669 1.20183333542399e-01 1.18825194639826e+00 0.00000000000000e+00
670 1.59011043640621e-01 1.15884231587627e+00 0.00000000000000e+00
671 1.97835884856944e-01 1.12942921739879e+00 0.00000000000000e+00
672 2.36664620035512e-01 1.10001439388758e+00 0.00000000000000e+00
673 2.75528125249826e-01 1.07057924563555e+00 0.00000000000000e+00
674 3.14632442032701e-01 1.04113666416652e+00 0.00000000000000e+00
675 3.14631672858331e-01 7.08861481242485e-01 0.00000000000000e+00
676 2.75526212593967e-01 6.79416385403146e-01 0.00000000000000e+00
677 2.36665292719607e-01 6.49986812539813e-01 0.00000000000000e+00
678 1.97836349570375e-01 6.20571086528802e-01 0.00000000000000e+00
679 1.59011689835377e-01 5.91157492445711e-01 0.00000000000000e+00
680 1.20185857474870e-01 5.61750198704928e-01 0.00000000000000e+00
681 8.13192201882687e-02 5.32322876791648e-01 0.00000000000000e+00
682 4.21284473801311e-02 5.02930370359955e-01 0.00000000000000e+00
683 2.37146404990622e-02 4.62788903334157e-01 0.00000000000000e+00
1 102 24 25 
2 102 25 26 
3 102 26 27 
4 102 27 28 
5 102 28 29 
6 102 29 30 
7 102 30 31 
8 102 31 32 
9 102 32 33 
10 102 33 34 
11 102 34 35 
12 102 35 36 
13 102 36 37 
14 102 37 38 
15 102 38 39 
16 102 39 40 
17 102 40 41 
18 102 41 42 
19 102 42 43 
20 102 43 44 
21 102 44 45 
22 102 45 46 
23 102 46 47 
24 102 47 48 
25 102 48 49 
26 102 49 50 
27 102 50 51 
28 102 51 52 
29 102 52 53 
30 102 53 54 
31 102 54 55 
32 102 55 56 
33 102 56 57 
34 102 57 58 
35 102 58 59 
36 102 59 60 
37 102 60 61 
38 102 61 62 
39 102 62 63 
40 102 63 23 
41 102 23 64 
42 102 64 65 
43 102 65 66 
44 102 66 67 
45 102 67 68 
46 102 68 69 
47 102 69 70 
48 102 70 71 
49 102 71 72 
50 102 72 73 
51 102 73 74 
52 102 74 75 
53 102 75 76 
54 102 76 77 
55 102 77 78 
56 102 78 79 
57 102 79 80 
58 102 80 81 
59 102 81 82 
60 102 82 22 
61 102 22 83 
62 102 83 84 
63 102 84 85 
64 102 85 86 
65 102 86 87 
66 102 87 88 
67 102 88 89 
68 102 89 90 
69 102 90 91 
70 102 91 92 
71 102 92 93 
72 102 93 94 
73 102 94 95 
74 102 95 96 
75 102 96 97 
76 102 97 98 
77 102 98 21 
78 102 21 99 
79 102 99 100 
80 102 100 101 
81 102 101 102 
82 102 102 103 
83 102 103 104 
84 102 104 105 
85 102 105 106 
86 102 106 107 
87 102 107 20 
88 102 20 108 
89 102 108 109 
90 102 109 110 
91 102 110 111 
92 102 111 112 
93 102 112 113 
94 102 113 114 
95 102 114 115 
96 102 115 116 
97 102 116 117 
98 102 117 118 
99 102 118 119 
100 102 119 120 
101 102 120 121 
102 102 121 122 
103 102 122 123 
104 102 123 19 
105 102 19 124 
106 102 124 125 
107 102 125 126 
108 102 126 127 
109 102 127 128 
110 102 128 129 
111 102 129 130 
112 102 130 131 
113 102 131 132 
114 102 132 133 
115 102 133 134 
116 102 134 135 
117 102 135 136 
118 102 136 137 
119 102 137 138 
120 102 138 139 
121 102 139 140 
122 102 140 141 
123 102 141 142 
124 102 142 18 
125 102 143 17 
126 102 18 143 
127 102 144 16 
128 102 145 144 
129 102 146 145 
130 102 147 146 
131 102 148 147 
132 102 149 148 
133 102 150 149 
134 102 151 150 
135 102 152 151 
136 102 153 152 
137 102 154 153 
138 102 155 154 
139 102 156 155 
140 102 157 156 
141 102 158 157 
142 102 159 158 
143 102 160 159 
144 102 17 160 
145 102 161 15 
146 102 162 161 
147 102 163 162 
148 102 164 163 
149 102 165 164 
150 102 166 165 
151 102 167 166 
152 102 168 167 
153 102 169 168 
154 102 170 169 
155 102 171 170 
156 102 172 171 
157 102 173 172 
158 102 174 173 
159 102 175 174 
160 102 176 175 
161 102 16 176 
162 102 177 14 
163 102 178 177 
164 102 179 178 
165 102 180 179 
166 102 181 180 
167 102 182 181 
168 102 183 182 
169 102 184 183 
170 102 185 184 
171 102 186 185 
172 102 187 186 
173 102 188 187 
174 102 189 188 
175 102 15 189 
176 102 190 13 
177 102 191 190 
178 102 192 191 
179 102 193 192 
180 102 194 193 
181 102 195 194 
182 102 196 195 
183 102 197 196 
184 102 198 197 
185 102 199 198 
186 102 200 199 
187 102 201 200 
188 102 202 201 
189 102 203 202 
190 102 204 203 
191 102 205 204 
192 102 14 205 
193 102 206 12 
194 102 207 206 
195 102 208 207 
196 102 209 208 
197 102 210 209 
198 102 211 210 
199 102 212 211 
200 102 213 212 
201 102 214 213 
202 102 215 214 
203 102 216 215 
204 102 217 216 
205 102 218 217 
206 102 219 218 
207 102 220 219 
208 102 13 220 
209 102 221 11 
210 102 222 221 
211 102 223 222 
212 102 224 223 
213 102 225 224 
214 102 226 225 
215 102 227 226 
216 102 228 227 
217 102 229 228 
218 102 230 229 
219 102 231 230 
220 102 232 231 
221 102 233 232 
222 102 234 233 
223 102 235 234 
224 102 236 235 
225 102 237 236 
226 102 238 237 
227 102 239 238 
228 102 240 239 
229 102 241 240 
230 102 242 241 
231 102 243 242 
232 102 244 243 
233 102 245 244 
234 102 246 245 
235 102 247 246 
236 102 248 247 
237 102 249 248 
238 102 250 249 
239 102 251 250 
240 102 252 251 
241 102 253 252 
242 102 254 253 
243 102 255 254 
244 102 12 255 
245 102 256 10 
246 102 257 256 
247 102 258 257 
248 102 259 258 
249 102 260 259 
250 102 261 260 
251 102 262 261 
252 102 263 262 
253 102 264 263 
254 102 265 264 
255 102 266 265 
256 102 267 266 
257 102 268 267 
258 102 269 268 
259 102 270 269 
260 102 11 270 
261 102 271 9 
262 102 272 271 
263 102 273 272 
264 102 274 273 
265 102 275 274 
266 102 276 275 
267 102 277 276 
268 102 278 277 
269 102 279 278 
270 102 280 279 
271 102 281 280 
272 102 282 281 
273 102 283 282 
274 102 284 283 
275 102 285 284 
276 102 286 285 
277 102 10 286 
278 102 287 8 
279 102 288 287 
280 102 289 288 
281 102 290 289 
282 102 291 290 
283 102 292 291 
284 102 293 292 
285 102 294 293 
286 102 295 294 
287 102 296 295 
288 102 297 296 
289 102 298 297 
290 102 299 298 
291 102 9 299 
292 102 300 7 
293 102 301 300 
294 102 302 301 
295 102 303 302 
296 102 304 303 
297 102 305 304 
298 102 306 305 
299 102 307 306 
300 102 308 307 
301 102 309 308 
302 102 310 309 
303 102 311 310 
304 102 312 311 
305 102 313 312 
306 102 314 313 
307 102 315 314 
308 102 8 315 
309 102 316 6 
310 102 317 316 
311 102 318 317 
312 102 319 318 
313 102 320 319 
314 102 321 320 
315 102 322 321 
316 102 323 322 
317 102 324 323 
318 102 325 324 
319 102 326 325 
320 102 327 326 
321 102 328 327 
322 102 329 328 
323 102 330 329 
324 102 331 330 
325 102 332 331 
326 102 7 332 
327 102 333 5 
328 102 6 333 
329 102 5 334 
330 102 334 335 
331 102 335 336 
332 102 336 337 
333 102 337 338 
334 102 338 339 
335 102 339 340 
336 102 340 341 
337 102 341 342 
338 102 342 343 
339 102 343 344 
340 102 344 345 
341 102 345 346 
342 102 346 347 
343 102 347 348 
344 102 348 349 
345 102 349 350 
346 102 350 351 
347 102 351 352 
348 102 352 4 
349 102 4 353 
350 102 353 354 
351 102 354 355 
352 102 355 356 
353 102 356 357 
354 102 357 358 
355 102 358 359 
356 102 359 360 
357 102 360 361 
358 102 361 362 
359 102 362 363 
360 102 363 364 
361 102 364 365 
362 102 365 366 
363 102 366 367 
364 102 367 368 
365 102 368 3 
366 102 3 369 
367 102 369 370 
368 102 370 371 
369 102 371 372 
370 102 372 373 
371 102 373 374 
372 102 374 375 
373 102 375 376 
374 102 376 377 
375 102 377 2 
376 102 2 378 
377 102 378 379 
378 102 379 380 
379 102 380 381 
380 102 381 382 
381 102 382 383 
382 102 383 384 
383 102 384 385 
384 102 385 386 
385 102 386 387 
386 102 387 388 
387 102 388 389 
388 102 389 390 
389 102 390 391 
390 102 391 392 
391 102 392 393 
392 102 393 1 
393 102 1 394 
394 102 394 395 
395 102 395 396 
396 102 396 397 
397 102 397 398 
398 102 398 399 
399 102 399 400 
400 102 400 401 
401 102 401 402 
402 102 402 403 
403 102 403 404 
404 102 404 405 
405 102 405 406 
406 102 406 407 
407 102 407 408 
408 102 408 409 
409 102 409 410 
410 102 410 411 
411 102 411 412 
412 102 412 24 
413 203 24 25 412 
414 203 25 26 413 
415 203 27 28 414 
416 203 29 30 415 
417 203 31 32 416 
418 203 33 34 417 
419 203 35 36 418 
420 203 37 38 419 
421 203 39 40 420 
422 203 41 42 421 
423 203 43 44 422 
424 203 45 46 423 
425 203 47 48 424 
426 203 49 50 425 
427 203 51 52 426 
428 203 53 54 427 
429 203 55 56 428 
430 203 57 58 429 
431 203 59 60 430 
432 203 61 62 431 
433 203 63 23 64 
434 203 64 65 432 
435 203 66 67 433 
436 203 68 69 434 
437 203 70 71 435 
438 203 72 73 436 
439 203 74 75 437 
440 203 76 77 438 
441 203 78 79 439 
442 203 80 81 440 
443 203 82 22 441 
444 203 22 83 441 
445 203 84 85 442 
446 203 86 87 443 
447 203 88 89 444 
448 203 90 91 445 
449 203 92 93 446 
450 203 94 95 447 
451 203 96 97 448 
452 203 98 21 449 
453 203 21 99 450 
454 203 100 101 451 
455 203 102 103 452 
456 203 104 105 453 
457 203 106 107 454 
458 203 20 108 455 
459 203 109 110 456 
460 203 111 112 457 
461 203 113 114 458 
462 203 115 116 459 
463 203 117 118 460 
464 203 119 120 461 
465 203 121 122 462 
466 203 123 19 463 
467 203 19 124 463 
468 203 125 126 464 
469 203 127 128 465 
470 203 129 130 466 
471 203 131 132 467 
472 203 133 134 468 
473 203 135 136 469 
474 203 137 138 470 
475 203 139 140 471 
476 203 141 142 472 
477 203 142 18 473 
478 203 472 142 473 
479 203 18 143 473 
480 203 160 473 17 
481 203 144 16 464 
482 203 146 145 465 
483 203 148 147 466 
484 203 150 149 467 
485 203 152 151 468 
486 203 154 153 469 
487 203 156 155 470 
488 203 158 157 471 
489 203 160 159 472 
490 203 161 15 474 
491 203 162 161 475 
492 203 161 474 475 
493 203 163 162 476 
494 203 162 475 476 
495 203 164 163 477 
496 203 163 476 477 
497 203 165 164 478 
498 203 164 477 478 
499 203 166 165 479 
500 203 165 478 479 
501 203 167 166 480 
502 203 166 479 480 
503 203 168 167 481 
504 203 167 480 481 
505 203 169 168 482 
506 203 168 481 482 
507 203 170 169 483 
508 203 169 482 483 
509 203 171 170 484 
510 203 170 483 484 
511 203 172 171 485 
512 203 171 484 485 
513 203 173 172 486 
514 203 172 485 486 
515 203 174 173 487 
516 203 173 486 487 
517 203 175 174 488 
518 203 174 487 488 
519 203 176 175 489 
520 203 175 488 489 
521 203 16 176 490 
522 203 176 489 490 
523 203 177 14 491 
524 203 178 177 492 
525 203 177 491 492 
526 203 179 178 450 
527 203 181 180 451 
528 203 183 182 452 
529 203 185 184 453 
530 203 187 186 454 
531 203 189 188 493 
532 203 15 189 474 
533 203 190 13 494 
534 203 191 190 495 
535 203 190 494 495 
536 203 192 191 496 
537 203 191 495 496 
538 203 193 192 497 
539 203 192 496 497 
540 203 194 193 498 
541 203 193 497 498 
542 203 195 194 499 
543 203 194 498 499 
544 203 196 195 500 
545 203 195 499 500 
546 203 197 196 501 
547 203 196 500 501 
548 203 198 197 502 
549 203 197 501 502 
550 203 199 198 503 
551 203 198 502 503 
552 203 200 199 504 
553 203 199 503 504 
554 203 201 200 505 
555 203 200 504 505 
556 203 202 201 506 
557 203 201 505 506 
558 203 203 202 507 
559 203 202 506 507 
560 203 204 203 508 
561 203 203 507 508 
562 203 205 204 509 
563 203 204 508 509 
564 203 14 205 491 
565 203 206 12 510 
566 203 207 206 433 
567 203 209 208 434 
568 203 211 210 435 
569 203 213 212 436 
570 203 215 214 437 
571 203 217 216 438 
572 203 219 218 439 
573 203 13 220 440 
574 203 221 11 511 
575 203 222 221 414 
576 203 224 223 415 
577 203 226 225 416 
578 203 228 227 417 
579 203 230 229 418 
580 203 232 231 419 
581 203 234 233 420 
582 203 236 235 421 
583 203 238 237 422 
584 203 240 239 423 
585 203 242 241 424 
586 203 244 243 425 
587 203 246 245 426 
588 203 248 247 427 
589 203 250 249 428 
590 203 252 251 429 
591 203 254 253 430 
592 203 12 255 431 
593 203 256 10 512 
594 203 257 256 513 
595 203 256 512 513 
596 203 258 257 514 
597 203 257 513 514 
598 203 259 258 515 
599 203 258 514 515 
600 203 260 259 516 
601 203 259 515 516 
602 203 261 260 517 
603 203 260 516 517 
604 203 262 261 518 
605 203 261 517 518 
606 203 263 262 519 
607 203 262 518 519 
608 203 264 263 520 
609 203 263 519 520 
610 203 265 264 521 
611 203 264 520 521 
612 203 266 265 522 
613 203 265 521 522 
614 203 267 266 523 
615 203 266 522 523 
616 203 268 267 524 
617 203 267 523 524 
618 203 269 268 525 
619 203 268 524 525 
620 203 270 269 526 
621 203 269 525 526 
622 203 11 270 527 
623 203 270 526 527 
624 203 271 9 528 
625 203 272 271 529 
626 203 271 528 529 
627 203 273 272 530 
628 203 272 529 530 
629 203 274 273 531 
630 203 273 530 531 
631 203 275 274 532 
632 203 274 531 532 
633 203 276 275 533 
634 203 275 532 533 
635 203 277 276 534 
636 203 276 533 534 
637 203 278 277 535 
638 203 277 534 535 
639 203 279 278 536 
640 203 278 535 536 
641 203 280 279 537 
642 203 279 536 537 
643 203 281 280 538 
644 203 280 537 538 
645 203 282 281 539 
646 203 281 538 539 
647 203 283 282 540 
648 203 282 539 540 
649 203 284 283 541 
650 203 283 540 541 
651 203 285 284 542 
652 203 284 541 542 
653 203 286 285 543 
654 203 285 542 543 
655 203 10 286 544 
656 203 286 543 544 
657 203 287 8 545 
658 203 288 287 546 
659 203 287 545 546 
660 203 289 288 547 
661 203 288 546 547 
662 203 290 289 548 
663 203 289 547 548 
664 203 291 290 549 
665 203 290 548 549 
666 203 292 291 550 
667 203 291 549 550 
668 203 293 292 551 
669 203 292 550 551 
670 203 294 293 552 
671 203 293 551 552 
672 203 295 294 553 
673 203 294 552 553 
674 203 296 295 554 
675 203 295 553 554 
676 203 297 296 555 
677 203 296 554 555 
678 203 298 297 556 
679 203 297 555 556 
680 203 299 298 557 
681 203 298 556 557 
682 203 9 299 528 
683 203 300 7 558 
684 203 301 300 559 
685 203 300 558 559 
686 203 302 301 560 
687 203 301 559 560 
688 203 303 302 561 
689 203 302 560 561 
690 203 304 303 562 
691 203 303 561 562 
692 203 305 304 563 
693 203 304 562 563 
694 203 306 305 564 
695 203 305 563 564 
696 203 307 306 565 
697 203 306 564 565 
698 203 308 307 566 
699 203 307 565 566 
700 203 309 308 567 
701 203 308 566 567 
702 203 310 309 568 
703 203 309 567 568 
704 203 311 310 569 
705 203 310 568 569 
706 203 312 311 570 
707 203 311 569 570 
708 203 313 312 571 
709 203 312 570 571 
710 203 314 313 572 
711 203 313 571 572 
712 203 315 314 573 
713 203 314 572 573 
714 203 8 315 545 
715 203 316 6 333 
716 203 317 316 574 
717 203 318 317 575 
718 203 317 574 575 
719 203 319 318 576 
720 203 318 575 576 
721 203 320 319 577 
722 203 319 576 577 
723 203 321 320 578 
724 203 320 577 578 
725 203 322 321 579 
726 203 321 578 579 
727 203 323 322 580 
728 203 322 579 580 
729 203 324 323 581 
730 203 323 580 581 
731 203 325 324 582 
732 203 324 581 582 
733 203 326 325 583 
734 203 325 582 583 
735 203 327 326 584 
736 203 326 583 584 
737 203 328 327 585 
738 203 327 584 585 
739 203 329 328 586 
740 203 328 585 586 
741 203 330 329 587 
742 203 329 586 587 
743 203 331 330 588 
744 203 330 587 588 
745 203 332 331 589 
746 203 331 588 589 
747 203 7 332 590 
748 203 332 589 590 
749 203 333 5 334 
750 203 334 335 574 
751 203 335 336 575 
752 203 336 337 576 
753 203 337 338 577 
754 203 338 339 578 
755 203 339 340 579 
756 203 340 341 580 
757 203 341 342 581 
758 203 342 343 582 
759 203 343 344 583 
760 203 344 345 584 
761 203 345 346 585 
762 203 346 347 586 
763 203 347 348 587 
764 203 348 349 588 
765 203 349 350 589 
766 203 350 351 590 
767 203 352 4 591 
768 203 4 353 591 
769 203 354 355 592 
770 203 356 357 593 
771 203 358 359 594 
772 203 360 361 595 
773 203 362 363 596 
774 203 364 365 597 
775 203 366 367 598 
776 203 368 3 599 
777 203 3 369 547 
778 203 369 370 548 
779 203 370 371 549 
780 203 371 372 550 
781 203 372 373 551 
782 203 373 374 552 
783 203 374 375 553 
784 203 375 376 554 
785 203 376 377 555 
786 203 377 2 556 
787 203 2 378 600 
788 203 379 380 601 
789 203 381 382 602 
790 203 383 384 603 
791 203 385 386 604 
792 203 387 388 605 
793 203 389 390 606 
794 203 391 392 607 
795 203 393 1 608 
796 203 1 394 608 
797 203 395 396 512 
798 203 396 397 513 
799 203 397 398 514 
800 203 398 399 515 
801 203 399 400 516 
802 203 400 401 517 
803 203 401 402 518 
804 203 402 403 519 
805 203 403 404 520 
806 203 404 405 521 
807 203 405 406 522 
808 203 406 407 523 
809 203 407 408 524 
810 203 408 409 525 
811 203 409 410 526 
812 203 410 411 527 
813 203 412 25 413 
814 203 63 64 432 
815 203 316 333 574 
816 203 333 334 574 
817 203 413 26 511 
818 203 27 414 511 
819 203 26 27 511 
820 203 29 415 609 
821 203 28 29 609 
822 203 415 223 609 
823 203 31 416 610 
824 203 30 31 610 
825 203 416 225 610 
826 203 33 417 611 
827 203 32 33 611 
828 203 417 227 611 
829 203 35 418 612 
830 203 34 35 612 
831 203 418 229 612 
832 203 37 419 613 
833 203 36 37 613 
834 203 419 231 613 
835 203 39 420 614 
836 203 38 39 614 
837 203 420 233 614 
838 203 41 421 615 
839 203 40 41 615 
840 203 421 235 615 
841 203 43 422 616 
842 203 42 43 616 
843 203 422 237 616 
844 203 45 423 617 
845 203 44 45 617 
846 203 423 239 617 
847 203 47 424 618 
848 203 46 47 618 
849 203 424 241 618 
850 203 49 425 619 
851 203 48 49 619 
852 203 425 243 619 
853 203 51 426 620 
854 203 50 51 620 
855 203 426 245 620 
856 203 53 427 621 
857 203 52 53 621 
858 203 427 247 621 
859 203 55 428 622 
860 203 54 55 622 
861 203 428 249 622 
862 203 57 429 623 
863 203 56 57 623 
864 203 429 251 623 
865 203 59 430 624 
866 203 58 59 624 
867 203 430 253 624 
868 203 61 431 625 
869 203 60 61 625 
870 203 431 255 625 
871 203 62 63 626 
872 203 432 65 510 
873 203 66 433 510 
874 203 65 66 510 
875 203 68 434 627 
876 203 67 68 627 
877 203 434 208 627 
878 203 70 435 628 
879 203 69 70 628 
880 203 435 210 628 
881 203 72 436 629 
882 203 71 72 629 
883 203 436 212 629 
884 203 74 437 630 
885 203 73 74 630 
886 203 437 214 630 
887 203 76 438 631 
888 203 75 76 631 
889 203 438 216 631 
890 203 78 439 632 
891 203 77 78 632 
892 203 439 218 632 
893 203 80 440 633 
894 203 79 80 633 
895 203 440 220 633 
896 203 81 82 634 
897 203 441 83 635 
898 203 83 84 635 
899 203 442 85 636 
900 203 85 86 636 
901 203 86 443 636 
902 203 87 88 637 
903 203 89 90 638 
904 203 91 92 639 
905 203 93 94 640 
906 203 95 96 641 
907 203 97 98 642 
908 203 21 450 492 
909 203 100 451 643 
910 203 99 100 643 
911 203 451 180 643 
912 203 102 452 644 
913 203 101 102 644 
914 203 452 182 644 
915 203 104 453 645 
916 203 103 104 645 
917 203 453 184 645 
918 203 106 454 646 
919 203 105 106 646 
920 203 454 186 646 
921 203 20 455 493 
922 203 107 20 647 
923 203 108 109 648 
924 203 110 111 649 
925 203 112 113 650 
926 203 114 115 651 
927 203 116 117 652 
928 203 118 119 653 
929 203 120 121 654 
930 203 122 123 655 
931 203 463 124 656 
932 203 464 126 657 
933 203 126 127 657 
934 203 124 125 656 
935 203 127 465 657 
936 203 656 125 464 
937 203 129 466 658 
938 203 128 129 658 
939 203 466 147 658 
940 203 131 467 659 
941 203 130 131 659 
942 203 467 149 659 
943 203 133 468 660 
944 203 132 133 660 
945 203 468 151 660 
946 203 135 469 661 
947 203 134 135 661 
948 203 469 153 661 
949 203 137 470 662 
950 203 136 137 662 
951 203 470 155 662 
952 203 139 471 663 
953 203 138 139 663 
954 203 471 157 663 
955 203 141 472 664 
956 203 140 141 664 
957 203 472 159 664 
958 203 130 659 466 
959 203 464 16 656 
960 203 143 17 473 
961 203 146 465 658 
962 203 145 144 657 
963 203 148 466 659 
964 203 147 146 658 
965 203 150 467 660 
966 203 149 148 659 
967 203 152 468 661 
968 203 151 150 660 
969 203 154 469 662 
970 203 153 152 661 
971 203 156 470 663 
972 203 155 154 662 
973 203 158 471 664 
974 203 157 156 663 
975 203 160 472 473 
976 203 159 158 664 
977 203 16 490 656 
978 203 144 464 657 
979 203 179 450 643 
980 203 206 510 433 
981 203 178 492 450 
982 203 181 451 644 
983 203 180 179 643 
984 203 183 452 645 
985 203 182 181 644 
986 203 185 453 646 
987 203 184 183 645 
988 203 187 454 647 
989 203 186 185 646 
990 203 189 493 474 
991 203 188 187 647 
992 203 188 647 493 
993 203 494 13 634 
994 203 205 509 491 
995 203 510 12 432 
996 203 207 433 627 
997 203 209 434 628 
998 203 208 207 627 
999 203 211 435 629 
1000 203 210 209 628 
1001 203 213 436 630 
1002 203 212 211 629 
1003 203 215 437 631 
1004 203 214 213 630 
1005 203 217 438 632 
1006 203 216 215 631 
1007 203 219 439 633 
1008 203 218 217 632 
1009 203 13 440 634 
1010 203 220 219 633 
1011 203 221 511 414 
1012 203 222 414 609 
1013 203 224 415 610 
1014 203 223 222 609 
1015 203 226 416 611 
1016 203 225 224 610 
1017 203 228 417 612 
1018 203 227 226 611 
1019 203 230 418 613 
1020 203 229 228 612 
1021 203 232 419 614 
1022 203 231 230 613 
1023 203 234 420 615 
1024 203 233 232 614 
1025 203 236 421 616 
1026 203 235 234 615 
1027 203 238 422 617 
1028 203 237 236 616 
1029 203 240 423 618 
1030 203 239 238 617 
1031 203 242 424 619 
1032 203 241 240 618 
1033 203 244 425 620 
1034 203 243 242 619 
1035 203 246 426 621 
1036 203 245 244 620 
1037 203 248 427 622 
1038 203 247 246 621 
1039 203 250 428 623 
1040 203 249 248 622 
1041 203 252 429 624 
1042 203 251 250 623 
1043 203 254 430 625 
1044 203 253 252 624 
1045 203 255 254 625 
1046 203 11 527 665 
1047 203 665 413 11 
1048 203 527 411 665 
1049 203 545 315 573 
1050 203 299 557 528 
1051 203 576 337 577 
1052 203 575 336 576 
1053 203 574 335 575 
1054 203 7 590 666 
1055 203 558 7 666 
1056 203 590 351 666 
1057 203 28 609 414 
1058 203 666 351 352 
1059 203 338 578 577 
1060 203 339 579 578 
1061 203 340 580 579 
1062 203 341 581 580 
1063 203 342 582 581 
1064 203 343 583 582 
1065 203 344 584 583 
1066 203 345 585 584 
1067 203 346 586 585 
1068 203 347 587 586 
1069 203 348 588 587 
1070 203 349 589 588 
1071 203 350 590 589 
1072 203 352 591 666 
1073 203 591 353 667 
1074 203 353 354 667 
1075 203 355 356 668 
1076 203 357 358 669 
1077 203 359 360 670 
1078 203 361 362 671 
1079 203 363 364 672 
1080 203 365 366 673 
1081 203 367 368 674 
1082 203 3 547 546 
1083 203 369 548 547 
1084 203 370 549 548 
1085 203 371 550 549 
1086 203 372 551 550 
1087 203 373 552 551 
1088 203 374 553 552 
1089 203 375 554 553 
1090 203 376 555 554 
1091 203 377 556 555 
1092 203 2 600 557 
1093 203 378 379 675 
1094 203 380 381 676 
1095 203 382 383 677 
1096 203 384 385 678 
1097 203 386 387 679 
1098 203 388 389 680 
1099 203 390 391 681 
1100 203 392 393 682 
1101 203 608 394 683 
1102 203 512 396 513 
1103 203 394 395 683 
1104 203 397 514 513 
1105 203 398 515 514 
1106 203 399 516 515 
1107 203 400 517 516 
1108 203 401 518 517 
1109 203 402 519 518 
1110 203 403 520 519 
1111 203 404 521 520 
1112 203 405 522 521 
1113 203 406 523 522 
1114 203 407 524 523 
1115 203 408 525 524 
1116 203 409 526 525 
1117 203 410 527 526 
1118 203 411 412 665 
1119 203 415 30 610 
1120 203 416 32 611 
1121 203 417 34 612 
1122 203 418 36 613 
1123 203 419 38 614 
1124 203 420 40 615 
1125 203 421 42 616 
1126 203 422 44 617 
1127 203 423 46 618 
1128 203 424 48 619 
1129 203 425 50 620 
1130 203 426 52 621 
1131 203 427 54 622 
1132 203 428 56 623 
1133 203 429 58 624 
1134 203 430 60 625 
1135 203 431 62 626 
1136 203 433 67 627 
1137 203 434 69 628 
1138 203 435 71 629 
1139 203 436 73 630 
1140 203 437 75 631 
1141 203 438 77 632 
1142 203 439 79 633 
1143 203 440 81 634 
1144 203 84 442 635 
1145 203 443 87 637 
1146 203 444 89 638 
1147 203 445 91 639 
1148 203 446 93 640 
1149 203 447 95 641 
1150 203 448 97 642 
1151 203 449 21 492 
1152 203 450 99 643 
1153 203 451 101 644 
1154 203 452 103 645 
1155 203 453 105 646 
1156 203 454 107 647 
1157 203 455 108 648 
1158 203 456 110 649 
1159 203 457 112 650 
1160 203 458 114 651 
1161 203 459 116 652 
1162 203 460 118 653 
1163 203 461 120 654 
1164 203 462 122 655 
1165 203 128 658 465 
1166 203 467 132 660 
1167 203 468 134 661 
1168 203 469 136 662 
1169 203 470 138 663 
1170 203 471 140 664 
1171 203 465 145 657 
1172 203 20 493 647 
1173 203 512 10 683 
1174 203 683 395 512 
1175 203 674 368 599 
1176 203 671 362 596 
1177 203 354 592 667 
1178 203 593 357 669 
1179 203 594 359 670 
1180 203 595 361 671 
1181 203 596 363 672 
1182 203 597 365 673 
1183 203 598 367 674 
1184 203 599 3 546 
1185 203 682 393 608 
1186 203 679 387 605 
1187 203 676 381 602 
1188 203 2 557 556 
1189 203 600 378 675 
1190 203 601 380 676 
1191 203 602 382 677 
1192 203 603 384 678 
1193 203 604 386 679 
1194 203 605 388 680 
1195 203 606 390 681 
1196 203 607 392 682 
1197 203 655 123 463 
1198 203 654 121 462 
1199 203 653 119 461 
1200 203 652 117 460 
1201 203 651 115 459 
1202 203 642 98 449 
1203 203 641 96 448 
1204 203 640 94 447 
1205 203 639 92 446 
1206 203 634 82 441 
1207 203 638 90 445 
1208 203 637 88 444 
1209 203 650 113 458 
1210 203 649 111 457 
1211 203 683 10 544 
1212 203 648 109 456 
1213 203 680 389 606 
1214 203 677 383 603 
1215 203 672 364 597 
1216 203 669 358 594 
1217 203 673 366 598 
1218 203 670 360 595 
1219 203 668 356 593 
1220 203 355 668 592 
1221 203 681 391 607 
1222 203 678 385 604 
1223 203 675 379 601 
1224 203 431 626 12 
1225 203 511 11 413 
1226 203 626 63 432 
1227 203 626 432 12 
1228 203 455 648 475 
1229 203 635 442 495 
1230 203 443 637 498 
1231 203 638 445 501 
1232 203 441 635 494 
1233 203 444 638 500 
1234 203 442 636 496 
1235 203 636 443 497 
1236 203 650 458 480 
1237 203 445 639 502 
1238 203 637 444 499 
1239 203 446 640 504 
1240 203 634 441 494 
1241 203 447 641 506 
1242 203 639 446 503 
1243 203 448 642 508 
1244 203 640 447 505 
1245 203 449 492 491 
1246 203 641 448 507 
1247 203 474 493 455 
1248 203 674 599 573 
1249 203 674 573 572 
1250 203 456 649 477 
1251 203 680 606 540 
1252 203 457 650 479 
1253 203 683 544 608 
1254 203 458 651 481 
1255 203 649 457 478 
1256 203 459 652 483 
1257 203 642 449 509 
1258 203 460 653 485 
1259 203 651 459 482 
1260 203 461 654 487 
1261 203 652 460 484 
1262 203 462 655 489 
1263 203 653 461 486 
1264 203 654 462 488 
1265 203 463 656 490 
1266 203 476 475 648 
1267 203 477 476 456 
1268 203 478 477 649 
1269 203 479 478 457 
1270 203 480 479 650 
1271 203 481 480 458 
1272 203 482 481 651 
1273 203 483 482 459 
1274 203 484 483 652 
1275 203 485 484 460 
1276 203 486 485 653 
1277 203 487 486 461 
1278 203 488 487 654 
1279 203 489 488 462 
1280 203 490 489 655 
1281 203 491 509 449 
1282 203 496 495 442 
1283 203 497 496 636 
1284 203 498 497 443 
1285 203 499 498 637 
1286 203 500 499 444 
1287 203 501 500 638 
1288 203 502 501 445 
1289 203 503 502 639 
1290 203 504 503 446 
1291 203 505 504 640 
1292 203 506 505 447 
1293 203 507 506 641 
1294 203 508 507 448 
1295 203 509 508 642 
1296 203 648 456 476 
1297 203 530 529 675 
1298 203 531 530 601 
1299 203 532 531 676 
1300 203 533 532 602 
1301 203 534 533 677 
1302 203 535 534 603 
1303 203 536 535 678 
1304 203 537 536 604 
1305 203 538 537 679 
1306 203 539 538 605 
1307 203 540 539 680 
1308 203 541 540 606 
1309 203 542 541 681 
1310 203 543 542 607 
1311 203 544 543 682 
1312 203 557 600 528 
1313 203 559 558 667 
1314 203 559 667 592 
1315 203 560 559 592 
1316 203 561 560 668 
1317 203 562 561 593 
1318 203 563 562 669 
1319 203 564 563 594 
1320 203 565 564 670 
1321 203 566 565 595 
1322 203 567 566 671 
1323 203 568 567 596 
1324 203 569 568 672 
1325 203 570 569 597 
1326 203 571 570 673 
1327 203 572 571 598 
1328 203 558 666 591 
1329 203 542 681 607 
1330 203 594 563 669 
1331 203 671 566 595 
1332 203 593 669 562 
1333 203 592 668 560 
1334 203 594 670 564 
1335 203 673 598 571 
1336 203 668 593 561 
1337 203 596 672 568 
1338 203 597 673 570 
1339 203 598 674 572 
1340 203 670 595 565 
1341 203 599 546 545 
1342 203 671 596 567 
1343 203 682 608 544 
1344 203 601 676 531 
1345 203 455 475 474 
1346 203 602 677 533 
1347 203 603 678 535 
1348 203 672 597 569 
1349 203 604 679 537 
1350 203 675 601 530 
1351 203 605 680 539 
1352 203 676 602 532 
1353 203 606 681 541 
1354 203 677 603 534 
1355 203 607 682 543 
1356 203 678 604 536 
1357 203 655 463 490 
1358 203 679 605 538 
1359 203 412 413 665 
1360 203 591 667 558 
1361 203 675 529 600 
1362 203 495 494 635 
1363 203 529 528 600 
1364 203 545 573 599 
