1071 1071
1 0.00000000000000e+00 0.00000000000000e+00 0.00000000000000e+00
2 1.00000000000000e+00 0.00000000000000e+00 0.00000000000000e+00
3 1.00000000000000e+00 1.00000000000000e+00 0.00000000000000e+00
4 6.66000000000000e-01 1.00000000000000e+00 0.00000000000000e+00
5 6.66000000000000e-01 1.25000000000000e+00 0.00000000000000e+00
6 1.50000000000000e+00 2.00000000000000e+00 0.00000000000000e+00
7 1.50000000000000e+00 2.25000000000000e+00 0.00000000000000e+00
8 0.00000000000000e+00 1.00000000000000e+00 0.00000000000000e+00
9 3.33000000000000e-01 1.00000000000000e+00 0.00000000000000e+00
10 3.33000000000000e-01 1.25000000000000e+00 0.00000000000000e+00
11 1.15000000000000e+00 2.00000000000000e+00 0.00000000000000e+00
12 1.15000000000000e+00 2.25000000000000e+00 0.00000000000000e+00
13 7.50000000000000e-01 2.50000000000000e+00 0.00000000000000e+00
14 7.50000000000000e-01 3.25000000000000e+00 0.00000000000000e+00
15 2.00000000000000e+00 3.25000000000000e+00 0.00000000000000e+00
16 2.00000000000000e+00 2.50000000000000e+00 0.00000000000000e+00
17 1.00000000000000e-02 0.00000000000000e+00 0.00000000000000e+00
18 2.00000000000000e-02 0.00000000000000e+00 0.00000000000000e+00
19 3.00000000000000e-02 0.00000000000000e+00 0.00000000000000e+00
20 4.00000000000000e-02 0.00000000000000e+00 0.00000000000000e+00
21 5.00000000000000e-02 0.00000000000000e+00 0.00000000000000e+00
22 6.00000000000000e-02 0.00000000000000e+00 0.00000000000000e+00
23 7.00000000000000e-02 0.00000000000000e+00 0.00000000000000e+00
24 8.00000000000000e-02 0.00000000000000e+00 0.00000000000000e+00
25 9.00000000000000e-02 0.00000000000000e+00 0.00000000000000e+00
26 1.00000000000000e-01 0.00000000000000e+00 0.00000000000000e+00
27 1.10000000000000e-01 0.00000000000000e+00 0.00000000000000e+00
28 1.20000000000000e-01 0.00000000000000e+00 0.00000000000000e+00
29 1.30000000000000e-01 0.00000000000000e+00 0.00000000000000e+00
30 1.40000000000000e-01 0.00000000000000e+00 0.00000000000000e+00
31 1.50000000000000e-01 0.00000000000000e+00 0.00000000000000e+00
32 1.60000000000000e-01 0.00000000000000e+00 0.00000000000000e+00
33 1.70000000000000e-01 0.00000000000000e+00 0.00000000000000e+00
34 1.80000000000000e-01 0.00000000000000e+00 0.00000000000000e+00
35 1.90000000000000e-01 0.00000000000000e+00 0.00000000000000e+00
36 2.00000000000000e-01 0.00000000000000e+00 0.00000000000000e+00
37 2.10000000000000e-01 0.00000000000000e+00 0.00000000000000e+00
38 2.20000000000000e-01 0.00000000000000e+00 0.00000000000000e+00
39 2.30000000000000e-01 0.00000000000000e+00 0.00000000000000e+00
40 2.40000000000000e-01 0.00000000000000e+00 0.00000000000000e+00
41 2.50000000000000e-01 0.00000000000000e+00 0.00000000000000e+00
42 2.60000000000000e-01 0.00000000000000e+00 0.00000000000000e+00
43 2.70000000000000e-01 0.00000000000000e+00 0.00000000000000e+00
44 2.80000000000000e-01 0.00000000000000e+00 0.00000000000000e+00
45 2.90000000000000e-01 0.00000000000000e+00 0.00000000000000e+00
46 3.00000000000000e-01 0.00000000000000e+00 0.00000000000000e+00
47 3.10000000000000e-01 0.00000000000000e+00 0.00000000000000e+00
48 3.20000000000000e-01 0.00000000000000e+00 0.00000000000000e+00
49 3.30000000000000e-01 0.00000000000000e+00 0.00000000000000e+00
50 3.40000000000000e-01 0.00000000000000e+00 0.00000000000000e+00
51 3.50000000000000e-01 0.00000000000000e+00 0.00000000000000e+00
52 3.60000000000000e-01 0.00000000000000e+00 0.00000000000000e+00
53 3.70000000000000e-01 0.00000000000000e+00 0.00000000000000e+00
54 3.80000000000000e-01 0.00000000000000e+00 0.00000000000000e+00
55 3.90000000000000e-01 0.00000000000000e+00 0.00000000000000e+00
56 4.00000000000000e-01 0.00000000000000e+00 0.00000000000000e+00
57 4.10000000000000e-01 0.00000000000000e+00 0.00000000000000e+00
58 4.20000000000000e-01 0.00000000000000e+00 0.00000000000000e+00
59 4.30000000000000e-01 0.00000000000000e+00 0.00000000000000e+00
60 4.40000000000000e-01 0.00000000000000e+00 0.00000000000000e+00
61 4.50000000000000e-01 0.00000000000000e+00 0.00000000000000e+00
62 4.60000000000000e-01 0.00000000000000e+00 0.00000000000000e+00
63 4.70000000000000e-01 0.00000000000000e+00 0.00000000000000e+00
64 4.80000000000000e-01 0.00000000000000e+00 0.00000000000000e+00
65 4.90000000000000e-01 0.00000000000000e+00 0.00000000000000e+00
66 5.00000000000000e-01 0.00000000000000e+00 0.00000000000000e+00
67 5.10000000000000e-01 0.00000000000000e+00 0.00000000000000e+00
68 5.20000000000000e-01 0.00000000000000e+00 0.00000000000000e+00
69 5.30000000000000e-01 0.00000000000000e+00 0.00000000000000e+00
70 5.40000000000000e-01 0.00000000000000e+00 0.00000000000000e+00
71 5.50000000000000e-01 0.00000000000000e+00 0.00000000000000e+00
72 5.60000000000000e-01 0.00000000000000e+00 0.00000000000000e+00
73 5.70000000000000e-01 0.00000000000000e+00 0.00000000000000e+00
74 5.80000000000000e-01 0.00000000000000e+00 0.00000000000000e+00
75 5.90000000000000e-01 0.00000000000000e+00 0.00000000000000e+00
76 6.00000000000000e-01 0.00000000000000e+00 0.00000000000000e+00
77 6.10000000000000e-01 0.00000000000000e+00 0.00000000000000e+00
78 6.20000000000000e-01 0.00000000000000e+00 0.00000000000000e+00
79 6.30000000000000e-01 0.00000000000000e+00 0.00000000000000e+00
80 6.40000000000000e-01 0.00000000000000e+00 0.00000000000000e+00
81 6.50000000000000e-01 0.00000000000000e+00 0.00000000000000e+00
82 6.60000000000000e-01 0.00000000000000e+00 0.00000000000000e+00
83 6.70000000000000e-01 0.00000000000000e+00 0.00000000000000e+00
84 6.80000000000000e-01 0.00000000000000e+00 0.00000000000000e+00
85 6.90000000000000e-01 0.00000000000000e+00 0.00000000000000e+00
86 7.00000000000000e-01 0.00000000000000e+00 0.00000000000000e+00
87 7.10000000000000e-01 0.00000000000000e+00 0.00000000000000e+00
88 7.20000000000000e-01 0.00000000000000e+00 0.00000000000000e+00
89 7.30000000000000e-01 0.00000000000000e+00 0.00000000000000e+00
90 7.40000000000000e-01 0.00000000000000e+00 0.00000000000000e+00
91 7.50000000000000e-01 0.00000000000000e+00 0.00000000000000e+00
92 7.60000000000000e-01 0.00000000000000e+00 0.00000000000000e+00
93 7.70000000000000e-01 0.00000000000000e+00 0.00000000000000e+00
94 7.80000000000000e-01 0.00000000000000e+00 0.00000000000000e+00
95 7.90000000000000e-01 0.00000000000000e+00 0.00000000000000e+00
96 8.00000000000000e-01 0.00000000000000e+00 0.00000000000000e+00
97 8.10000000000000e-01 0.00000000000000e+00 0.00000000000000e+00
98 8.20000000000001e-01 0.00000000000000e+00 0.00000000000000e+00
99 8.30000000000001e-01 0.00000000000000e+00 0.00000000000000e+00
100 8.40000000000001e-01 0.00000000000000e+00 0.00000000000000e+00
101 8.50000000000001e-01 0.00000000000000e+00 0.00000000000000e+00
102 8.60000000000001e-01 0.00000000000000e+00 0.00000000000000e+00
103 8.70000000000001e-01 0.00000000000000e+00 0.00000000000000e+00
104 8.80000000000001e-01 0.00000000000000e+00 0.00000000000000e+00
105 8.90000000000001e-01 0.00000000000000e+00 0.00000000000000e+00
106 9.00000000000001e-01 0.00000000000000e+00 0.00000000000000e+00
107 9.10000000000001e-01 0.00000000000000e+00 0.00000000000000e+00
108 9.20000000000001e-01 0.00000000000000e+00 0.00000000000000e+00
109 9.30000000000001e-01 0.00000000000000e+00 0.00000000000000e+00
110 9.40000000000001e-01 0.00000000000000e+00 0.00000000000000e+00
111 9.50000000000001e-01 0.00000000000000e+00 0.00000000000000e+00
112 9.60000000000001e-01 0.00000000000000e+00 0.00000000000000e+00
113 9.70000000000001e-01 0.00000000000000e+00 0.00000000000000e+00
114 9.80000000000001e-01 0.00000000000000e+00 0.00000000000000e+00
115 9.90000000000001e-01 0.00000000000000e+00 0.00000000000000e+00
116 1.00000000000000e+00 1.00000000000000e-02 0.00000000000000e+00
117 1.00000000000000e+00 2.00000000000000e-02 0.00000000000000e+00
118 1.00000000000000e+00 3.00000000000000e-02 0.00000000000000e+00
119 1.00000000000000e+00 4.00000000000000e-02 0.00000000000000e+00
120 1.00000000000000e+00 5.00000000000000e-02 0.00000000000000e+00
121 1.00000000000000e+00 6.00000000000000e-02 0.00000000000000e+00
122 1.00000000000000e+00 7.00000000000000e-02 0.00000000000000e+00
123 1.00000000000000e+00 8.00000000000000e-02 0.00000000000000e+00
124 1.00000000000000e+00 9.00000000000000e-02 0.00000000000000e+00
125 1.00000000000000e+00 1.00000000000000e-01 0.00000000000000e+00
126 1.00000000000000e+00 1.10000000000000e-01 0.00000000000000e+00
127 1.00000000000000e+00 1.20000000000000e-01 0.00000000000000e+00
128 1.00000000000000e+00 1.30000000000000e-01 0.00000000000000e+00
129 1.00000000000000e+00 1.40000000000000e-01 0.00000000000000e+00
130 1.00000000000000e+00 1.50000000000000e-01 0.00000000000000e+00
131 1.00000000000000e+00 1.60000000000000e-01 0.00000000000000e+00
132 1.00000000000000e+00 1.70000000000000e-01 0.00000000000000e+00
133 1.00000000000000e+00 1.80000000000000e-01 0.00000000000000e+00
134 1.00000000000000e+00 1.90000000000000e-01 0.00000000000000e+00
135 1.00000000000000e+00 2.00000000000000e-01 0.00000000000000e+00
136 1.00000000000000e+00 2.10000000000000e-01 0.00000000000000e+00
137 1.00000000000000e+00 2.20000000000000e-01 0.00000000000000e+00
138 1.00000000000000e+00 2.30000000000000e-01 0.00000000000000e+00
139 1.00000000000000e+00 2.40000000000000e-01 0.00000000000000e+00
140 1.00000000000000e+00 2.50000000000000e-01 0.00000000000000e+00
141 1.00000000000000e+00 2.60000000000000e-01 0.00000000000000e+00
142 1.00000000000000e+00 2.70000000000000e-01 0.00000000000000e+00
143 1.00000000000000e+00 2.80000000000000e-01 0.00000000000000e+00
144 1.00000000000000e+00 2.90000000000000e-01 0.00000000000000e+00
145 1.00000000000000e+00 3.00000000000000e-01 0.00000000000000e+00
146 1.00000000000000e+00 3.10000000000000e-01 0.00000000000000e+00
147 1.00000000000000e+00 3.20000000000000e-01 0.00000000000000e+00
148 1.00000000000000e+00 3.30000000000000e-01 0.00000000000000e+00
149 1.00000000000000e+00 3.40000000000000e-01 0.00000000000000e+00
150 1.00000000000000e+00 3.50000000000000e-01 0.00000000000000e+00
151 1.00000000000000e+00 3.60000000000000e-01 0.00000000000000e+00
152 1.00000000000000e+00 3.70000000000000e-01 0.00000000000000e+00
153 1.00000000000000e+00 3.80000000000000e-01 0.00000000000000e+00
154 1.00000000000000e+00 3.90000000000000e-01 0.00000000000000e+00
155 1.00000000000000e+00 4.00000000000000e-01 0.00000000000000e+00
156 1.00000000000000e+00 4.10000000000000e-01 0.00000000000000e+00
157 1.00000000000000e+00 4.20000000000000e-01 0.00000000000000e+00
158 1.00000000000000e+00 4.30000000000000e-01 0.00000000000000e+00
159 1.00000000000000e+00 4.40000000000000e-01 0.00000000000000e+00
160 1.00000000000000e+00 4.50000000000000e-01 0.00000000000000e+00
161 1.00000000000000e+00 4.60000000000000e-01 0.00000000000000e+00
162 1.00000000000000e+00 4.70000000000000e-01 0.00000000000000e+00
163 1.00000000000000e+00 4.80000000000000e-01 0.00000000000000e+00
164 1.00000000000000e+00 4.90000000000000e-01 0.00000000000000e+00
165 1.00000000000000e+00 5.00000000000000e-01 0.00000000000000e+00
166 1.00000000000000e+00 5.10000000000000e-01 0.00000000000000e+00
167 1.00000000000000e+00 5.20000000000000e-01 0.00000000000000e+00
168 1.00000000000000e+00 5.30000000000000e-01 0.00000000000000e+00
169 1.00000000000000e+00 5.40000000000000e-01 0.00000000000000e+00
170 1.00000000000000e+00 5.50000000000000e-01 0.00000000000000e+00
171 1.00000000000000e+00 5.60000000000000e-01 0.00000000000000e+00
172 1.00000000000000e+00 5.70000000000000e-01 0.00000000000000e+00
173 1.00000000000000e+00 5.80000000000000e-01 0.00000000000000e+00
174 1.00000000000000e+00 5.90000000000000e-01 0.00000000000000e+00
175 1.00000000000000e+00 6.00000000000000e-01 0.00000000000000e+00
176 1.00000000000000e+00 6.10000000000000e-01 0.00000000000000e+00
177 1.00000000000000e+00 6.20000000000000e-01 0.00000000000000e+00
178 1.00000000000000e+00 6.30000000000000e-01 0.00000000000000e+00
179 1.00000000000000e+00 6.40000000000000e-01 0.00000000000000e+00
180 1.00000000000000e+00 6.50000000000000e-01 0.00000000000000e+00
181 1.00000000000000e+00 6.60000000000000e-01 0.00000000000000e+00
182 1.00000000000000e+00 6.70000000000000e-01 0.00000000000000e+00
183 1.00000000000000e+00 6.80000000000000e-01 0.00000000000000e+00
184 1.00000000000000e+00 6.90000000000000e-01 0.00000000000000e+00
185 1.00000000000000e+00 7.00000000000000e-01 0.00000000000000e+00
186 1.00000000000000e+00 7.10000000000000e-01 0.00000000000000e+00
187 1.00000000000000e+00 7.20000000000000e-01 0.00000000000000e+00
188 1.00000000000000e+00 7.30000000000000e-01 0.00000000000000e+00
189 1.00000000000000e+00 7.40000000000000e-01 0.00000000000000e+00
190 1.00000000000000e+00 7.50000000000000e-01 0.00000000000000e+00
191 1.00000000000000e+00 7.60000000000000e-01 0.00000000000000e+00
192 1.00000000000000e+00 7.70000000000000e-01 0.00000000000000e+00
193 1.00000000000000e+00 7.80000000000000e-01 0.00000000000000e+00
194 1.00000000000000e+00 7.90000000000000e-01 0.00000000000000e+00
195 1.00000000000000e+00 8.00000000000000e-01 0.00000000000000e+00
196 1.00000000000000e+00 8.10000000000000e-01 0.00000000000000e+00
197 1.00000000000000e+00 8.20000000000001e-01 0.00000000000000e+00
198 1.00000000000000e+00 8.30000000000001e-01 0.00000000000000e+00
199 1.00000000000000e+00 8.40000000000001e-01 0.00000000000000e+00
200 1.00000000000000e+00 8.50000000000001e-01 0.00000000000000e+00
201 1.00000000000000e+00 8.60000000000001e-01 0.00000000000000e+00
202 1.00000000000000e+00 8.70000000000001e-01 0.00000000000000e+00
203 1.00000000000000e+00 8.80000000000001e-01 0.00000000000000e+00
204 1.00000000000000e+00 8.90000000000001e-01 0.00000000000000e+00
205 1.00000000000000e+00 9.00000000000001e-01 0.00000000000000e+00
206 1.00000000000000e+00 9.10000000000001e-01 0.00000000000000e+00
207 1.00000000000000e+00 9.20000000000001e-01 0.00000000000000e+00
208 1.00000000000000e+00 9.30000000000001e-01 0.00000000000000e+00
209 1.00000000000000e+00 9.40000000000001e-01 0.00000000000000e+00
210 1.00000000000000e+00 9.50000000000001e-01 0.00000000000000e+00
211 1.00000000000000e+00 9.60000000000001e-01 0.00000000000000e+00
212 1.00000000000000e+00 9.70000000000001e-01 0.00000000000000e+00
213 1.00000000000000e+00 9.80000000000001e-01 0.00000000000000e+00
214 1.00000000000000e+00 9.90000000000001e-01 0.00000000000000e+00
215 9.90176470588235e-01 1.00000000000000e+00 0.00000000000000e+00
216 9.80352941176471e-01 1.00000000000000e+00 0.00000000000000e+00
217 9.70529411764706e-01 1.00000000000000e+00 0.00000000000000e+00
218 9.60705882352941e-01 1.00000000000000e+00 0.00000000000000e+00
219 9.50882352941177e-01 1.00000000000000e+00 0.00000000000000e+00
220 9.41058823529412e-01 1.00000000000000e+00 0.00000000000000e+00
221 9.31235294117647e-01 1.00000000000000e+00 0.00000000000000e+00
222 9.21411764705882e-01 1.00000000000000e+00 0.00000000000000e+00
223 9.11588235294118e-01 1.00000000000000e+00 0.00000000000000e+00
224 9.01764705882353e-01 1.00000000000000e+00 0.00000000000000e+00
225 8.91941176470588e-01 1.00000000000000e+00 0.00000000000000e+00
226 8.82117647058824e-01 1.00000000000000e+00 0.00000000000000e+00
227 8.72294117647059e-01 1.00000000000000e+00 0.00000000000000e+00
228 8.62470588235294e-01 1.00000000000000e+00 0.00000000000000e+00
229 8.52647058823529e-01 1.00000000000000e+00 0.00000000000000e+00
230 8.42823529411765e-01 1.00000000000000e+00 0.00000000000000e+00
231 8.33000000000000e-01 1.00000000000000e+00 0.00000000000000e+00
232 8.23176470588235e-01 1.00000000000000e+00 0.00000000000000e+00
233 8.13352941176471e-01 1.00000000000000e+00 0.00000000000000e+00
234 8.03529411764706e-01 1.00000000000000e+00 0.00000000000000e+00
235 7.93705882352941e-01 1.00000000000000e+00 0.00000000000000e+00
236 7.83882352941176e-01 1.00000000000000e+00 0.00000000000000e+00
237 7.74058823529412e-01 1.00000000000000e+00 0.00000000000000e+00
238 7.64235294117647e-01 1.00000000000000e+00 0.00000000000000e+00
239 7.54411764705882e-01 1.00000000000000e+00 0.00000000000000e+00
240 7.44588235294118e-01 1.00000000000000e+00 0.00000000000000e+00
241 7.34764705882353e-01 1.00000000000000e+00 0.00000000000000e+00
242 7.24941176470588e-01 1.00000000000000e+00 0.00000000000000e+00
243 7.15117647058823e-01 1.00000000000000e+00 0.00000000000000e+00
244 7.05294117647059e-01 1.00000000000000e+00 0.00000000000000e+00
245 6.95470588235294e-01 1.00000000000000e+00 0.00000000000000e+00
246 6.85647058823529e-01 1.00000000000000e+00 0.00000000000000e+00
247 6.75823529411764e-01 1.00000000000000e+00 0.00000000000000e+00
248 6.66000000000000e-01 1.01000000000000e+00 0.00000000000000e+00
249 6.66000000000000e-01 1.02000000000000e+00 0.00000000000000e+00
250 6.66000000000000e-01 1.03000000000000e+00 0.00000000000000e+00
251 6.66000000000000e-01 1.04000000000000e+00 0.00000000000000e+00
252 6.66000000000000e-01 1.05000000000000e+00 0.00000000000000e+00
253 6.66000000000000e-01 1.06000000000000e+00 0.00000000000000e+00
254 6.66000000000000e-01 1.07000000000000e+00 0.00000000000000e+00
255 6.66000000000000e-01 1.08000000000000e+00 0.00000000000000e+00
256 6.66000000000000e-01 1.09000000000000e+00 0.00000000000000e+00
257 6.66000000000000e-01 1.10000000000000e+00 0.00000000000000e+00
258 6.66000000000000e-01 1.11000000000000e+00 0.00000000000000e+00
259 6.66000000000000e-01 1.12000000000000e+00 0.00000000000000e+00
260 6.66000000000000e-01 1.13000000000000e+00 0.00000000000000e+00
261 6.66000000000000e-01 1.14000000000000e+00 0.00000000000000e+00
262 6.66000000000000e-01 1.15000000000000e+00 0.00000000000000e+00
263 6.66000000000000e-01 1.16000000000000e+00 0.00000000000000e+00
264 6.66000000000000e-01 1.17000000000000e+00 0.00000000000000e+00
265 6.66000000000000e-01 1.18000000000000e+00 0.00000000000000e+00
266 6.66000000000000e-01 1.19000000000000e+00 0.00000000000000e+00
267 6.66000000000000e-01 1.20000000000000e+00 0.00000000000000e+00
268 6.66000000000000e-01 1.21000000000000e+00 0.00000000000000e+00
269 6.66000000000000e-01 1.22000000000000e+00 0.00000000000000e+00
270 6.66000000000000e-01 1.23000000000000e+00 0.00000000000000e+00
271 6.66000000000000e-01 1.24000000000000e+00 0.00000000000000e+00
272 6.73380530973451e-01 1.25663716814159e+00 0.00000000000000e+00
273 6.80761061946903e-01 1.26327433628319e+00 0.00000000000000e+00
274 6.88141592920354e-01 1.26991150442478e+00 0.00000000000000e+00
275 6.95522123893805e-01 1.27654867256637e+00 0.00000000000000e+00
276 7.02902654867257e-01 1.28318584070796e+00 0.00000000000000e+00
277 7.10283185840708e-01 1.28982300884956e+00 0.00000000000000e+00
278 7.17663716814159e-01 1.29646017699115e+00 0.00000000000000e+00
279 7.25044247787611e-01 1.30309734513274e+00 0.00000000000000e+00
280 7.32424778761062e-01 1.30973451327434e+00 0.00000000000000e+00
281 7.39805309734513e-01 1.31637168141593e+00 0.00000000000000e+00
282 7.47185840707965e-01 1.32300884955752e+00 0.00000000000000e+00
283 7.54566371681416e-01 1.32964601769911e+00 0.00000000000000e+00
284 7.61946902654867e-01 1.33628318584071e+00 0.00000000000000e+00
285 7.69327433628319e-01 1.34292035398230e+00 0.00000000000000e+00
286 7.76707964601770e-01 1.34955752212389e+00 0.00000000000000e+00
287 7.84088495575221e-01 1.35619469026549e+00 0.00000000000000e+00
288 7.91469026548673e-01 1.36283185840708e+00 0.00000000000000e+00
289 7.98849557522124e-01 1.36946902654867e+00 0.00000000000000e+00
290 8.06230088495575e-01 1.37610619469027e+00 0.00000000000000e+00
291 8.13610619469027e-01 1.38274336283186e+00 0.00000000000000e+00
292 8.20991150442478e-01 1.38938053097345e+00 0.00000000000000e+00
293 8.28371681415929e-01 1.39601769911504e+00 0.00000000000000e+00
294 8.35752212389381e-01 1.40265486725664e+00 0.00000000000000e+00
295 8.43132743362832e-01 1.40929203539823e+00 0.00000000000000e+00
296 8.50513274336283e-01 1.41592920353982e+00 0.00000000000000e+00
297 8.57893805309734e-01 1.42256637168142e+00 0.00000000000000e+00
298 8.65274336283186e-01 1.42920353982301e+00 0.00000000000000e+00
299 8.72654867256637e-01 1.43584070796460e+00 0.00000000000000e+00
300 8.80035398230089e-01 1.44247787610619e+00 0.00000000000000e+00
301 8.87415929203540e-01 1.44911504424779e+00 0.00000000000000e+00
302 8.94796460176991e-01 1.45575221238938e+00 0.00000000000000e+00
303 9.02176991150443e-01 1.46238938053097e+00 0.00000000000000e+00
304 9.09557522123894e-01 1.46902654867257e+00 0.00000000000000e+00
305 9.16938053097345e-01 1.47566371681416e+00 0.00000000000000e+00
306 9.24318584070797e-01 1.48230088495575e+00 0.00000000000000e+00
307 9.31699115044248e-01 1.48893805309735e+00 0.00000000000000e+00
308 9.39079646017699e-01 1.49557522123894e+00 0.00000000000000e+00
309 9.46460176991151e-01 1.50221238938053e+00 0.00000000000000e+00
310 9.53840707964602e-01 1.50884955752212e+00 0.00000000000000e+00
311 9.61221238938053e-01 1.51548672566372e+00 0.00000000000000e+00
312 9.68601769911505e-01 1.52212389380531e+00 0.00000000000000e+00
313 9.75982300884956e-01 1.52876106194690e+00 0.00000000000000e+00
314 9.83362831858407e-01 1.53539823008850e+00 0.00000000000000e+00
315 9.90743362831859e-01 1.54203539823009e+00 0.00000000000000e+00
316 9.98123893805310e-01 1.54867256637168e+00 0.00000000000000e+00
317 1.00550442477876e+00 1.55530973451327e+00 0.00000000000000e+00
318 1.01288495575221e+00 1.56194690265487e+00 0.00000000000000e+00
319 1.02026548672566e+00 1.56858407079646e+00 0.00000000000000e+00
320 1.02764601769912e+00 1.57522123893805e+00 0.00000000000000e+00
321 1.03502654867257e+00 1.58185840707965e+00 0.00000000000000e+00
322 1.04240707964602e+00 1.58849557522124e+00 0.00000000000000e+00
323 1.04978761061947e+00 1.59513274336283e+00 0.00000000000000e+00
324 1.05716814159292e+00 1.60176991150443e+00 0.00000000000000e+00
325 1.06454867256637e+00 1.60840707964602e+00 0.00000000000000e+00
326 1.07192920353982e+00 1.61504424778761e+00 0.00000000000000e+00
327 1.07930973451327e+00 1.62168141592920e+00 0.00000000000000e+00
328 1.08669026548673e+00 1.62831858407080e+00 0.00000000000000e+00
329 1.09407079646018e+00 1.63495575221239e+00 0.00000000000000e+00
330 1.10145132743363e+00 1.64159292035398e+00 0.00000000000000e+00
331 1.10883185840708e+00 1.64823008849558e+00 0.00000000000000e+00
332 1.11621238938053e+00 1.65486725663717e+00 0.00000000000000e+00
333 1.12359292035398e+00 1.66150442477876e+00 0.00000000000000e+00
334 1.13097345132743e+00 1.66814159292035e+00 0.00000000000000e+00
335 1.13835398230089e+00 1.67477876106195e+00 0.00000000000000e+00
336 1.14573451327434e+00 1.68141592920354e+00 0.00000000000000e+00
337 1.15311504424779e+00 1.68805309734513e+00 0.00000000000000e+00
338 1.16049557522124e+00 1.69469026548673e+00 0.00000000000000e+00
339 1.16787610619469e+00 1.70132743362832e+00 0.00000000000000e+00
340 1.17525663716814e+00 1.70796460176991e+00 0.00000000000000e+00
341 1.18263716814159e+00 1.71460176991150e+00 0.00000000000000e+00
342 1.19001769911504e+00 1.72123893805310e+00 0.00000000000000e+00
343 1.19739823008850e+00 1.72787610619469e+00 0.00000000000000e+00
344 1.20477876106195e+00 1.73451327433628e+00 0.00000000000000e+00
345 1.21215929203540e+00 1.74115044247788e+00 0.00000000000000e+00
346 1.21953982300885e+00 1.74778761061947e+00 0.00000000000000e+00
347 1.22692035398230e+00 1.75442477876106e+00 0.00000000000000e+00
348 1.23430088495575e+00 1.76106194690265e+00 0.00000000000000e+00
349 1.24168141592920e+00 1.76769911504425e+00 0.00000000000000e+00
350 1.24906194690265e+00 1.77433628318584e+00 0.00000000000000e+00
351 1.25644247787611e+00 1.78097345132743e+00 0.00000000000000e+00
352 1.26382300884956e+00 1.78761061946903e+00 0.00000000000000e+00
353 1.27120353982301e+00 1.79424778761062e+00 0.00000000000000e+00
354 1.27858407079646e+00 1.80088495575221e+00 0.00000000000000e+00
355 1.28596460176991e+00 1.80752212389381e+00 0.00000000000000e+00
356 1.29334513274336e+00 1.81415929203540e+00 0.00000000000000e+00
357 1.30072566371681e+00 1.82079646017699e+00 0.00000000000000e+00
358 1.30810619469027e+00 1.82743362831858e+00 0.00000000000000e+00
359 1.31548672566372e+00 1.83407079646018e+00 0.00000000000000e+00
360 1.32286725663717e+00 1.84070796460177e+00 0.00000000000000e+00
361 1.33024778761062e+00 1.84734513274336e+00 0.00000000000000e+00
362 1.33762831858407e+00 1.85398230088496e+00 0.00000000000000e+00
363 1.34500884955752e+00 1.86061946902655e+00 0.00000000000000e+00
364 1.35238938053097e+00 1.86725663716814e+00 0.00000000000000e+00
365 1.35976991150442e+00 1.87389380530973e+00 0.00000000000000e+00
366 1.36715044247788e+00 1.88053097345133e+00 0.00000000000000e+00
367 1.37453097345133e+00 1.88716814159292e+00 0.00000000000000e+00
368 1.38191150442478e+00 1.89380530973451e+00 0.00000000000000e+00
369 1.38929203539823e+00 1.90044247787611e+00 0.00000000000000e+00
370 1.39667256637168e+00 1.90707964601770e+00 0.00000000000000e+00
371 1.40405309734513e+00 1.91371681415929e+00 0.00000000000000e+00
372 1.41143362831858e+00 1.92035398230088e+00 0.00000000000000e+00
373 1.41881415929203e+00 1.92699115044248e+00 0.00000000000000e+00
374 1.42619469026549e+00 1.93362831858407e+00 0.00000000000000e+00
375 1.43357522123894e+00 1.94026548672566e+00 0.00000000000000e+00
376 1.44095575221239e+00 1.94690265486726e+00 0.00000000000000e+00
377 1.44833628318584e+00 1.95353982300885e+00 0.00000000000000e+00
378 1.45571681415929e+00 1.96017699115044e+00 0.00000000000000e+00
379 1.46309734513274e+00 1.96681415929203e+00 0.00000000000000e+00
380 1.47047787610619e+00 1.97345132743363e+00 0.00000000000000e+00
381 1.47785840707965e+00 1.98008849557522e+00 0.00000000000000e+00
382 1.48523893805310e+00 1.98672566371681e+00 0.00000000000000e+00
383 1.49261946902655e+00 1.99336283185841e+00 0.00000000000000e+00
384 1.50000000000000e+00 2.01000000000000e+00 0.00000000000000e+00
385 1.50000000000000e+00 2.02000000000000e+00 0.00000000000000e+00
386 1.50000000000000e+00 2.03000000000000e+00 0.00000000000000e+00
387 1.50000000000000e+00 2.04000000000000e+00 0.00000000000000e+00
388 1.50000000000000e+00 2.05000000000000e+00 0.00000000000000e+00
389 1.50000000000000e+00 2.06000000000000e+00 0.00000000000000e+00
390 1.50000000000000e+00 2.07000000000000e+00 0.00000000000000e+00
391 1.50000000000000e+00 2.08000000000000e+00 0.00000000000000e+00
392 1.50000000000000e+00 2.09000000000000e+00 0.00000000000000e+00
393 1.50000000000000e+00 2.10000000000000e+00 0.00000000000000e+00
394 1.50000000000000e+00 2.11000000000000e+00 0.00000000000000e+00
395 1.50000000000000e+00 2.12000000000000e+00 0.00000000000000e+00
396 1.50000000000000e+00 2.13000000000000e+00 0.00000000000000e+00
397 1.50000000000000e+00 2.14000000000000e+00 0.00000000000000e+00
398 1.50000000000000e+00 2.15000000000000e+00 0.00000000000000e+00
399 1.50000000000000e+00 2.16000000000000e+00 0.00000000000000e+00
400 1.50000000000000e+00 2.17000000000000e+00 0.00000000000000e+00
401 1.50000000000000e+00 2.18000000000000e+00 0.00000000000000e+00
402 1.50000000000000e+00 2.19000000000000e+00 0.00000000000000e+00
403 1.50000000000000e+00 2.20000000000000e+00 0.00000000000000e+00
404 1.50000000000000e+00 2.21000000000000e+00 0.00000000000000e+00
405 1.50000000000000e+00 2.22000000000000e+00 0.00000000000000e+00
406 1.50000000000000e+00 2.23000000000000e+00 0.00000000000000e+00
407 1.50000000000000e+00 2.24000000000000e+00 0.00000000000000e+00
408 0.00000000000000e+00 1.00000000000000e-02 0.00000000000000e+00
409 0.00000000000000e+00 2.00000000000000e-02 0.00000000000000e+00
410 0.00000000000000e+00 3.00000000000000e-02 0.00000000000000e+00
411 0.00000000000000e+00 4.00000000000000e-02 0.00000000000000e+00
412 0.00000000000000e+00 5.00000000000000e-02 0.00000000000000e+00
413 0.00000000000000e+00 6.00000000000000e-02 0.00000000000000e+00
414 0.00000000000000e+00 7.00000000000000e-02 0.00000000000000e+00
415 0.00000000000000e+00 8.00000000000000e-02 0.00000000000000e+00
416 0.00000000000000e+00 9.00000000000000e-02 0.00000000000000e+00
417 0.00000000000000e+00 1.00000000000000e-01 0.00000000000000e+00
418 0.00000000000000e+00 1.10000000000000e-01 0.00000000000000e+00
419 0.00000000000000e+00 1.20000000000000e-01 0.00000000000000e+00
420 0.00000000000000e+00 1.30000000000000e-01 0.00000000000000e+00
421 0.00000000000000e+00 1.40000000000000e-01 0.00000000000000e+00
422 0.00000000000000e+00 1.50000000000000e-01 0.00000000000000e+00
423 0.00000000000000e+00 1.60000000000000e-01 0.00000000000000e+00
424 0.00000000000000e+00 1.70000000000000e-01 0.00000000000000e+00
425 0.00000000000000e+00 1.80000000000000e-01 0.00000000000000e+00
426 0.00000000000000e+00 1.90000000000000e-01 0.00000000000000e+00
427 0.00000000000000e+00 2.00000000000000e-01 0.00000000000000e+00
428 0.00000000000000e+00 2.10000000000000e-01 0.00000000000000e+00
429 0.00000000000000e+00 2.20000000000000e-01 0.00000000000000e+00
430 0.00000000000000e+00 2.30000000000000e-01 0.00000000000000e+00
431 0.00000000000000e+00 2.40000000000000e-01 0.00000000000000e+00
432 0.00000000000000e+00 2.50000000000000e-01 0.00000000000000e+00
433 0.00000000000000e+00 2.60000000000000e-01 0.00000000000000e+00
434 0.00000000000000e+00 2.70000000000000e-01 0.00000000000000e+00
435 0.00000000000000e+00 2.80000000000000e-01 0.00000000000000e+00
436 0.00000000000000e+00 2.90000000000000e-01 0.00000000000000e+00
437 0.00000000000000e+00 3.00000000000000e-01 0.00000000000000e+00
438 0.00000000000000e+00 3.10000000000000e-01 0.00000000000000e+00
439 0.00000000000000e+00 3.20000000000000e-01 0.00000000000000e+00
440 0.00000000000000e+00 3.30000000000000e-01 0.00000000000000e+00
441 0.00000000000000e+00 3.40000000000000e-01 0.00000000000000e+00
442 0.00000000000000e+00 3.50000000000000e-01 0.00000000000000e+00
443 0.00000000000000e+00 3.60000000000000e-01 0.00000000000000e+00
444 0.00000000000000e+00 3.70000000000000e-01 0.00000000000000e+00
445 0.00000000000000e+00 3.80000000000000e-01 0.00000000000000e+00
446 0.00000000000000e+00 3.90000000000000e-01 0.00000000000000e+00
447 0.00000000000000e+00 4.00000000000000e-01 0.00000000000000e+00
448 0.00000000000000e+00 4.10000000000000e-01 0.00000000000000e+00
449 0.00000000000000e+00 4.20000000000000e-01 0.00000000000000e+00
450 0.00000000000000e+00 4.30000000000000e-01 0.00000000000000e+00
451 0.00000000000000e+00 4.40000000000000e-01 0.00000000000000e+00
452 0.00000000000000e+00 4.50000000000000e-01 0.00000000000000e+00
453 0.00000000000000e+00 4.60000000000000e-01 0.00000000000000e+00
454 0.00000000000000e+00 4.70000000000000e-01 0.00000000000000e+00
455 0.00000000000000e+00 4.80000000000000e-01 0.00000000000000e+00
456 0.00000000000000e+00 4.90000000000000e-01 0.00000000000000e+00
457 0.00000000000000e+00 5.00000000000000e-01 0.00000000000000e+00
458 0.00000000000000e+00 5.10000000000000e-01 0.00000000000000e+00
459 0.00000000000000e+00 5.20000000000000e-01 0.00000000000000e+00
460 0.00000000000000e+00 5.30000000000000e-01 0.00000000000000e+00
461 0.00000000000000e+00 5.40000000000000e-01 0.00000000000000e+00
462 0.00000000000000e+00 5.50000000000000e-01 0.00000000000000e+00
463 0.00000000000000e+00 5.60000000000000e-01 0.00000000000000e+00
464 0.00000000000000e+00 5.70000000000000e-01 0.00000000000000e+00
465 0.00000000000000e+00 5.80000000000000e-01 0.00000000000000e+00
466 0.00000000000000e+00 5.90000000000000e-01 0.00000000000000e+00
467 0.00000000000000e+00 6.00000000000000e-01 0.00000000000000e+00
468 0.00000000000000e+00 6.10000000000000e-01 0.00000000000000e+00
469 0.00000000000000e+00 6.20000000000000e-01 0.00000000000000e+00
470 0.00000000000000e+00 6.30000000000000e-01 0.00000000000000e+00
471 0.00000000000000e+00 6.40000000000000e-01 0.00000000000000e+00
472 0.00000000000000e+00 6.50000000000000e-01 0.00000000000000e+00
473 0.00000000000000e+00 6.60000000000000e-01 0.00000000000000e+00
474 0.00000000000000e+00 6.70000000000000e-01 0.00000000000000e+00
475 0.00000000000000e+00 6.80000000000000e-01 0.00000000000000e+00
476 0.00000000000000e+00 6.90000000000000e-01 0.00000000000000e+00
477 0.00000000000000e+00 7.00000000000000e-01 0.00000000000000e+00
478 0.00000000000000e+00 7.10000000000000e-01 0.00000000000000e+00
479 0.00000000000000e+00 7.20000000000000e-01 0.00000000000000e+00
480 0.00000000000000e+00 7.30000000000000e-01 0.00000000000000e+00
481 0.00000000000000e+00 7.40000000000000e-01 0.00000000000000e+00
482 0.00000000000000e+00 7.50000000000000e-01 0.00000000000000e+00
483 0.00000000000000e+00 7.60000000000000e-01 0.00000000000000e+00
484 0.00000000000000e+00 7.70000000000000e-01 0.00000000000000e+00
485 0.00000000000000e+00 7.80000000000000e-01 0.00000000000000e+00
486 0.00000000000000e+00 7.90000000000000e-01 0.00000000000000e+00
487 0.00000000000000e+00 8.00000000000000e-01 0.00000000000000e+00
488 0.00000000000000e+00 8.10000000000000e-01 0.00000000000000e+00
489 0.00000000000000e+00 8.20000000000001e-01 0.00000000000000e+00
490 0.00000000000000e+00 8.30000000000001e-01 0.00000000000000e+00
491 0.00000000000000e+00 8.40000000000001e-01 0.00000000000000e+00
492 0.00000000000000e+00 8.50000000000001e-01 0.00000000000000e+00
493 0.00000000000000e+00 8.60000000000001e-01 0.00000000000000e+00
494 0.00000000000000e+00 8.70000000000001e-01 0.00000000000000e+00
495 0.00000000000000e+00 8.80000000000001e-01 0.00000000000000e+00
496 0.00000000000000e+00 8.90000000000001e-01 0.00000000000000e+00
497 0.00000000000000e+00 9.00000000000001e-01 0.00000000000000e+00
498 0.00000000000000e+00 9.10000000000001e-01 0.00000000000000e+00
499 0.00000000000000e+00 9.20000000000001e-01 0.00000000000000e+00
500 0.00000000000000e+00 9.30000000000001e-01 0.00000000000000e+00
501 0.00000000000000e+00 9.40000000000001e-01 0.00000000000000e+00
502 0.00000000000000e+00 9.50000000000001e-01 0.00000000000000e+00
503 0.00000000000000e+00 9.60000000000001e-01 0.00000000000000e+00
504 0.00000000000000e+00 9.70000000000001e-01 0.00000000000000e+00
505 0.00000000000000e+00 9.80000000000001e-01 0.00000000000000e+00
506 0.00000000000000e+00 9.90000000000001e-01 0.00000000000000e+00
507 9.79411764705882e-03 1.00000000000000e+00 0.00000000000000e+00
508 1.95882352941176e-02 1.00000000000000e+00 0.00000000000000e+00
509 2.93823529411765e-02 1.00000000000000e+00 0.00000000000000e+00
510 3.91764705882353e-02 1.00000000000000e+00 0.00000000000000e+00
511 4.89705882352941e-02 1.00000000000000e+00 0.00000000000000e+00
512 5.87647058823530e-02 1.00000000000000e+00 0.00000000000000e+00
513 6.85588235294118e-02 1.00000000000000e+00 0.00000000000000e+00
514 7.83529411764706e-02 1.00000000000000e+00 0.00000000000000e+00
515 8.81470588235294e-02 1.00000000000000e+00 0.00000000000000e+00
516 9.79411764705883e-02 1.00000000000000e+00 0.00000000000000e+00
517 1.07735294117647e-01 1.00000000000000e+00 0.00000000000000e+00
518 1.17529411764706e-01 1.00000000000000e+00 0.00000000000000e+00
519 1.27323529411765e-01 1.00000000000000e+00 0.00000000000000e+00
520 1.37117647058824e-01 1.00000000000000e+00 0.00000000000000e+00
521 1.46911764705882e-01 1.00000000000000e+00 0.00000000000000e+00
522 1.56705882352941e-01 1.00000000000000e+00 0.00000000000000e+00
523 1.66500000000000e-01 1.00000000000000e+00 0.00000000000000e+00
524 1.76294117647059e-01 1.00000000000000e+00 0.00000000000000e+00
525 1.86088235294118e-01 1.00000000000000e+00 0.00000000000000e+00
526 1.95882352941176e-01 1.00000000000000e+00 0.00000000000000e+00
527 2.05676470588235e-01 1.00000000000000e+00 0.00000000000000e+00
528 2.15470588235294e-01 1.00000000000000e+00 0.00000000000000e+00
529 2.25264705882353e-01 1.00000000000000e+00 0.00000000000000e+00
530 2.35058823529412e-01 1.00000000000000e+00 0.00000000000000e+00
531 2.44852941176471e-01 1.00000000000000e+00 0.00000000000000e+00
532 2.54647058823529e-01 1.00000000000000e+00 0.00000000000000e+00
533 2.64441176470588e-01 1.00000000000000e+00 0.00000000000000e+00
534 2.74235294117647e-01 1.00000000000000e+00 0.00000000000000e+00
535 2.84029411764706e-01 1.00000000000000e+00 0.00000000000000e+00
536 2.93823529411765e-01 1.00000000000000e+00 0.00000000000000e+00
537 3.03617647058824e-01 1.00000000000000e+00 0.00000000000000e+00
538 3.13411764705882e-01 1.00000000000000e+00 0.00000000000000e+00
539 3.23205882352941e-01 1.00000000000000e+00 0.00000000000000e+00
540 3.33000000000000e-01 1.01000000000000e+00 0.00000000000000e+00
541 3.33000000000000e-01 1.02000000000000e+00 0.00000000000000e+00
542 3.33000000000000e-01 1.03000000000000e+00 0.00000000000000e+00
543 3.33000000000000e-01 1.04000000000000e+00 0.00000000000000e+00
544 3.33000000000000e-01 1.05000000000000e+00 0.00000000000000e+00
545 3.33000000000000e-01 1.06000000000000e+00 0.00000000000000e+00
546 3.33000000000000e-01 1.07000000000000e+00 0.00000000000000e+00
547 3.33000000000000e-01 1.08000000000000e+00 0.00000000000000e+00
548 3.33000000000000e-01 1.09000000000000e+00 0.00000000000000e+00
549 3.33000000000000e-01 1.10000000000000e+00 0.00000000000000e+00
550 3.33000000000000e-01 1.11000000000000e+00 0.00000000000000e+00
551 3.33000000000000e-01 1.12000000000000e+00 0.00000000000000e+00
552 3.33000000000000e-01 1.13000000000000e+00 0.00000000000000e+00
553 3.33000000000000e-01 1.14000000000000e+00 0.00000000000000e+00
554 3.33000000000000e-01 1.15000000000000e+00 0.00000000000000e+00
555 3.33000000000000e-01 1.16000000000000e+00 0.00000000000000e+00
556 3.33000000000000e-01 1.17000000000000e+00 0.00000000000000e+00
557 3.33000000000000e-01 1.18000000000000e+00 0.00000000000000e+00
558 3.33000000000000e-01 1.19000000000000e+00 0.00000000000000e+00
559 3.33000000000000e-01 1.20000000000000e+00 0.00000000000000e+00
560 3.33000000000000e-01 1.21000000000000e+00 0.00000000000000e+00
561 3.33000000000000e-01 1.22000000000000e+00 0.00000000000000e+00
562 3.33000000000000e-01 1.23000000000000e+00 0.00000000000000e+00
563 3.33000000000000e-01 1.24000000000000e+00 0.00000000000000e+00
564 1.14263963963964e+00 1.99324324324324e+00 0.00000000000000e+00
565 1.13527927927928e+00 1.98648648648649e+00 0.00000000000000e+00
566 1.12791891891892e+00 1.97972972972973e+00 0.00000000000000e+00
567 1.12055855855856e+00 1.97297297297297e+00 0.00000000000000e+00
568 1.11319819819820e+00 1.96621621621622e+00 0.00000000000000e+00
569 1.10583783783784e+00 1.95945945945946e+00 0.00000000000000e+00
570 1.09847747747748e+00 1.95270270270270e+00 0.00000000000000e+00
571 1.09111711711712e+00 1.94594594594595e+00 0.00000000000000e+00
572 1.08375675675676e+00 1.93918918918919e+00 0.00000000000000e+00
573 1.07639639639640e+00 1.93243243243243e+00 0.00000000000000e+00
574 1.06903603603604e+00 1.92567567567568e+00 0.00000000000000e+00
575 1.06167567567568e+00 1.91891891891892e+00 0.00000000000000e+00
576 1.05431531531532e+00 1.91216216216216e+00 0.00000000000000e+00
577 1.04695495495495e+00 1.90540540540541e+00 0.00000000000000e+00
578 1.03959459459459e+00 1.89864864864865e+00 0.00000000000000e+00
579 1.03223423423423e+00 1.89189189189189e+00 0.00000000000000e+00
580 1.02487387387387e+00 1.88513513513514e+00 0.00000000000000e+00
581 1.01751351351351e+00 1.87837837837838e+00 0.00000000000000e+00
582 1.01015315315315e+00 1.87162162162162e+00 0.00000000000000e+00
583 1.00279279279279e+00 1.86486486486486e+00 0.00000000000000e+00
584 9.95432432432432e-01 1.85810810810811e+00 0.00000000000000e+00
585 9.88072072072072e-01 1.85135135135135e+00 0.00000000000000e+00
586 9.80711711711712e-01 1.84459459459459e+00 0.00000000000000e+00
587 9.73351351351351e-01 1.83783783783784e+00 0.00000000000000e+00
588 9.65990990990991e-01 1.83108108108108e+00 0.00000000000000e+00
589 9.58630630630631e-01 1.82432432432432e+00 0.00000000000000e+00
590 9.51270270270270e-01 1.81756756756757e+00 0.00000000000000e+00
591 9.43909909909910e-01 1.81081081081081e+00 0.00000000000000e+00
592 9.36549549549549e-01 1.80405405405405e+00 0.00000000000000e+00
593 9.29189189189189e-01 1.79729729729730e+00 0.00000000000000e+00
594 9.21828828828829e-01 1.79054054054054e+00 0.00000000000000e+00
595 9.14468468468468e-01 1.78378378378378e+00 0.00000000000000e+00
596 9.07108108108108e-01 1.77702702702703e+00 0.00000000000000e+00
597 8.99747747747748e-01 1.77027027027027e+00 0.00000000000000e+00
598 8.92387387387387e-01 1.76351351351351e+00 0.00000000000000e+00
599 8.85027027027027e-01 1.75675675675676e+00 0.00000000000000e+00
600 8.77666666666666e-01 1.75000000000000e+00 0.00000000000000e+00
601 8.70306306306306e-01 1.74324324324324e+00 0.00000000000000e+00
602 8.62945945945946e-01 1.73648648648649e+00 0.00000000000000e+00
603 8.55585585585585e-01 1.72972972972973e+00 0.00000000000000e+00
604 8.48225225225225e-01 1.72297297297297e+00 0.00000000000000e+00
605 8.40864864864865e-01 1.71621621621622e+00 0.00000000000000e+00
606 8.33504504504504e-01 1.70945945945946e+00 0.00000000000000e+00
607 8.26144144144144e-01 1.70270270270270e+00 0.00000000000000e+00
608 8.18783783783783e-01 1.69594594594595e+00 0.00000000000000e+00
609 8.11423423423423e-01 1.68918918918919e+00 0.00000000000000e+00
610 8.04063063063063e-01 1.68243243243243e+00 0.00000000000000e+00
611 7.96702702702702e-01 1.67567567567568e+00 0.00000000000000e+00
612 7.89342342342342e-01 1.66891891891892e+00 0.00000000000000e+00
613 7.81981981981982e-01 1.66216216216216e+00 0.00000000000000e+00
614 7.74621621621621e-01 1.65540540540541e+00 0.00000000000000e+00
615 7.67261261261261e-01 1.64864864864865e+00 0.00000000000000e+00
616 7.59900900900901e-01 1.64189189189189e+00 0.00000000000000e+00
617 7.52540540540540e-01 1.63513513513514e+00 0.00000000000000e+00
618 7.45180180180180e-01 1.62837837837838e+00 0.00000000000000e+00
619 7.37819819819820e-01 1.62162162162162e+00 0.00000000000000e+00
620 7.30459459459459e-01 1.61486486486486e+00 0.00000000000000e+00
621 7.23099099099099e-01 1.60810810810811e+00 0.00000000000000e+00
622 7.15738738738739e-01 1.60135135135135e+00 0.00000000000000e+00
623 7.08378378378378e-01 1.59459459459459e+00 0.00000000000000e+00
624 7.01018018018018e-01 1.58783783783784e+00 0.00000000000000e+00
625 6.93657657657658e-01 1.58108108108108e+00 0.00000000000000e+00
626 6.86297297297297e-01 1.57432432432432e+00 0.00000000000000e+00
627 6.78936936936937e-01 1.56756756756757e+00 0.00000000000000e+00
628 6.71576576576577e-01 1.56081081081081e+00 0.00000000000000e+00
629 6.64216216216216e-01 1.55405405405405e+00 0.00000000000000e+00
630 6.56855855855856e-01 1.54729729729730e+00 0.00000000000000e+00
631 6.49495495495496e-01 1.54054054054054e+00 0.00000000000000e+00
632 6.42135135135135e-01 1.53378378378378e+00 0.00000000000000e+00
633 6.34774774774775e-01 1.52702702702703e+00 0.00000000000000e+00
634 6.27414414414415e-01 1.52027027027027e+00 0.00000000000000e+00
635 6.20054054054054e-01 1.51351351351351e+00 0.00000000000000e+00
636 6.12693693693694e-01 1.50675675675676e+00 0.00000000000000e+00
637 6.05333333333334e-01 1.50000000000000e+00 0.00000000000000e+00
638 5.97972972972973e-01 1.49324324324324e+00 0.00000000000000e+00
639 5.90612612612613e-01 1.48648648648649e+00 0.00000000000000e+00
640 5.83252252252253e-01 1.47972972972973e+00 0.00000000000000e+00
641 5.75891891891892e-01 1.47297297297297e+00 0.00000000000000e+00
642 5.68531531531532e-01 1.46621621621622e+00 0.00000000000000e+00
643 5.61171171171172e-01 1.45945945945946e+00 0.00000000000000e+00
644 5.53810810810811e-01 1.45270270270270e+00 0.00000000000000e+00
645 5.46450450450451e-01 1.44594594594595e+00 0.00000000000000e+00
646 5.39090090090091e-01 1.43918918918919e+00 0.00000000000000e+00
647 5.31729729729730e-01 1.43243243243243e+00 0.00000000000000e+00
648 5.24369369369370e-01 1.42567567567568e+00 0.00000000000000e+00
649 5.17009009009010e-01 1.41891891891892e+00 0.00000000000000e+00
650 5.09648648648649e-01 1.41216216216216e+00 0.00000000000000e+00
651 5.02288288288289e-01 1.40540540540541e+00 0.00000000000000e+00
652 4.94927927927929e-01 1.39864864864865e+00 0.00000000000000e+00
653 4.87567567567568e-01 1.39189189189189e+00 0.00000000000000e+00
654 4.80207207207208e-01 1.38513513513514e+00 0.00000000000000e+00
655 4.72846846846848e-01 1.37837837837838e+00 0.00000000000000e+00
656 4.65486486486487e-01 1.37162162162162e+00 0.00000000000000e+00
657 4.58126126126127e-01 1.36486486486487e+00 0.00000000000000e+00
658 4.50765765765767e-01 1.35810810810811e+00 0.00000000000000e+00
659 4.43405405405406e-01 1.35135135135135e+00 0.00000000000000e+00
660 4.36045045045046e-01 1.34459459459460e+00 0.00000000000000e+00
661 4.28684684684686e-01 1.33783783783784e+00 0.00000000000000e+00
662 4.21324324324325e-01 1.33108108108108e+00 0.00000000000000e+00
663 4.13963963963965e-01 1.32432432432433e+00 0.00000000000000e+00
664 4.06603603603604e-01 1.31756756756757e+00 0.00000000000000e+00
665 3.99243243243244e-01 1.31081081081081e+00 0.00000000000000e+00
666 3.91882882882884e-01 1.30405405405405e+00 0.00000000000000e+00
667 3.84522522522524e-01 1.29729729729730e+00 0.00000000000000e+00
668 3.77162162162163e-01 1.29054054054054e+00 0.00000000000000e+00
669 3.69801801801803e-01 1.28378378378378e+00 0.00000000000000e+00
670 3.62441441441443e-01 1.27702702702703e+00 0.00000000000000e+00
671 3.55081081081082e-01 1.27027027027027e+00 0.00000000000000e+00
672 3.47720720720722e-01 1.26351351351351e+00 0.00000000000000e+00
673 3.40360360360361e-01 1.25675675675676e+00 0.00000000000000e+00
674 1.15000000000000e+00 2.24000000000000e+00 0.00000000000000e+00
675 1.15000000000000e+00 2.23000000000000e+00 0.00000000000000e+00
676 1.15000000000000e+00 2.22000000000000e+00 0.00000000000000e+00
677 1.15000000000000e+00 2.21000000000000e+00 0.00000000000000e+00
678 1.15000000000000e+00 2.20000000000000e+00 0.00000000000000e+00
679 1.15000000000000e+00 2.19000000000000e+00 0.00000000000000e+00
680 1.15000000000000e+00 2.18000000000000e+00 0.00000000000000e+00
681 1.15000000000000e+00 2.17000000000000e+00 0.00000000000000e+00
682 1.15000000000000e+00 2.16000000000000e+00 0.00000000000000e+00
683 1.15000000000000e+00 2.15000000000000e+00 0.00000000000000e+00
684 1.15000000000000e+00 2.14000000000000e+00 0.00000000000000e+00
685 1.15000000000000e+00 2.13000000000000e+00 0.00000000000000e+00
686 1.15000000000000e+00 2.12000000000000e+00 0.00000000000000e+00
687 1.15000000000000e+00 2.11000000000000e+00 0.00000000000000e+00
688 1.15000000000000e+00 2.10000000000000e+00 0.00000000000000e+00
689 1.15000000000000e+00 2.09000000000000e+00 0.00000000000000e+00
690 1.15000000000000e+00 2.08000000000000e+00 0.00000000000000e+00
691 1.15000000000000e+00 2.07000000000000e+00 0.00000000000000e+00
692 1.15000000000000e+00 2.06000000000000e+00 0.00000000000000e+00
693 1.15000000000000e+00 2.05000000000000e+00 0.00000000000000e+00
694 1.15000000000000e+00 2.04000000000000e+00 0.00000000000000e+00
695 1.15000000000000e+00 2.03000000000000e+00 0.00000000000000e+00
696 1.15000000000000e+00 2.02000000000000e+00 0.00000000000000e+00
697 1.15000000000000e+00 2.01000000000000e+00 0.00000000000000e+00
698 1.14166666666667e+00 2.25520833333333e+00 0.00000000000000e+00
699 1.13333333333333e+00 2.26041666666667e+00 0.00000000000000e+00
700 1.12500000000000e+00 2.26562500000000e+00 0.00000000000000e+00
701 1.11666666666667e+00 2.27083333333333e+00 0.00000000000000e+00
702 1.10833333333333e+00 2.27604166666667e+00 0.00000000000000e+00
703 1.10000000000000e+00 2.28125000000000e+00 0.00000000000000e+00
704 1.09166666666667e+00 2.28645833333333e+00 0.00000000000000e+00
705 1.08333333333333e+00 2.29166666666667e+00 0.00000000000000e+00
706 1.07500000000000e+00 2.29687500000000e+00 0.00000000000000e+00
707 1.06666666666667e+00 2.30208333333333e+00 0.00000000000000e+00
708 1.05833333333333e+00 2.30729166666667e+00 0.00000000000000e+00
709 1.05000000000000e+00 2.31250000000000e+00 0.00000000000000e+00
710 1.04166666666667e+00 2.31770833333333e+00 0.00000000000000e+00
711 1.03333333333333e+00 2.32291666666667e+00 0.00000000000000e+00
712 1.02500000000000e+00 2.32812500000000e+00 0.00000000000000e+00
713 1.01666666666667e+00 2.33333333333333e+00 0.00000000000000e+00
714 1.00833333333333e+00 2.33854166666667e+00 0.00000000000000e+00
715 1.00000000000000e+00 2.34375000000000e+00 0.00000000000000e+00
716 9.91666666666667e-01 2.34895833333333e+00 0.00000000000000e+00
717 9.83333333333333e-01 2.35416666666667e+00 0.00000000000000e+00
718 9.75000000000000e-01 2.35937500000000e+00 0.00000000000000e+00
719 9.66666666666667e-01 2.36458333333333e+00 0.00000000000000e+00
720 9.58333333333333e-01 2.36979166666667e+00 0.00000000000000e+00
721 9.50000000000000e-01 2.37500000000000e+00 0.00000000000000e+00
722 9.41666666666667e-01 2.38020833333333e+00 0.00000000000000e+00
723 9.33333333333333e-01 2.38541666666667e+00 0.00000000000000e+00
724 9.25000000000000e-01 2.39062500000000e+00 0.00000000000000e+00
725 9.16666666666667e-01 2.39583333333333e+00 0.00000000000000e+00
726 9.08333333333333e-01 2.40104166666667e+00 0.00000000000000e+00
727 9.00000000000000e-01 2.40625000000000e+00 0.00000000000000e+00
728 8.91666666666667e-01 2.41145833333333e+00 0.00000000000000e+00
729 8.83333333333333e-01 2.41666666666667e+00 0.00000000000000e+00
730 8.75000000000000e-01 2.42187500000000e+00 0.00000000000000e+00
731 8.66666666666667e-01 2.42708333333333e+00 0.00000000000000e+00
732 8.58333333333333e-01 2.43229166666667e+00 0.00000000000000e+00
733 8.50000000000000e-01 2.43750000000000e+00 0.00000000000000e+00
734 8.41666666666667e-01 2.44270833333333e+00 0.00000000000000e+00
735 8.33333333333333e-01 2.44791666666667e+00 0.00000000000000e+00
736 8.25000000000000e-01 2.45312500000000e+00 0.00000000000000e+00
737 8.16666666666667e-01 2.45833333333333e+00 0.00000000000000e+00
738 8.08333333333333e-01 2.46354166666667e+00 0.00000000000000e+00
739 8.00000000000000e-01 2.46875000000000e+00 0.00000000000000e+00
740 7.91666666666667e-01 2.47395833333333e+00 0.00000000000000e+00
741 7.83333333333333e-01 2.47916666666667e+00 0.00000000000000e+00
742 7.75000000000000e-01 2.48437500000000e+00 0.00000000000000e+00
743 7.66666666666666e-01 2.48958333333333e+00 0.00000000000000e+00
744 7.58333333333333e-01 2.49479166666667e+00 0.00000000000000e+00
745 7.50000000000000e-01 2.51000000000000e+00 0.00000000000000e+00
746 7.50000000000000e-01 2.52000000000000e+00 0.00000000000000e+00
747 7.50000000000000e-01 2.53000000000000e+00 0.00000000000000e+00
748 7.50000000000000e-01 2.54000000000000e+00 0.00000000000000e+00
749 7.50000000000000e-01 2.55000000000000e+00 0.00000000000000e+00
750 7.50000000000000e-01 2.56000000000000e+00 0.00000000000000e+00
751 7.50000000000000e-01 2.57000000000000e+00 0.00000000000000e+00
752 7.50000000000000e-01 2.58000000000000e+00 0.00000000000000e+00
753 7.50000000000000e-01 2.59000000000000e+00 0.00000000000000e+00
754 7.50000000000000e-01 2.60000000000000e+00 0.00000000000000e+00
755 7.50000000000000e-01 2.61000000000000e+00 0.00000000000000e+00
756 7.50000000000000e-01 2.62000000000000e+00 0.00000000000000e+00
757 7.50000000000000e-01 2.63000000000000e+00 0.00000000000000e+00
758 7.50000000000000e-01 2.64000000000000e+00 0.00000000000000e+00
759 7.50000000000000e-01 2.65000000000000e+00 0.00000000000000e+00
760 7.50000000000000e-01 2.66000000000000e+00 0.00000000000000e+00
761 7.50000000000000e-01 2.67000000000000e+00 0.00000000000000e+00
762 7.50000000000000e-01 2.68000000000000e+00 0.00000000000000e+00
763 7.50000000000000e-01 2.69000000000000e+00 0.00000000000000e+00
764 7.50000000000000e-01 2.70000000000000e+00 0.00000000000000e+00
765 7.50000000000000e-01 2.71000000000000e+00 0.00000000000000e+00
766 7.50000000000000e-01 2.72000000000000e+00 0.00000000000000e+00
767 7.50000000000000e-01 2.73000000000000e+00 0.00000000000000e+00
768 7.50000000000000e-01 2.74000000000000e+00 0.00000000000000e+00
769 7.50000000000000e-01 2.75000000000000e+00 0.00000000000000e+00
770 7.50000000000000e-01 2.76000000000000e+00 0.00000000000000e+00
771 7.50000000000000e-01 2.77000000000000e+00 0.00000000000000e+00
772 7.50000000000000e-01 2.78000000000000e+00 0.00000000000000e+00
773 7.50000000000000e-01 2.79000000000000e+00 0.00000000000000e+00
774 7.50000000000000e-01 2.80000000000000e+00 0.00000000000000e+00
775 7.50000000000000e-01 2.81000000000000e+00 0.00000000000000e+00
776 7.50000000000000e-01 2.82000000000000e+00 0.00000000000000e+00
777 7.50000000000000e-01 2.83000000000000e+00 0.00000000000000e+00
778 7.50000000000000e-01 2.84000000000000e+00 0.00000000000000e+00
779 7.50000000000000e-01 2.85000000000000e+00 0.00000000000000e+00
780 7.50000000000000e-01 2.86000000000000e+00 0.00000000000000e+00
781 7.50000000000000e-01 2.87000000000000e+00 0.00000000000000e+00
782 7.50000000000000e-01 2.88000000000000e+00 0.00000000000000e+00
783 7.50000000000000e-01 2.89000000000000e+00 0.00000000000000e+00
784 7.50000000000000e-01 2.90000000000000e+00 0.00000000000000e+00
785 7.50000000000000e-01 2.91000000000000e+00 0.00000000000000e+00
786 7.50000000000000e-01 2.92000000000000e+00 0.00000000000000e+00
787 7.50000000000000e-01 2.93000000000000e+00 0.00000000000000e+00
788 7.50000000000000e-01 2.94000000000000e+00 0.00000000000000e+00
789 7.50000000000000e-01 2.95000000000000e+00 0.00000000000000e+00
790 7.50000000000000e-01 2.96000000000000e+00 0.00000000000000e+00
791 7.50000000000000e-01 2.97000000000000e+00 0.00000000000000e+00
792 7.50000000000000e-01 2.98000000000000e+00 0.00000000000000e+00
793 7.50000000000000e-01 2.99000000000000e+00 0.00000000000000e+00
794 7.50000000000000e-01 3.00000000000000e+00 0.00000000000000e+00
795 7.50000000000000e-01 3.01000000000000e+00 0.00000000000000e+00
796 7.50000000000000e-01 3.02000000000000e+00 0.00000000000000e+00
797 7.50000000000000e-01 3.03000000000000e+00 0.00000000000000e+00
798 7.50000000000000e-01 3.04000000000000e+00 0.00000000000000e+00
799 7.50000000000000e-01 3.05000000000000e+00 0.00000000000000e+00
800 7.50000000000000e-01 3.06000000000000e+00 0.00000000000000e+00
801 7.50000000000000e-01 3.07000000000000e+00 0.00000000000000e+00
802 7.50000000000000e-01 3.08000000000000e+00 0.00000000000000e+00
803 7.50000000000000e-01 3.09000000000000e+00 0.00000000000000e+00
804 7.50000000000000e-01 3.10000000000000e+00 0.00000000000000e+00
805 7.50000000000000e-01 3.11000000000000e+00 0.00000000000000e+00
806 7.50000000000000e-01 3.12000000000000e+00 0.00000000000000e+00
807 7.50000000000000e-01 3.13000000000000e+00 0.00000000000000e+00
808 7.50000000000000e-01 3.14000000000000e+00 0.00000000000000e+00
809 7.50000000000000e-01 3.15000000000000e+00 0.00000000000000e+00
810 7.50000000000000e-01 3.16000000000000e+00 0.00000000000000e+00
811 7.50000000000000e-01 3.17000000000000e+00 0.00000000000000e+00
812 7.50000000000000e-01 3.18000000000000e+00 0.00000000000000e+00
813 7.50000000000000e-01 3.19000000000000e+00 0.00000000000000e+00
814 7.50000000000000e-01 3.20000000000000e+00 0.00000000000000e+00
815 7.50000000000000e-01 3.21000000000000e+00 0.00000000000000e+00
816 7.50000000000000e-01 3.22000000000000e+00 0.00000000000000e+00
817 7.50000000000000e-01 3.23000000000000e+00 0.00000000000000e+00
818 7.50000000000000e-01 3.24000000000000e+00 0.00000000000000e+00
819 7.60000000000000e-01 3.25000000000000e+00 0.00000000000000e+00
820 7.70000000000000e-01 3.25000000000000e+00 0.00000000000000e+00
821 7.80000000000000e-01 3.25000000000000e+00 0.00000000000000e+00
822 7.90000000000000e-01 3.25000000000000e+00 0.00000000000000e+00
823 8.00000000000000e-01 3.25000000000000e+00 0.00000000000000e+00
824 8.10000000000000e-01 3.25000000000000e+00 0.00000000000000e+00
825 8.20000000000000e-01 3.25000000000000e+00 0.00000000000000e+00
826 8.30000000000000e-01 3.25000000000000e+00 0.00000000000000e+00
827 8.40000000000000e-01 3.25000000000000e+00 0.00000000000000e+00
828 8.50000000000000e-01 3.25000000000000e+00 0.00000000000000e+00
829 8.60000000000000e-01 3.25000000000000e+00 0.00000000000000e+00
830 8.70000000000000e-01 3.25000000000000e+00 0.00000000000000e+00
831 8.80000000000000e-01 3.25000000000000e+00 0.00000000000000e+00
832 8.90000000000000e-01 3.25000000000000e+00 0.00000000000000e+00
833 9.00000000000000e-01 3.25000000000000e+00 0.00000000000000e+00
834 9.10000000000000e-01 3.25000000000000e+00 0.00000000000000e+00
835 9.20000000000000e-01 3.25000000000000e+00 0.00000000000000e+00
836 9.30000000000000e-01 3.25000000000000e+00 0.00000000000000e+00
837 9.40000000000000e-01 3.25000000000000e+00 0.00000000000000e+00
838 9.50000000000000e-01 3.25000000000000e+00 0.00000000000000e+00
839 9.60000000000000e-01 3.25000000000000e+00 0.00000000000000e+00
840 9.70000000000000e-01 3.25000000000000e+00 0.00000000000000e+00
841 9.80000000000000e-01 3.25000000000000e+00 0.00000000000000e+00
842 9.90000000000000e-01 3.25000000000000e+00 0.00000000000000e+00
843 1.00000000000000e+00 3.25000000000000e+00 0.00000000000000e+00
844 1.01000000000000e+00 3.25000000000000e+00 0.00000000000000e+00
845 1.02000000000000e+00 3.25000000000000e+00 0.00000000000000e+00
846 1.03000000000000e+00 3.25000000000000e+00 0.00000000000000e+00
847 1.04000000000000e+00 3.25000000000000e+00 0.00000000000000e+00
848 1.05000000000000e+00 3.25000000000000e+00 0.00000000000000e+00
849 1.06000000000000e+00 3.25000000000000e+00 0.00000000000000e+00
850 1.07000000000000e+00 3.25000000000000e+00 0.00000000000000e+00
851 1.08000000000000e+00 3.25000000000000e+00 0.00000000000000e+00
852 1.09000000000000e+00 3.25000000000000e+00 0.00000000000000e+00
853 1.10000000000000e+00 3.25000000000000e+00 0.00000000000000e+00
854 1.11000000000000e+00 3.25000000000000e+00 0.00000000000000e+00
855 1.12000000000000e+00 3.25000000000000e+00 0.00000000000000e+00
856 1.13000000000000e+00 3.25000000000000e+00 0.00000000000000e+00
857 1.14000000000000e+00 3.25000000000000e+00 0.00000000000000e+00
858 1.15000000000000e+00 3.25000000000000e+00 0.00000000000000e+00
859 1.16000000000000e+00 3.25000000000000e+00 0.00000000000000e+00
860 1.17000000000000e+00 3.25000000000000e+00 0.00000000000000e+00
861 1.18000000000000e+00 3.25000000000000e+00 0.00000000000000e+00
862 1.19000000000000e+00 3.25000000000000e+00 0.00000000000000e+00
863 1.20000000000000e+00 3.25000000000000e+00 0.00000000000000e+00
864 1.21000000000000e+00 3.25000000000000e+00 0.00000000000000e+00
865 1.22000000000000e+00 3.25000000000000e+00 0.00000000000000e+00
866 1.23000000000000e+00 3.25000000000000e+00 0.00000000000000e+00
867 1.24000000000000e+00 3.25000000000000e+00 0.00000000000000e+00
868 1.25000000000000e+00 3.25000000000000e+00 0.00000000000000e+00
869 1.26000000000000e+00 3.25000000000000e+00 0.00000000000000e+00
870 1.27000000000000e+00 3.25000000000000e+00 0.00000000000000e+00
871 1.28000000000000e+00 3.25000000000000e+00 0.00000000000000e+00
872 1.29000000000000e+00 3.25000000000000e+00 0.00000000000000e+00
873 1.30000000000000e+00 3.25000000000000e+00 0.00000000000000e+00
874 1.31000000000000e+00 3.25000000000000e+00 0.00000000000000e+00
875 1.32000000000000e+00 3.25000000000000e+00 0.00000000000000e+00
876 1.33000000000000e+00 3.25000000000000e+00 0.00000000000000e+00
877 1.34000000000000e+00 3.25000000000000e+00 0.00000000000000e+00
878 1.35000000000000e+00 3.25000000000000e+00 0.00000000000000e+00
879 1.36000000000000e+00 3.25000000000000e+00 0.00000000000000e+00
880 1.37000000000000e+00 3.25000000000000e+00 0.00000000000000e+00
881 1.38000000000000e+00 3.25000000000000e+00 0.00000000000000e+00
882 1.39000000000000e+00 3.25000000000000e+00 0.00000000000000e+00
883 1.40000000000000e+00 3.25000000000000e+00 0.00000000000000e+00
884 1.41000000000000e+00 3.25000000000000e+00 0.00000000000000e+00
885 1.42000000000000e+00 3.25000000000000e+00 0.00000000000000e+00
886 1.43000000000000e+00 3.25000000000000e+00 0.00000000000000e+00
887 1.44000000000000e+00 3.25000000000000e+00 0.00000000000000e+00
888 1.45000000000000e+00 3.25000000000000e+00 0.00000000000000e+00
889 1.46000000000000e+00 3.25000000000000e+00 0.00000000000000e+00
890 1.47000000000000e+00 3.25000000000000e+00 0.00000000000000e+00
891 1.48000000000000e+00 3.25000000000000e+00 0.00000000000000e+00
892 1.49000000000000e+00 3.25000000000000e+00 0.00000000000000e+00
893 1.50000000000000e+00 3.25000000000000e+00 0.00000000000000e+00
894 1.51000000000000e+00 3.25000000000000e+00 0.00000000000000e+00
895 1.52000000000000e+00 3.25000000000000e+00 0.00000000000000e+00
896 1.53000000000000e+00 3.25000000000000e+00 0.00000000000000e+00
897 1.54000000000000e+00 3.25000000000000e+00 0.00000000000000e+00
898 1.55000000000000e+00 3.25000000000000e+00 0.00000000000000e+00
899 1.56000000000000e+00 3.25000000000000e+00 0.00000000000000e+00
900 1.57000000000000e+00 3.25000000000000e+00 0.00000000000000e+00
901 1.58000000000000e+00 3.25000000000000e+00 0.00000000000000e+00
902 1.59000000000000e+00 3.25000000000000e+00 0.00000000000000e+00
903 1.60000000000000e+00 3.25000000000000e+00 0.00000000000000e+00
904 1.61000000000000e+00 3.25000000000000e+00 0.00000000000000e+00
905 1.62000000000000e+00 3.25000000000000e+00 0.00000000000000e+00
906 1.63000000000000e+00 3.25000000000000e+00 0.00000000000000e+00
907 1.64000000000000e+00 3.25000000000000e+00 0.00000000000000e+00
908 1.65000000000000e+00 3.25000000000000e+00 0.00000000000000e+00
909 1.66000000000000e+00 3.25000000000000e+00 0.00000000000000e+00
910 1.67000000000000e+00 3.25000000000000e+00 0.00000000000000e+00
911 1.68000000000000e+00 3.25000000000000e+00 0.00000000000000e+00
912 1.69000000000000e+00 3.25000000000000e+00 0.00000000000000e+00
913 1.70000000000000e+00 3.25000000000000e+00 0.00000000000000e+00
914 1.71000000000000e+00 3.25000000000000e+00 0.00000000000000e+00
915 1.72000000000000e+00 3.25000000000000e+00 0.00000000000000e+00
916 1.73000000000000e+00 3.25000000000000e+00 0.00000000000000e+00
917 1.74000000000000e+00 3.25000000000000e+00 0.00000000000000e+00
918 1.75000000000000e+00 3.25000000000000e+00 0.00000000000000e+00
919 1.76000000000000e+00 3.25000000000000e+00 0.00000000000000e+00
920 1.77000000000000e+00 3.25000000000000e+00 0.00000000000000e+00
921 1.78000000000000e+00 3.25000000000000e+00 0.00000000000000e+00
922 1.79000000000000e+00 3.25000000000000e+00 0.00000000000000e+00
923 1.80000000000000e+00 3.25000000000000e+00 0.00000000000000e+00
924 1.81000000000000e+00 3.25000000000000e+00 0.00000000000000e+00
925 1.82000000000000e+00 3.25000000000000e+00 0.00000000000000e+00
926 1.83000000000000e+00 3.25000000000000e+00 0.00000000000000e+00
927 1.84000000000000e+00 3.25000000000000e+00 0.00000000000000e+00
928 1.85000000000000e+00 3.25000000000000e+00 0.00000000000000e+00
929 1.86000000000000e+00 3.25000000000000e+00 0.00000000000000e+00
930 1.87000000000000e+00 3.25000000000000e+00 0.00000000000000e+00
931 1.88000000000000e+00 3.25000000000000e+00 0.00000000000000e+00
932 1.89000000000000e+00 3.25000000000000e+00 0.00000000000000e+00
933 1.90000000000000e+00 3.25000000000000e+00 0.00000000000000e+00
934 1.91000000000000e+00 3.25000000000000e+00 0.00000000000000e+00
935 1.92000000000000e+00 3.25000000000000e+00 0.00000000000000e+00
936 1.93000000000000e+00 3.25000000000000e+00 0.00000000000000e+00
937 1.94000000000000e+00 3.25000000000000e+00 0.00000000000000e+00
938 1.95000000000000e+00 3.25000000000000e+00 0.00000000000000e+00
939 1.96000000000000e+00 3.25000000000000e+00 0.00000000000000e+00
940 1.97000000000000e+00 3.25000000000000e+00 0.00000000000000e+00
941 1.98000000000000e+00 3.25000000000000e+00 0.00000000000000e+00
942 1.99000000000000e+00 3.25000000000000e+00 0.00000000000000e+00
943 2.00000000000000e+00 3.24000000000000e+00 0.00000000000000e+00
944 2.00000000000000e+00 3.23000000000000e+00 0.00000000000000e+00
945 2.00000000000000e+00 3.22000000000000e+00 0.00000000000000e+00
946 2.00000000000000e+00 3.21000000000000e+00 0.00000000000000e+00
947 2.00000000000000e+00 3.20000000000000e+00 0.00000000000000e+00
948 2.00000000000000e+00 3.19000000000000e+00 0.00000000000000e+00
949 2.00000000000000e+00 3.18000000000000e+00 0.00000000000000e+00
950 2.00000000000000e+00 3.17000000000000e+00 0.00000000000000e+00
951 2.00000000000000e+00 3.16000000000000e+00 0.00000000000000e+00
952 2.00000000000000e+00 3.15000000000000e+00 0.00000000000000e+00
953 2.00000000000000e+00 3.14000000000000e+00 0.00000000000000e+00
954 2.00000000000000e+00 3.13000000000000e+00 0.00000000000000e+00
955 2.00000000000000e+00 3.12000000000000e+00 0.00000000000000e+00
956 2.00000000000000e+00 3.11000000000000e+00 0.00000000000000e+00
957 2.00000000000000e+00 3.10000000000000e+00 0.00000000000000e+00
958 2.00000000000000e+00 3.09000000000000e+00 0.00000000000000e+00
959 2.00000000000000e+00 3.08000000000000e+00 0.00000000000000e+00
960 2.00000000000000e+00 3.07000000000000e+00 0.00000000000000e+00
961 2.00000000000000e+00 3.06000000000000e+00 0.00000000000000e+00
962 2.00000000000000e+00 3.05000000000000e+00 0.00000000000000e+00
963 2.00000000000000e+00 3.04000000000000e+00 0.00000000000000e+00
964 2.00000000000000e+00 3.03000000000000e+00 0.00000000000000e+00
965 2.00000000000000e+00 3.02000000000000e+00 0.00000000000000e+00
966 2.00000000000000e+00 3.01000000000000e+00 0.00000000000000e+00
967 2.00000000000000e+00 3.00000000000000e+00 0.00000000000000e+00
968 2.00000000000000e+00 2.99000000000000e+00 0.00000000000000e+00
969 2.00000000000000e+00 2.98000000000000e+00 0.00000000000000e+00
970 2.00000000000000e+00 2.97000000000000e+00 0.00000000000000e+00
971 2.00000000000000e+00 2.96000000000000e+00 0.00000000000000e+00
972 2.00000000000000e+00 2.95000000000000e+00 0.00000000000000e+00
973 2.00000000000000e+00 2.94000000000000e+00 0.00000000000000e+00
974 2.00000000000000e+00 2.93000000000000e+00 0.00000000000000e+00
975 2.00000000000000e+00 2.92000000000000e+00 0.00000000000000e+00
976 2.00000000000000e+00 2.91000000000000e+00 0.00000000000000e+00
977 2.00000000000000e+00 2.90000000000000e+00 0.00000000000000e+00
978 2.00000000000000e+00 2.89000000000000e+00 0.00000000000000e+00
979 2.00000000000000e+00 2.88000000000000e+00 0.00000000000000e+00
980 2.00000000000000e+00 2.87000000000000e+00 0.00000000000000e+00
981 2.00000000000000e+00 2.86000000000000e+00 0.00000000000000e+00
982 2.00000000000000e+00 2.85000000000000e+00 0.00000000000000e+00
983 2.00000000000000e+00 2.84000000000000e+00 0.00000000000000e+00
984 2.00000000000000e+00 2.83000000000000e+00 0.00000000000000e+00
985 2.00000000000000e+00 2.82000000000000e+00 0.00000000000000e+00
986 2.00000000000000e+00 2.81000000000000e+00 0.00000000000000e+00
987 2.00000000000000e+00 2.80000000000000e+00 0.00000000000000e+00
988 2.00000000000000e+00 2.79000000000000e+00 0.00000000000000e+00
989 2.00000000000000e+00 2.78000000000000e+00 0.00000000000000e+00
990 2.00000000000000e+00 2.77000000000000e+00 0.00000000000000e+00
991 2.00000000000000e+00 2.76000000000000e+00 0.00000000000000e+00
992 2.00000000000000e+00 2.75000000000000e+00 0.00000000000000e+00
993 2.00000000000000e+00 2.74000000000000e+00 0.00000000000000e+00
994 2.00000000000000e+00 2.73000000000000e+00 0.00000000000000e+00
995 2.00000000000000e+00 2.72000000000000e+00 0.00000000000000e+00
996 2.00000000000000e+00 2.71000000000000e+00 0.00000000000000e+00
997 2.00000000000000e+00 2.70000000000000e+00 0.00000000000000e+00
998 2.00000000000000e+00 2.69000000000000e+00 0.00000000000000e+00
999 2.00000000000000e+00 2.68000000000000e+00 0.00000000000000e+00
1000 2.00000000000000e+00 2.67000000000000e+00 0.00000000000000e+00
1001 2.00000000000000e+00 2.66000000000000e+00 0.00000000000000e+00
1002 2.00000000000000e+00 2.65000000000000e+00 0.00000000000000e+00
1003 2.00000000000000e+00 2.64000000000000e+00 0.00000000000000e+00
1004 2.00000000000000e+00 2.63000000000000e+00 0.00000000000000e+00
1005 2.00000000000000e+00 2.62000000000000e+00 0.00000000000000e+00
1006 2.00000000000000e+00 2.61000000000000e+00 0.00000000000000e+00
1007 2.00000000000000e+00 2.60000000000000e+00 0.00000000000000e+00
1008 2.00000000000000e+00 2.59000000000000e+00 0.00000000000000e+00
1009 2.00000000000000e+00 2.58000000000000e+00 0.00000000000000e+00
1010 2.00000000000000e+00 2.57000000000000e+00 0.00000000000000e+00
1011 2.00000000000000e+00 2.56000000000000e+00 0.00000000000000e+00
1012 2.00000000000000e+00 2.55000000000000e+00 0.00000000000000e+00
1013 2.00000000000000e+00 2.54000000000000e+00 0.00000000000000e+00
1014 2.00000000000000e+00 2.53000000000000e+00 0.00000000000000e+00
1015 2.00000000000000e+00 2.52000000000000e+00 0.00000000000000e+00
1016 2.00000000000000e+00 2.51000000000000e+00 0.00000000000000e+00
1017 1.99107142857143e+00 2.49553571428571e+00 0.00000000000000e+00
1018 1.98214285714286e+00 2.49107142857143e+00 0.00000000000000e+00
1019 1.97321428571429e+00 2.48660714285714e+00 0.00000000000000e+00
1020 1.96428571428571e+00 2.48214285714286e+00 0.00000000000000e+00
1021 1.95535714285714e+00 2.47767857142857e+00 0.00000000000000e+00
1022 1.94642857142857e+00 2.47321428571429e+00 0.00000000000000e+00
1023 1.93750000000000e+00 2.46875000000000e+00 0.00000000000000e+00
1024 1.92857142857143e+00 2.46428571428571e+00 0.00000000000000e+00
1025 1.91964285714286e+00 2.45982142857143e+00 0.00000000000000e+00
1026 1.91071428571429e+00 2.45535714285714e+00 0.00000000000000e+00
1027 1.90178571428571e+00 2.45089285714286e+00 0.00000000000000e+00
1028 1.89285714285714e+00 2.44642857142857e+00 0.00000000000000e+00
1029 1.88392857142857e+00 2.44196428571429e+00 0.00000000000000e+00
1030 1.87500000000000e+00 2.43750000000000e+00 0.00000000000000e+00
1031 1.86607142857143e+00 2.43303571428571e+00 0.00000000000000e+00
1032 1.85714285714286e+00 2.42857142857143e+00 0.00000000000000e+00
1033 1.84821428571429e+00 2.42410714285714e+00 0.00000000000000e+00
1034 1.83928571428571e+00 2.41964285714286e+00 0.00000000000000e+00
1035 1.83035714285714e+00 2.41517857142857e+00 0.00000000000000e+00
1036 1.82142857142857e+00 2.41071428571429e+00 0.00000000000000e+00
1037 1.81250000000000e+00 2.40625000000000e+00 0.00000000000000e+00
1038 1.80357142857143e+00 2.40178571428571e+00 0.00000000000000e+00
1039 1.79464285714286e+00 2.39732142857143e+00 0.00000000000000e+00
1040 1.78571428571429e+00 2.39285714285714e+00 0.00000000000000e+00
1041 1.77678571428571e+00 2.38839285714286e+00 0.00000000000000e+00
1042 1.76785714285714e+00 2.38392857142857e+00 0.00000000000000e+00
1043 1.75892857142857e+00 2.37946428571429e+00 0.00000000000000e+00
1044 1.75000000000000e+00 2.37500000000000e+00 0.00000000000000e+00
1045 1.74107142857143e+00 2.37053571428571e+00 0.00000000000000e+00
1046 1.73214285714286e+00 2.36607142857143e+00 0.00000000000000e+00
1047 1.72321428571429e+00 2.36160714285714e+00 0.00000000000000e+00
1048 1.71428571428571e+00 2.35714285714286e+00 0.00000000000000e+00
1049 1.70535714285714e+00 2.35267857142857e+00 0.00000000000000e+00
1050 1.69642857142857e+00 2.34821428571429e+00 0.00000000000000e+00
1051 1.68750000000000e+00 2.34375000000000e+00 0.00000000000000e+00
1052 1.67857142857143e+00 2.33928571428571e+00 0.00000000000000e+00
1053 1.66964285714286e+00 2.33482142857143e+00 0.00000000000000e+00
1054 1.66071428571429e+00 2.33035714285714e+00 0.00000000000000e+00
1055 1.65178571428571e+00 2.32589285714286e+00 0.00000000000000e+00
1056 1.64285714285714e+00 2.32142857142857e+00 0.00000000000000e+00
1057 1.63392857142857e+00 2.31696428571429e+00 0.00000000000000e+00
1058 1.62500000000000e+00 2.31250000000000e+00 0.00000000000000e+00
1059 1.61607142857143e+00 2.30803571428571e+00 0.00000000000000e+00
1060 1.60714285714286e+00 2.30357142857143e+00 0.00000000000000e+00
1061 1.59821428571429e+00 2.29910714285714e+00 0.00000000000000e+00
1062 1.58928571428571e+00 2.29464285714286e+00 0.00000000000000e+00
1063 1.58035714285714e+00 2.29017857142857e+00 0.00000000000000e+00
1064 1.57142857142857e+00 2.28571428571429e+00 0.00000000000000e+00
1065 1.56250000000000e+00 2.28125000000000e+00 0.00000000000000e+00
1066 1.55357142857143e+00 2.27678571428571e+00 0.00000000000000e+00
1067 1.54464285714286e+00 2.27232142857143e+00 0.00000000000000e+00
1068 1.53571428571429e+00 2.26785714285714e+00 0.00000000000000e+00
1069 1.52678571428571e+00 2.26339285714286e+00 0.00000000000000e+00
1070 1.51785714285714e+00 2.25892857142857e+00 0.00000000000000e+00
1071 1.50892857142857e+00 2.25446428571429e+00 0.00000000000000e+00
1 102 1 17 
2 102 17 18 
3 102 18 19 
4 102 19 20 
5 102 20 21 
6 102 21 22 
7 102 22 23 
8 102 23 24 
9 102 24 25 
10 102 25 26 
11 102 26 27 
12 102 27 28 
13 102 28 29 
14 102 29 30 
15 102 30 31 
16 102 31 32 
17 102 32 33 
18 102 33 34 
19 102 34 35 
20 102 35 36 
21 102 36 37 
22 102 37 38 
23 102 38 39 
24 102 39 40 
25 102 40 41 
26 102 41 42 
27 102 42 43 
28 102 43 44 
29 102 44 45 
30 102 45 46 
31 102 46 47 
32 102 47 48 
33 102 48 49 
34 102 49 50 
35 102 50 51 
36 102 51 52 
37 102 52 53 
38 102 53 54 
39 102 54 55 
40 102 55 56 
41 102 56 57 
42 102 57 58 
43 102 58 59 
44 102 59 60 
45 102 60 61 
46 102 61 62 
47 102 62 63 
48 102 63 64 
49 102 64 65 
50 102 65 66 
51 102 66 67 
52 102 67 68 
53 102 68 69 
54 102 69 70 
55 102 70 71 
56 102 71 72 
57 102 72 73 
58 102 73 74 
59 102 74 75 
60 102 75 76 
61 102 76 77 
62 102 77 78 
63 102 78 79 
64 102 79 80 
65 102 80 81 
66 102 81 82 
67 102 82 83 
68 102 83 84 
69 102 84 85 
70 102 85 86 
71 102 86 87 
72 102 87 88 
73 102 88 89 
74 102 89 90 
75 102 90 91 
76 102 91 92 
77 102 92 93 
78 102 93 94 
79 102 94 95 
80 102 95 96 
81 102 96 97 
82 102 97 98 
83 102 98 99 
84 102 99 100 
85 102 100 101 
86 102 101 102 
87 102 102 103 
88 102 103 104 
89 102 104 105 
90 102 105 106 
91 102 106 107 
92 102 107 108 
93 102 108 109 
94 102 109 110 
95 102 110 111 
96 102 111 112 
97 102 112 113 
98 102 113 114 
99 102 114 115 
100 102 115 2 
101 102 2 116 
102 102 116 117 
103 102 117 118 
104 102 118 119 
105 102 119 120 
106 102 120 121 
107 102 121 122 
108 102 122 123 
109 102 123 124 
110 102 124 125 
111 102 125 126 
112 102 126 127 
113 102 127 128 
114 102 128 129 
115 102 129 130 
116 102 130 131 
117 102 131 132 
118 102 132 133 
119 102 133 134 
120 102 134 135 
121 102 135 136 
122 102 136 137 
123 102 137 138 
124 102 138 139 
125 102 139 140 
126 102 140 141 
127 102 141 142 
128 102 142 143 
129 102 143 144 
130 102 144 145 
131 102 145 146 
132 102 146 147 
133 102 147 148 
134 102 148 149 
135 102 149 150 
136 102 150 151 
137 102 151 152 
138 102 152 153 
139 102 153 154 
140 102 154 155 
141 102 155 156 
142 102 156 157 
143 102 157 158 
144 102 158 159 
145 102 159 160 
146 102 160 161 
147 102 161 162 
148 102 162 163 
149 102 163 164 
150 102 164 165 
151 102 165 166 
152 102 166 167 
153 102 167 168 
154 102 168 169 
155 102 169 170 
156 102 170 171 
157 102 171 172 
158 102 172 173 
159 102 173 174 
160 102 174 175 
161 102 175 176 
162 102 176 177 
163 102 177 178 
164 102 178 179 
165 102 179 180 
166 102 180 181 
167 102 181 182 
168 102 182 183 
169 102 183 184 
170 102 184 185 
171 102 185 186 
172 102 186 187 
173 102 187 188 
174 102 188 189 
175 102 189 190 
176 102 190 191 
177 102 191 192 
178 102 192 193 
179 102 193 194 
180 102 194 195 
181 102 195 196 
182 102 196 197 
183 102 197 198 
184 102 198 199 
185 102 199 200 
186 102 200 201 
187 102 201 202 
188 102 202 203 
189 102 203 204 
190 102 204 205 
191 102 205 206 
192 102 206 207 
193 102 207 208 
194 102 208 209 
195 102 209 210 
196 102 210 211 
197 102 211 212 
198 102 212 213 
199 102 213 214 
200 102 214 3 
201 102 3 215 
202 102 215 216 
203 102 216 217 
204 102 217 218 
205 102 218 219 
206 102 219 220 
207 102 220 221 
208 102 221 222 
209 102 222 223 
210 102 223 224 
211 102 224 225 
212 102 225 226 
213 102 226 227 
214 102 227 228 
215 102 228 229 
216 102 229 230 
217 102 230 231 
218 102 231 232 
219 102 232 233 
220 102 233 234 
221 102 234 235 
222 102 235 236 
223 102 236 237 
224 102 237 238 
225 102 238 239 
226 102 239 240 
227 102 240 241 
228 102 241 242 
229 102 242 243 
230 102 243 244 
231 102 244 245 
232 102 245 246 
233 102 246 247 
234 102 247 4 
235 102 4 248 
236 102 248 249 
237 102 249 250 
238 102 250 251 
239 102 251 252 
240 102 252 253 
241 102 253 254 
242 102 254 255 
243 102 255 256 
244 102 256 257 
245 102 257 258 
246 102 258 259 
247 102 259 260 
248 102 260 261 
249 102 261 262 
250 102 262 263 
251 102 263 264 
252 102 264 265 
253 102 265 266 
254 102 266 267 
255 102 267 268 
256 102 268 269 
257 102 269 270 
258 102 270 271 
259 102 271 5 
260 102 5 272 
261 102 272 273 
262 102 273 274 
263 102 274 275 
264 102 275 276 
265 102 276 277 
266 102 277 278 
267 102 278 279 
268 102 279 280 
269 102 280 281 
270 102 281 282 
271 102 282 283 
272 102 283 284 
273 102 284 285 
274 102 285 286 
275 102 286 287 
276 102 287 288 
277 102 288 289 
278 102 289 290 
279 102 290 291 
280 102 291 292 
281 102 292 293 
282 102 293 294 
283 102 294 295 
284 102 295 296 
285 102 296 297 
286 102 297 298 
287 102 298 299 
288 102 299 300 
289 102 300 301 
290 102 301 302 
291 102 302 303 
292 102 303 304 
293 102 304 305 
294 102 305 306 
295 102 306 307 
296 102 307 308 
297 102 308 309 
298 102 309 310 
299 102 310 311 
300 102 311 312 
301 102 312 313 
302 102 313 314 
303 102 314 315 
304 102 315 316 
305 102 316 317 
306 102 317 318 
307 102 318 319 
308 102 319 320 
309 102 320 321 
310 102 321 322 
311 102 322 323 
312 102 323 324 
313 102 324 325 
314 102 325 326 
315 102 326 327 
316 102 327 328 
317 102 328 329 
318 102 329 330 
319 102 330 331 
320 102 331 332 
321 102 332 333 
322 102 333 334 
323 102 334 335 
324 102 335 336 
325 102 336 337 
326 102 337 338 
327 102 338 339 
328 102 339 340 
329 102 340 341 
330 102 341 342 
331 102 342 343 
332 102 343 344 
333 102 344 345 
334 102 345 346 
335 102 346 347 
336 102 347 348 
337 102 348 349 
338 102 349 350 
339 102 350 351 
340 102 351 352 
341 102 352 353 
342 102 353 354 
343 102 354 355 
344 102 355 356 
345 102 356 357 
346 102 357 358 
347 102 358 359 
348 102 359 360 
349 102 360 361 
350 102 361 362 
351 102 362 363 
352 102 363 364 
353 102 364 365 
354 102 365 366 
355 102 366 367 
356 102 367 368 
357 102 368 369 
358 102 369 370 
359 102 370 371 
360 102 371 372 
361 102 372 373 
362 102 373 374 
363 102 374 375 
364 102 375 376 
365 102 376 377 
366 102 377 378 
367 102 378 379 
368 102 379 380 
369 102 380 381 
370 102 381 382 
371 102 382 383 
372 102 383 6 
373 102 6 384 
374 102 384 385 
375 102 385 386 
376 102 386 387 
377 102 387 388 
378 102 388 389 
379 102 389 390 
380 102 390 391 
381 102 391 392 
382 102 392 393 
383 102 393 394 
384 102 394 395 
385 102 395 396 
386 102 396 397 
387 102 397 398 
388 102 398 399 
389 102 399 400 
390 102 400 401 
391 102 401 402 
392 102 402 403 
393 102 403 404 
394 102 404 405 
395 102 405 406 
396 102 406 407 
397 102 407 7 
398 102 1 408 
399 102 408 409 
400 102 409 410 
401 102 410 411 
402 102 411 412 
403 102 412 413 
404 102 413 414 
405 102 414 415 
406 102 415 416 
407 102 416 417 
408 102 417 418 
409 102 418 419 
410 102 419 420 
411 102 420 421 
412 102 421 422 
413 102 422 423 
414 102 423 424 
415 102 424 425 
416 102 425 426 
417 102 426 427 
418 102 427 428 
419 102 428 429 
420 102 429 430 
421 102 430 431 
422 102 431 432 
423 102 432 433 
424 102 433 434 
425 102 434 435 
426 102 435 436 
427 102 436 437 
428 102 437 438 
429 102 438 439 
430 102 439 440 
431 102 440 441 
432 102 441 442 
433 102 442 443 
434 102 443 444 
435 102 444 445 
436 102 445 446 
437 102 446 447 
438 102 447 448 
439 102 448 449 
440 102 449 450 
441 102 450 451 
442 102 451 452 
443 102 452 453 
444 102 453 454 
445 102 454 455 
446 102 455 456 
447 102 456 457 
448 102 457 458 
449 102 458 459 
450 102 459 460 
451 102 460 461 
452 102 461 462 
453 102 462 463 
454 102 463 464 
455 102 464 465 
456 102 465 466 
457 102 466 467 
458 102 467 468 
459 102 468 469 
460 102 469 470 
461 102 470 471 
462 102 471 472 
463 102 472 473 
464 102 473 474 
465 102 474 475 
466 102 475 476 
467 102 476 477 
468 102 477 478 
469 102 478 479 
470 102 479 480 
471 102 480 481 
472 102 481 482 
473 102 482 483 
474 102 483 484 
475 102 484 485 
476 102 485 486 
477 102 486 487 
478 102 487 488 
479 102 488 489 
480 102 489 490 
481 102 490 491 
482 102 491 492 
483 102 492 493 
484 102 493 494 
485 102 494 495 
486 102 495 496 
487 102 496 497 
488 102 497 498 
489 102 498 499 
490 102 499 500 
491 102 500 501 
492 102 501 502 
493 102 502 503 
494 102 503 504 
495 102 504 505 
496 102 505 506 
497 102 506 8 
498 102 8 507 
499 102 507 508 
500 102 508 509 
501 102 509 510 
502 102 510 511 
503 102 511 512 
504 102 512 513 
505 102 513 514 
506 102 514 515 
507 102 515 516 
508 102 516 517 
509 102 517 518 
510 102 518 519 
511 102 519 520 
512 102 520 521 
513 102 521 522 
514 102 522 523 
515 102 523 524 
516 102 524 525 
517 102 525 526 
518 102 526 527 
519 102 527 528 
520 102 528 529 
521 102 529 530 
522 102 530 531 
523 102 531 532 
524 102 532 533 
525 102 533 534 
526 102 534 535 
527 102 535 536 
528 102 536 537 
529 102 537 538 
530 102 538 539 
531 102 539 9 
532 102 9 540 
533 102 540 541 
534 102 541 542 
535 102 542 543 
536 102 543 544 
537 102 544 545 
538 102 545 546 
539 102 546 547 
540 102 547 548 
541 102 548 549 
542 102 549 550 
543 102 550 551 
544 102 551 552 
545 102 552 553 
546 102 553 554 
547 102 554 555 
548 102 555 556 
549 102 556 557 
550 102 557 558 
551 102 558 559 
552 102 559 560 
553 102 560 561 
554 102 561 562 
555 102 562 563 
556 102 563 10 
557 102 11 564 
558 102 564 565 
559 102 565 566 
560 102 566 567 
561 102 567 568 
562 102 568 569 
563 102 569 570 
564 102 570 571 
565 102 571 572 
566 102 572 573 
567 102 573 574 
568 102 574 575 
569 102 575 576 
570 102 576 577 
571 102 577 578 
572 102 578 579 
573 102 579 580 
574 102 580 581 
575 102 581 582 
576 102 582 583 
577 102 583 584 
578 102 584 585 
579 102 585 586 
580 102 586 587 
581 102 587 588 
582 102 588 589 
583 102 589 590 
584 102 590 591 
585 102 591 592 
586 102 592 593 
587 102 593 594 
588 102 594 595 
589 102 595 596 
590 102 596 597 
591 102 597 598 
592 102 598 599 
593 102 599 600 
594 102 600 601 
595 102 601 602 
596 102 602 603 
597 102 603 604 
598 102 604 605 
599 102 605 606 
600 102 606 607 
601 102 607 608 
602 102 608 609 
603 102 609 610 
604 102 610 611 
605 102 611 612 
606 102 612 613 
607 102 613 614 
608 102 614 615 
609 102 615 616 
610 102 616 617 
611 102 617 618 
612 102 618 619 
613 102 619 620 
614 102 620 621 
615 102 621 622 
616 102 622 623 
617 102 623 624 
618 102 624 625 
619 102 625 626 
620 102 626 627 
621 102 627 628 
622 102 628 629 
623 102 629 630 
624 102 630 631 
625 102 631 632 
626 102 632 633 
627 102 633 634 
628 102 634 635 
629 102 635 636 
630 102 636 637 
631 102 637 638 
632 102 638 639 
633 102 639 640 
634 102 640 641 
635 102 641 642 
636 102 642 643 
637 102 643 644 
638 102 644 645 
639 102 645 646 
640 102 646 647 
641 102 647 648 
642 102 648 649 
643 102 649 650 
644 102 650 651 
645 102 651 652 
646 102 652 653 
647 102 653 654 
648 102 654 655 
649 102 655 656 
650 102 656 657 
651 102 657 658 
652 102 658 659 
653 102 659 660 
654 102 660 661 
655 102 661 662 
656 102 662 663 
657 102 663 664 
658 102 664 665 
659 102 665 666 
660 102 666 667 
661 102 667 668 
662 102 668 669 
663 102 669 670 
664 102 670 671 
665 102 671 672 
666 102 672 673 
667 102 673 10 
668 102 12 674 
669 102 674 675 
670 102 675 676 
671 102 676 677 
672 102 677 678 
673 102 678 679 
674 102 679 680 
675 102 680 681 
676 102 681 682 
677 102 682 683 
678 102 683 684 
679 102 684 685 
680 102 685 686 
681 102 686 687 
682 102 687 688 
683 102 688 689 
684 102 689 690 
685 102 690 691 
686 102 691 692 
687 102 692 693 
688 102 693 694 
689 102 694 695 
690 102 695 696 
691 102 696 697 
692 102 697 11 
693 102 12 698 
694 102 698 699 
695 102 699 700 
696 102 700 701 
697 102 701 702 
698 102 702 703 
699 102 703 704 
700 102 704 705 
701 102 705 706 
702 102 706 707 
703 102 707 708 
704 102 708 709 
705 102 709 710 
706 102 710 711 
707 102 711 712 
708 102 712 713 
709 102 713 714 
710 102 714 715 
711 102 715 716 
712 102 716 717 
713 102 717 718 
714 102 718 719 
715 102 719 720 
716 102 720 721 
717 102 721 722 
718 102 722 723 
719 102 723 724 
720 102 724 725 
721 102 725 726 
722 102 726 727 
723 102 727 728 
724 102 728 729 
725 102 729 730 
726 102 730 731 
727 102 731 732 
728 102 732 733 
729 102 733 734 
730 102 734 735 
731 102 735 736 
732 102 736 737 
733 102 737 738 
734 102 738 739 
735 102 739 740 
736 102 740 741 
737 102 741 742 
738 102 742 743 
739 102 743 744 
740 102 744 13 
741 102 13 745 
742 102 745 746 
743 102 746 747 
744 102 747 748 
745 102 748 749 
746 102 749 750 
747 102 750 751 
748 102 751 752 
749 102 752 753 
750 102 753 754 
751 102 754 755 
752 102 755 756 
753 102 756 757 
754 102 757 758 
755 102 758 759 
756 102 759 760 
757 102 760 761 
758 102 761 762 
759 102 762 763 
760 102 763 764 
761 102 764 765 
762 102 765 766 
763 102 766 767 
764 102 767 768 
765 102 768 769 
766 102 769 770 
767 102 770 771 
768 102 771 772 
769 102 772 773 
770 102 773 774 
771 102 774 775 
772 102 775 776 
773 102 776 777 
774 102 777 778 
775 102 778 779 
776 102 779 780 
777 102 780 781 
778 102 781 782 
779 102 782 783 
780 102 783 784 
781 102 784 785 
782 102 785 786 
783 102 786 787 
784 102 787 788 
785 102 788 789 
786 102 789 790 
787 102 790 791 
788 102 791 792 
789 102 792 793 
790 102 793 794 
791 102 794 795 
792 102 795 796 
793 102 796 797 
794 102 797 798 
795 102 798 799 
796 102 799 800 
797 102 800 801 
798 102 801 802 
799 102 802 803 
800 102 803 804 
801 102 804 805 
802 102 805 806 
803 102 806 807 
804 102 807 808 
805 102 808 809 
806 102 809 810 
807 102 810 811 
808 102 811 812 
809 102 812 813 
810 102 813 814 
811 102 814 815 
812 102 815 816 
813 102 816 817 
814 102 817 818 
815 102 818 14 
816 102 14 819 
817 102 819 820 
818 102 820 821 
819 102 821 822 
820 102 822 823 
821 102 823 824 
822 102 824 825 
823 102 825 826 
824 102 826 827 
825 102 827 828 
826 102 828 829 
827 102 829 830 
828 102 830 831 
829 102 831 832 
830 102 832 833 
831 102 833 834 
832 102 834 835 
833 102 835 836 
834 102 836 837 
835 102 837 838 
836 102 838 839 
837 102 839 840 
838 102 840 841 
839 102 841 842 
840 102 842 843 
841 102 843 844 
842 102 844 845 
843 102 845 846 
844 102 846 847 
845 102 847 848 
846 102 848 849 
847 102 849 850 
848 102 850 851 
849 102 851 852 
850 102 852 853 
851 102 853 854 
852 102 854 855 
853 102 855 856 
854 102 856 857 
855 102 857 858 
856 102 858 859 
857 102 859 860 
858 102 860 861 
859 102 861 862 
860 102 862 863 
861 102 863 864 
862 102 864 865 
863 102 865 866 
864 102 866 867 
865 102 867 868 
866 102 868 869 
867 102 869 870 
868 102 870 871 
869 102 871 872 
870 102 872 873 
871 102 873 874 
872 102 874 875 
873 102 875 876 
874 102 876 877 
875 102 877 878 
876 102 878 879 
877 102 879 880 
878 102 880 881 
879 102 881 882 
880 102 882 883 
881 102 883 884 
882 102 884 885 
883 102 885 886 
884 102 886 887 
885 102 887 888 
886 102 888 889 
887 102 889 890 
888 102 890 891 
889 102 891 892 
890 102 892 893 
891 102 893 894 
892 102 894 895 
893 102 895 896 
894 102 896 897 
895 102 897 898 
896 102 898 899 
897 102 899 900 
898 102 900 901 
899 102 901 902 
900 102 902 903 
901 102 903 904 
902 102 904 905 
903 102 905 906 
904 102 906 907 
905 102 907 908 
906 102 908 909 
907 102 909 910 
908 102 910 911 
909 102 911 912 
910 102 912 913 
911 102 913 914 
912 102 914 915 
913 102 915 916 
914 102 916 917 
915 102 917 918 
916 102 918 919 
917 102 919 920 
918 102 920 921 
919 102 921 922 
920 102 922 923 
921 102 923 924 
922 102 924 925 
923 102 925 926 
924 102 926 927 
925 102 927 928 
926 102 928 929 
927 102 929 930 
928 102 930 931 
929 102 931 932 
930 102 932 933 
931 102 933 934 
932 102 934 935 
933 102 935 936 
934 102 936 937 
935 102 937 938 
936 102 938 939 
937 102 939 940 
938 102 940 941 
939 102 941 942 
940 102 942 15 
941 102 15 943 
942 102 943 944 
943 102 944 945 
944 102 945 946 
945 102 946 947 
946 102 947 948 
947 102 948 949 
948 102 949 950 
949 102 950 951 
950 102 951 952 
951 102 952 953 
952 102 953 954 
953 102 954 955 
954 102 955 956 
955 102 956 957 
956 102 957 958 
957 102 958 959 
958 102 959 960 
959 102 960 961 
960 102 961 962 
961 102 962 963 
962 102 963 964 
963 102 964 965 
964 102 965 966 
965 102 966 967 
966 102 967 968 
967 102 968 969 
968 102 969 970 
969 102 970 971 
970 102 971 972 
971 102 972 973 
972 102 973 974 
973 102 974 975 
974 102 975 976 
975 102 976 977 
976 102 977 978 
977 102 978 979 
978 102 979 980 
979 102 980 981 
980 102 981 982 
981 102 982 983 
982 102 983 984 
983 102 984 985 
984 102 985 986 
985 102 986 987 
986 102 987 988 
987 102 988 989 
988 102 989 990 
989 102 990 991 
990 102 991 992 
991 102 992 993 
992 102 993 994 
993 102 994 995 
994 102 995 996 
995 102 996 997 
996 102 997 998 
997 102 998 999 
998 102 999 1000 
999 102 1000 1001 
1000 102 1001 1002 
1001 102 1002 1003 
1002 102 1003 1004 
1003 102 1004 1005 
1004 102 1005 1006 
1005 102 1006 1007 
1006 102 1007 1008 
1007 102 1008 1009 
1008 102 1009 1010 
1009 102 1010 1011 
1010 102 1011 1012 
1011 102 1012 1013 
1012 102 1013 1014 
1013 102 1014 1015 
1014 102 1015 1016 
1015 102 1016 16 
1016 102 16 1017 
1017 102 1017 1018 
1018 102 1018 1019 
1019 102 1019 1020 
1020 102 1020 1021 
1021 102 1021 1022 
1022 102 1022 1023 
1023 102 1023 1024 
1024 102 1024 1025 
1025 102 1025 1026 
1026 102 1026 1027 
1027 102 1027 1028 
1028 102 1028 1029 
1029 102 1029 1030 
1030 102 1030 1031 
1031 102 1031 1032 
1032 102 1032 1033 
1033 102 1033 1034 
1034 102 1034 1035 
1035 102 1035 1036 
1036 102 1036 1037 
1037 102 1037 1038 
1038 102 1038 1039 
1039 102 1039 1040 
1040 102 1040 1041 
1041 102 1041 1042 
1042 102 1042 1043 
1043 102 1043 1044 
1044 102 1044 1045 
1045 102 1045 1046 
1046 102 1046 1047 
1047 102 1047 1048 
1048 102 1048 1049 
1049 102 1049 1050 
1050 102 1050 1051 
1051 102 1051 1052 
1052 102 1052 1053 
1053 102 1053 1054 
1054 102 1054 1055 
1055 102 1055 1056 
1056 102 1056 1057 
1057 102 1057 1058 
1058 102 1058 1059 
1059 102 1059 1060 
1060 102 1060 1061 
1061 102 1061 1062 
1062 102 1062 1063 
1063 102 1063 1064 
1064 102 1064 1065 
1065 102 1065 1066 
1066 102 1066 1067 
1067 102 1067 1068 
1068 102 1068 1069 
1069 102 1069 1070 
1070 102 1070 1071 
1071 102 1071 7 
