415 2053
1 0.00000000000000e+00 0.00000000000000e+00 0.00000000000000e+00
2 0.00000000000000e+00 -5.00000000000000e-01 6.12323399573677e-17
3 0.00000000000000e+00 5.00000000000000e-01 0.00000000000000e+00
4 1.00000000000000e+00 -5.00000000000000e-01 6.12323399573677e-17
5 1.00000000000000e+00 5.00000000000000e-01 0.00000000000000e+00
6 1.50000000000000e+00 -2.50000000000000e-01 3.06161699786838e-17
7 1.50000000000000e+00 2.50000000000000e-01 0.00000000000000e+00
8 2.00000000000000e+00 -2.50000000000000e-01 3.06161699786838e-17
9 2.00000000000000e+00 2.50000000000000e-01 0.00000000000000e+00
10 2.50000000000000e+00 -5.00000000000000e-01 6.12323399573677e-17
11 2.50000000000000e+00 5.00000000000000e-01 0.00000000000000e+00
12 4.00000000000000e+00 0.00000000000000e+00 0.00000000000000e+00
13 4.00000000000000e+00 -5.00000000000000e-01 6.12323399573677e-17
14 4.00000000000000e+00 5.00000000000000e-01 0.00000000000000e+00
15 1.28000000000000e-01 0.00000000000000e+00 0.00000000000000e+00
16 2.52000000000000e-01 0.00000000000000e+00 0.00000000000000e+00
17 3.80000000000000e-01 0.00000000000000e+00 0.00000000000000e+00
18 5.12000000000000e-01 0.00000000000000e+00 0.00000000000000e+00
19 6.52000000000000e-01 0.00000000000000e+00 0.00000000000000e+00
20 7.80000000000000e-01 0.00000000000000e+00 0.00000000000000e+00
21 9.04000000000000e-01 0.00000000000000e+00 0.00000000000000e+00
22 1.03200000000000e+00 0.00000000000000e+00 0.00000000000000e+00
23 1.15600000000000e+00 0.00000000000000e+00 0.00000000000000e+00
24 1.28000000000000e+00 0.00000000000000e+00 0.00000000000000e+00
25 1.40800000000000e+00 0.00000000000000e+00 0.00000000000000e+00
26 1.56800000000000e+00 0.00000000000000e+00 0.00000000000000e+00
27 1.69600000000000e+00 0.00000000000000e+00 0.00000000000000e+00
28 1.82000000000000e+00 0.00000000000000e+00 0.00000000000000e+00
29 1.94400000000000e+00 0.00000000000000e+00 0.00000000000000e+00
30 2.07200000000000e+00 0.00000000000000e+00 0.00000000000000e+00
31 2.19600000000000e+00 0.00000000000000e+00 0.00000000000000e+00
32 2.32400000000000e+00 0.00000000000000e+00 0.00000000000000e+00
33 2.47200000000000e+00 0.00000000000000e+00 0.00000000000000e+00
34 2.59600000000000e+00 0.00000000000000e+00 0.00000000000000e+00
35 2.72400000000000e+00 0.00000000000000e+00 0.00000000000000e+00
36 2.84800000000000e+00 0.00000000000000e+00 0.00000000000000e+00
37 2.97200000000000e+00 0.00000000000000e+00 0.00000000000000e+00
38 3.10000000000000e+00 0.00000000000000e+00 0.00000000000000e+00
39 3.23600000000000e+00 0.00000000000000e+00 0.00000000000000e+00
40 3.37200000000000e+00 0.00000000000000e+00 0.00000000000000e+00
41 3.50000000000000e+00 0.00000000000000e+00 0.00000000000000e+00
42 3.62400000000000e+00 0.00000000000000e+00 0.00000000000000e+00
43 3.75200000000000e+00 0.00000000000000e+00 0.00000000000000e+00
44 3.87600000000000e+00 0.00000000000000e+00 0.00000000000000e+00
45 4.00000000000000e+00 -1.35500000000000e-01 1.65939641284466e-17
46 4.00000000000000e+00 -3.16500000000000e-01 3.87600711930137e-17
47 3.81100000000000e+00 -5.00000000000000e-01 6.12323399573677e-17
48 3.62350000000000e+00 -5.00000000000000e-01 6.12323399573677e-17
49 3.43600000000000e+00 -5.00000000000000e-01 6.12323399573677e-17
50 3.24850000000000e+00 -5.00000000000000e-01 6.12323399573677e-17
51 3.06100000000000e+00 -5.00000000000000e-01 6.12323399573677e-17
52 2.87350000000000e+00 -5.00000000000000e-01 6.12323399573677e-17
53 2.68600000000000e+00 -5.00000000000000e-01 6.12323399573677e-17
54 2.31000000000000e+00 -4.05000000000000e-01 4.95981953654678e-17
55 2.13750000000000e+00 -3.18750000000000e-01 3.90356167228219e-17
56 1.87450000000000e+00 -2.50000000000000e-01 3.06161699786838e-17
57 1.74950000000000e+00 -2.50000000000000e-01 3.06161699786838e-17
58 1.62500000000000e+00 -2.50000000000000e-01 3.06161699786838e-17
59 1.36400000000000e+00 -3.18000000000000e-01 3.89437682128858e-17
60 1.19900000000000e+00 -4.00500000000000e-01 4.90471043058515e-17
61 8.00000000000000e-01 -5.00000000000000e-01 6.12323399573677e-17
62 6.00000000000000e-01 -5.00000000000000e-01 6.12323399573677e-17
63 4.00000000000000e-01 -5.00000000000000e-01 6.12323399573677e-17
64 2.00000000000000e-01 -5.00000000000000e-01 6.12323399573677e-17
65 0.00000000000000e+00 -3.08500000000000e-01 3.77803537536958e-17
66 0.00000000000000e+00 -1.30500000000000e-01 1.59816407288730e-17
67 4.00000000000000e+00 1.50500000000000e-01 0.00000000000000e+00
68 4.00000000000000e+00 3.25500000000000e-01 0.00000000000000e+00
69 3.81100000000000e+00 5.00000000000000e-01 0.00000000000000e+00
70 3.62350000000000e+00 5.00000000000000e-01 0.00000000000000e+00
71 3.43600000000000e+00 5.00000000000000e-01 0.00000000000000e+00
72 3.24850000000000e+00 5.00000000000000e-01 0.00000000000000e+00
73 3.06100000000000e+00 5.00000000000000e-01 0.00000000000000e+00
74 2.87350000000000e+00 5.00000000000000e-01 0.00000000000000e+00
75 2.68600000000000e+00 5.00000000000000e-01 0.00000000000000e+00
76 2.31250000000000e+00 4.06250000000000e-01 0.00000000000000e+00
77 2.13550000000000e+00 3.17750000000000e-01 0.00000000000000e+00
78 1.87450000000000e+00 2.50000000000000e-01 0.00000000000000e+00
79 1.74950000000000e+00 2.50000000000000e-01 0.00000000000000e+00
80 1.62500000000000e+00 2.50000000000000e-01 0.00000000000000e+00
81 1.36750000000000e+00 3.16250000000000e-01 0.00000000000000e+00
82 1.19450000000000e+00 4.02750000000000e-01 0.00000000000000e+00
83 8.00000000000000e-01 5.00000000000000e-01 0.00000000000000e+00
84 6.00000000000000e-01 5.00000000000000e-01 0.00000000000000e+00
85 4.00000000000000e-01 5.00000000000000e-01 0.00000000000000e+00
86 2.00000000000000e-01 5.00000000000000e-01 0.00000000000000e+00
87 0.00000000000000e+00 3.15000000000000e-01 0.00000000000000e+00
88 0.00000000000000e+00 1.37000000000000e-01 0.00000000000000e+00
89 0.00000000000000e+00 4.61336369935057e-01 1.92791996138698e-01
90 0.00000000000000e+00 3.52440926971181e-01 3.54662364786137e-01
91 0.00000000000000e+00 1.91341716182545e-01 4.61939766255643e-01
92 0.00000000000000e+00 3.06161699786838e-17 5.00000000000000e-01
93 0.00000000000000e+00 -1.92791996138698e-01 4.61336369935057e-01
94 0.00000000000000e+00 -3.54662364786137e-01 3.52440926971181e-01
95 0.00000000000000e+00 -4.62538603417229e-01 1.89889547760901e-01
96 1.00000000000000e+00 4.61336369935057e-01 1.92791996138698e-01
97 1.00000000000000e+00 3.52440926971181e-01 3.54662364786137e-01
98 1.00000000000000e+00 1.91341716182545e-01 4.61939766255643e-01
99 1.00000000000000e+00 3.06161699786838e-17 5.00000000000000e-01
100 1.00000000000000e+00 -1.92791996138698e-01 4.61336369935057e-01
101 1.00000000000000e+00 -3.54662364786137e-01 3.52440926971181e-01
102 1.00000000000000e+00 -4.62538603417229e-01 1.89889547760901e-01
103 1.50000000000000e+00 2.16375332563255e-01 1.25226656340177e-01
104 1.50000000000000e+00 1.24546276334873e-01 2.16767675291123e-01
105 1.50000000000000e+00 -7.85396871469882e-04 2.49998766300465e-01
106 1.50000000000000e+00 -1.25226656340178e-01 2.16375332563255e-01
107 1.50000000000000e+00 -2.16767675291123e-01 1.24546276334873e-01
108 2.00000000000000e+00 2.16375332563255e-01 1.25226656340177e-01
109 2.00000000000000e+00 1.24546276334873e-01 2.16767675291123e-01
110 2.00000000000000e+00 -7.85396871469882e-04 2.49998766300465e-01
111 2.00000000000000e+00 -1.25226656340178e-01 2.16375332563255e-01
112 2.00000000000000e+00 -2.16767675291123e-01 1.24546276334873e-01
113 2.50000000000000e+00 4.61336369935057e-01 1.92791996138698e-01
114 2.50000000000000e+00 3.52440926971181e-01 3.54662364786137e-01
115 2.50000000000000e+00 1.91341716182545e-01 4.61939766255643e-01
116 2.50000000000000e+00 3.06161699786838e-17 5.00000000000000e-01
117 2.50000000000000e+00 -1.92791996138698e-01 4.61336369935057e-01
118 2.50000000000000e+00 -3.54662364786137e-01 3.52440926971181e-01
119 2.50000000000000e+00 -4.62538603417229e-01 1.89889547760901e-01
120 4.00000000000000e+00 4.61336369935057e-01 1.92791996138698e-01
121 4.00000000000000e+00 3.52440926971181e-01 3.54662364786137e-01
122 4.00000000000000e+00 1.91341716182545e-01 4.61939766255643e-01
123 4.00000000000000e+00 3.06161699786838e-17 5.00000000000000e-01
124 4.00000000000000e+00 -1.92791996138698e-01 4.61336369935057e-01
125 4.00000000000000e+00 -3.54662364786137e-01 3.52440926971181e-01
126 4.00000000000000e+00 -4.62538603417229e-01 1.89889547760901e-01
127 1.84784020651017e-01 -1.13078564619742e-01 1.38481302213744e-17
128 3.21931841578525e-01 -1.38019198787423e-01 1.69024770015899e-17
129 4.71998506523873e-01 -1.36680548764060e-01 1.67385396549610e-17
130 5.96852584456499e-01 -1.06860340058892e-01 1.30866173408920e-17
131 7.25368582532833e-01 -1.31370483812391e-01 1.60882442503284e-17
132 8.68704702962676e-01 -1.28769122263249e-01 1.57696693408702e-17
133 9.84787799665569e-01 -9.63953070417680e-02 1.18050204221527e-17
134 1.10349716261753e+00 -1.10016183353707e-01 1.34730966798526e-17
135 1.22017251164833e+00 -9.57755588892042e-02 1.17291231630213e-17
136 1.35584570920499e+00 -1.43733774914100e-01 1.76023107377919e-17
137 1.52178862063992e+00 -1.27771742248928e-01 1.56475255166630e-17
138 1.65713424036384e+00 -1.25413771009768e-01 1.53587573236112e-17
139 1.78409460360751e+00 -1.24445141162914e-01 1.52401343794603e-17
140 1.90897604916273e+00 -1.22110757664878e-01 1.49542548515751e-17
141 2.03244297304185e+00 -1.12500990176922e-01 1.37773977521076e-17
142 2.15404711397199e+00 -1.00769938061319e-01 1.23407582097071e-17
143 2.26403180283059e+00 -8.70685353893245e-02 1.06628203170984e-17
144 2.38880482070577e+00 -1.14202915671655e-01 1.39858235130587e-17
145 2.52467554256965e+00 -1.02883448236636e-01 1.25995885568239e-17
146 2.65309170149022e+00 -1.26131827528908e-01 1.54466938853883e-17
147 2.77923018713811e+00 -1.05092640898851e-01 1.28701366290720e-17
148 2.90054910142426e+00 -1.33960879072417e-01 1.64054761767001e-17
149 3.04222892296513e+00 -1.34669579313668e-01 1.64922669249004e-17
150 3.16677481990797e+00 -1.08487177811958e-01 1.32858475055944e-17
151 3.29213273086258e+00 -1.38757713280164e-01 1.69929189425559e-17
152 3.44079303169547e+00 -1.46336793602844e-01 1.79210885883209e-17
153 3.59134972478259e+00 -1.34590853797959e-01 1.64826258298180e-17
154 3.70782235970590e+00 -8.70159776796658e-02 1.06563838540080e-17
155 3.80537799043731e+00 -7.68025865654137e-02 9.40560418035714e-18
156 3.90232790114062e+00 -8.63178132746503e-02 1.05708833736199e-17
157 3.78975485373202e+00 -2.26131076807173e-01 2.76930699399649e-17
158 3.53741033704271e+00 -3.05926925413109e-01 3.74652429980155e-17
159 3.35267744074951e+00 -3.08779129358392e-01 3.78145372412261e-17
160 3.16215057993454e+00 -2.76083663840274e-01 3.38104975218865e-17
161 2.96815549447794e+00 -2.99756401597904e-01 3.67095717740801e-17
162 2.76921164589533e+00 -2.71963110429563e-01 3.33058752673723e-17
163 2.51190704570947e+00 -2.75791788650118e-01 3.37747531201491e-17
164 2.25721562592178e+00 -2.14970720481933e-01 2.63263204748599e-17
165 1.20890775967804e+00 -2.22457744701979e-01 2.72432164994818e-17
166 1.02169210664863e+00 -2.45205127096816e-01 3.00289674033636e-17
167 8.35766245870480e-01 -2.91169230104380e-01 3.56579465657528e-17
168 6.28032593073909e-01 -2.72274260379403e-01 3.33439801463849e-17
169 4.35684794275694e-01 -3.02309818756692e-01 3.70222751891199e-17
170 2.17362623941967e-01 -2.83882491218574e-01 3.47655784204804e-17
171 2.11466547086575e+00 -2.00550457438451e-01 2.45603475769536e-17
172 2.14762158180790e-01 1.19661858452002e-01 0.00000000000000e+00
173 3.35594610780485e-01 1.38636847167054e-01 0.00000000000000e+00
174 4.76520166324025e-01 1.36126187229328e-01 0.00000000000000e+00
175 5.98382971548921e-01 1.06212537629693e-01 0.00000000000000e+00
176 7.25946188791447e-01 1.30782805767551e-01 0.00000000000000e+00
177 8.68767879494812e-01 1.28457242168997e-01 0.00000000000000e+00
178 9.84681615297544e-01 9.62870097100179e-02 0.00000000000000e+00
179 1.10333704278350e+00 1.10011997578624e-01 0.00000000000000e+00
180 1.22015644762996e+00 9.58416325458623e-02 0.00000000000000e+00
181 1.35635464241798e+00 1.43636879207887e-01 0.00000000000000e+00
182 1.52185450781538e+00 1.27761687429747e-01 0.00000000000000e+00
183 1.65716105255799e+00 1.25353552852455e-01 0.00000000000000e+00
184 1.78416084547273e+00 1.24172231090595e-01 0.00000000000000e+00
185 1.90923372997781e+00 1.20918954421595e-01 0.00000000000000e+00
186 2.03330915382499e+00 1.07052701677333e-01 0.00000000000000e+00
187 2.13679600950930e+00 8.00714131088897e-02 0.00000000000000e+00
188 2.24452294105723e+00 1.05273359855937e-01 0.00000000000000e+00
189 2.39044993088874e+00 1.20606127638334e-01 0.00000000000000e+00
190 2.52577849065674e+00 1.04395254045139e-01 0.00000000000000e+00
191 2.65396459422970e+00 1.26608074494965e-01 0.00000000000000e+00
192 2.77956689021135e+00 1.05132623325629e-01 0.00000000000000e+00
193 2.90072975435853e+00 1.33924824180143e-01 0.00000000000000e+00
194 3.04228073872199e+00 1.34634636422064e-01 0.00000000000000e+00
195 3.16676502612487e+00 1.08459715420392e-01 0.00000000000000e+00
196 3.29204718529917e+00 1.38738956883962e-01 0.00000000000000e+00
197 3.44051529911232e+00 1.46347585502689e-01 0.00000000000000e+00
198 3.59055431328134e+00 1.34693130045980e-01 0.00000000000000e+00
199 3.70683803379026e+00 8.77318613945950e-02 0.00000000000000e+00
200 3.80480038262125e+00 7.84353799801044e-02 0.00000000000000e+00
201 3.90234692026010e+00 9.13888132339742e-02 0.00000000000000e+00
202 3.78659874272515e+00 2.29254205117747e-01 0.00000000000000e+00
203 3.53687363514252e+00 3.06014696127339e-01 0.00000000000000e+00
204 3.35250637840349e+00 3.08762385562865e-01 0.00000000000000e+00
205 3.16213726847204e+00 2.76031864317988e-01 0.00000000000000e+00
206 2.96829654816693e+00 2.99695991865481e-01 0.00000000000000e+00
207 2.76981821370544e+00 2.72001052029273e-01 0.00000000000000e+00
208 2.51509545975352e+00 2.78260778918242e-01 0.00000000000000e+00
209 2.28336904260677e+00 2.38362106628141e-01 0.00000000000000e+00
210 1.20856546414725e+00 2.22751204343747e-01 0.00000000000000e+00
211 1.02108913508829e+00 2.44989460339120e-01 0.00000000000000e+00
212 8.35917024918641e-01 2.90556523454702e-01 0.00000000000000e+00
213 6.29788959416461e-01 2.71044782204956e-01 0.00000000000000e+00
214 4.42256873252604e-01 3.01460234781315e-01 0.00000000000000e+00
215 2.40999725496374e-01 2.87557881436570e-01 0.00000000000000e+00
216 1.14250943044748e-01 1.78193539974585e-01 0.00000000000000e+00
217 2.13854135291522e+00 1.85131788717453e-01 0.00000000000000e+00
218 0.00000000000000e+00 2.49589146038988e-01 1.95243983302566e-01
219 0.00000000000000e+00 6.04293549128867e-02 1.98660323972591e-01
220 0.00000000000000e+00 -1.49068818623530e-01 2.44303456577480e-01
221 0.00000000000000e+00 -3.09928267816420e-01 1.43869655136207e-01
222 0.00000000000000e+00 -5.33255140689225e-02 1.14133696149650e-01
223 8.28610246073413e-01 4.22559260426702e-01 2.67289489931121e-01
224 8.36583848805820e-01 2.79292120475537e-01 4.14723897840814e-01
225 8.44738990149638e-01 9.93456158098664e-02 4.90031069034769e-01
226 8.45165717135280e-01 -9.26013684331450e-02 4.91350166952560e-01
227 8.51217058505992e-01 -2.69290338714819e-01 4.21286972828330e-01
228 8.57393043552258e-01 -3.98783014594090e-01 3.01615827289036e-01
229 8.40007864059513e-01 -4.75064132847366e-01 1.55929694676736e-01
230 1.73357677878433e-01 4.22710474780308e-01 2.67050284611356e-01
231 1.68504234065299e-01 2.79212677938034e-01 4.14777386652975e-01
232 1.64117036195191e-01 9.77772705940567e-02 4.90346413625282e-01
233 1.71156377209506e-01 -9.85321763097759e-02 4.90195277651325e-01
234 1.74639559846667e-01 -2.85651210788851e-01 4.10369815867180e-01
235 1.59726503206772e-01 -4.21639264854450e-01 2.68738405020568e-01
236 1.30924083983349e-01 -4.83923562662383e-01 1.25769573029992e-01
237 6.73868255842413e-01 4.71335940273065e-01 1.66860514822729e-01
238 5.01062217346766e-01 4.66468315272180e-01 1.80020306763248e-01
239 6.71845690702624e-01 -4.78991282478043e-01 1.43413218742345e-01
240 4.87357867866988e-01 -4.75684413828020e-01 1.54027070481437e-01
241 2.91111457908818e-01 -4.76885414749713e-01 1.50267432263262e-01
242 3.27956600402471e-01 4.71298464191447e-01 1.66966336878974e-01
243 6.99313483254074e-01 1.86511562529123e-01 4.63911022765083e-01
244 6.84333690148247e-01 1.12568140918751e-02 4.99873268075520e-01
245 6.91018762864469e-01 -1.82851323949288e-01 4.65365870396608e-01
246 7.10252064513135e-01 -3.37897892805104e-01 3.68544453272425e-01
247 7.32817060640168e-01 -4.29443711983490e-01 2.56082209920645e-01
248 3.12014460503759e-01 1.86294324222375e-01 4.63998302542723e-01
249 3.75159923353265e-01 3.56705536483440e-01 3.50372887424328e-01
250 3.51003724980511e-01 -1.95573069016808e-01 4.60164290960682e-01
251 3.70049487440535e-01 -3.82625896221725e-01 3.21865536428680e-01
252 6.30961193839184e-01 3.56405238832222e-01 3.50678350818733e-01
253 3.37347140004257e-01 8.52225603335622e-03 4.99927365876386e-01
254 5.85747650213214e-01 -4.11197363335741e-01 2.84458658482624e-01
255 5.17961373259435e-01 -8.68791709820353e-02 4.92394160860458e-01
256 5.08115828093775e-01 1.52468518129706e-01 4.76186256604841e-01
257 5.37607660937957e-01 -2.78057822805619e-01 4.15552460197986e-01
258 1.39501735578729e+00 2.20427344154590e-01 2.07154014922726e-01
259 1.39698846583282e+00 8.53785825733237e-02 2.89164702587358e-01
260 1.39930722484469e+00 -6.52340566105284e-02 2.93176517458478e-01
261 1.39655398545120e+00 -1.93803345617731e-01 2.31251024529802e-01
262 1.38626377438564e+00 -2.80276637718865e-01 1.24952170876894e-01
263 1.14590666909669e+00 3.48336769928426e-01 2.47043213202082e-01
264 1.11611554567694e+00 2.44569541366714e-01 3.68101441975130e-01
265 1.14229519557800e+00 9.71807699860427e-02 4.17696397910090e-01
266 1.14970383752778e+00 -8.10308442154501e-02 4.17354637286418e-01
267 1.14797358075402e+00 -2.42094315088033e-01 3.50539009776855e-01
268 1.13855894275695e+00 -3.60008591158525e-01 2.36461388112435e-01
269 1.12330160144298e+00 -4.23408021125519e-01 1.13471001382207e-01
270 1.28320251416147e+00 3.18815716084734e-01 1.63725984814527e-01
271 1.25189260461669e+00 -3.53223195937402e-01 1.23083478211207e-01
272 1.26224770776740e+00 1.99936124594512e-01 3.09992189023761e-01
273 1.27998923709183e+00 1.41491535989483e-02 3.59727224613780e-01
274 1.28168988798626e+00 -1.46107806877204e-01 3.28092765883114e-01
275 1.27364445498211e+00 -2.72059838496780e-01 2.40585824024744e-01
276 1.90341502872844e+00 1.64711853450279e-01 1.88069150402116e-01
277 1.88223580679483e+00 6.87317649761954e-02 2.40366271517568e-01
278 1.88129607813389e+00 -6.10295872114065e-02 2.42436361721598e-01
279 1.89245495350973e+00 -1.67253588371973e-01 1.85812370892518e-01
280 1.89183639735032e+00 -2.30684145326485e-01 9.63577972713623e-02
281 1.59702012831996e+00 1.64662430758376e-01 1.88112423557677e-01
282 1.61946652728884e+00 6.87353149940504e-02 2.40365256375934e-01
283 1.62299569176781e+00 -6.15991169745661e-02 2.42292279670554e-01
284 1.61481008530366e+00 -1.70189103899105e-01 1.83127466301535e-01
285 1.60941647597243e+00 -2.32025264640496e-01 9.30820958536475e-02
286 1.79170423117223e+00 2.37900233116407e-01 7.68341010434780e-02
287 1.70801111924291e+00 2.37892189176814e-01 7.68590029122343e-02
288 1.78687905482138e+00 -2.37980508334234e-01 7.65851007244853e-02
289 1.69692558019124e+00 -2.41871729703840e-01 6.32302646686911e-02
290 1.63085931482128e+00 2.20309871414738e-01 1.18167510582316e-01
291 1.86904592652733e+00 2.20325257417383e-01 1.18138820647423e-01
292 1.75215274761435e+00 9.20105687480320e-03 2.49830623728130e-01
293 1.75640570336697e+00 -1.29724736628226e-01 2.13708897116469e-01
294 1.80831428466754e+00 -2.01462206426929e-01 1.48030332640285e-01
295 1.71192025764778e+00 -2.09066069560831e-01 1.37081649240100e-01
296 1.75027096189878e+00 1.73111917559483e-01 1.80367025808152e-01
297 2.36074061887664e+00 4.12458939591536e-01 1.22866701742429e-01
298 2.33002532624946e+00 3.27566925385389e-01 2.54824292302447e-01
299 2.32883526440357e+00 1.56919209737147e-01 3.83560080685155e-01
300 2.30885376565534e+00 -8.43838879451041e-02 3.95525552915323e-01
301 2.34216899957013e+00 -3.08041075149323e-01 2.87093803451221e-01
302 2.17225353932754e+00 3.12050940759622e-01 1.24921638060171e-01
303 2.14994014488854e+00 2.08723427598938e-01 2.49078459036077e-01
304 2.13968162488678e+00 4.53647424154991e-02 3.16607304795742e-01
305 2.12570129247679e+00 -1.72081353992863e-01 2.61272911836963e-01
306 2.21550773652856e+00 -3.24467058323455e-01 1.50694918033020e-01
307 3.84612403800607e+00 3.98206926270218e-01 3.02375997510427e-01
308 3.83687878980175e+00 2.75132624916039e-01 4.17494956504639e-01
309 3.83995771745661e+00 9.84041462765424e-02 4.90220995057928e-01
310 3.84445796177812e+00 -9.29003784612502e-02 4.91293720376881e-01
311 3.84421576038551e+00 -2.69750485090183e-01 4.20992488999045e-01
312 3.83508247750058e+00 -4.12653665330384e-01 2.82341907072612e-01
313 2.67091343524819e+00 4.25348229771013e-01 2.62828619885022e-01
314 2.67870793803051e+00 2.84217891090316e-01 4.11363817543757e-01
315 2.68855292690277e+00 9.50143922305499e-02 4.90889259679879e-01
316 2.70677851779659e+00 -1.18599508255782e-01 4.85730539127906e-01
317 2.70530102200265e+00 -3.15912090213103e-01 3.87555868562441e-01
318 2.67863674621306e+00 -4.44947198360687e-01 2.28083297658937e-01
319 3.74161538810951e+00 4.70409479745292e-01 1.69454776756996e-01
320 3.54325794625380e+00 4.71333791413875e-01 1.66866584646003e-01
321 3.35441145512372e+00 4.73156424585041e-01 1.61626105174568e-01
322 3.17014953039029e+00 4.71915432076869e-01 1.65214481713021e-01
323 2.98429611139878e+00 4.70148411120757e-01 1.70177764471825e-01
324 3.65982048071571e+00 -4.50354251546466e-01 2.17211988881880e-01
325 3.47927955341595e+00 -4.63131065920113e-01 1.88439952716244e-01
326 3.29767650220430e+00 -4.70149382691967e-01 1.70175080297799e-01
327 3.13504308488400e+00 -4.79725829353920e-01 1.40936612172614e-01
328 2.92173427419097e+00 -4.52567514061175e-01 2.12562097318614e-01
329 2.81582268893175e+00 4.73200528262911e-01 1.61496935115507e-01
330 2.78915312354627e+00 -4.87080546409946e-01 1.12927150451025e-01
331 2.87571059536402e+00 3.70982607579457e-01 3.35219189297908e-01
332 3.67343907372493e+00 1.91892752876440e-01 4.61711134145042e-01
333 3.68440611198356e+00 2.89033551014301e-03 4.99991645890848e-01
334 3.69622359563680e+00 -1.77036696402111e-01 4.67608819556504e-01
335 3.68816503901372e+00 -3.30626707829662e-01 3.75081297947151e-01
336 2.92335506876096e+00 -8.97853401370296e-03 4.99919379427288e-01
337 2.84396618302783e+00 1.99389891428840e-01 4.58523359487819e-01
338 2.92808623567817e+00 -2.64371343182750e-01 4.24391084854228e-01
339 3.27651476552698e+00 3.99466369868571e-01 3.00710191619816e-01
340 3.45073783394286e+00 3.97184163766557e-01 3.03718191837534e-01
341 3.65695281122215e+00 3.70156856668328e-01 3.36130780294550e-01
342 3.09586100971437e+00 3.83784315276984e-01 3.20483383886554e-01
343 3.52197359313658e+00 -3.62631906606867e-01 3.44235530285107e-01
344 3.33761789915979e+00 -3.73190199426866e-01 3.32759785809127e-01
345 3.13452382048933e+00 -3.94919023617617e-01 3.06657732309016e-01
346 3.17232871422572e+00 -1.97410783976184e-01 4.59378909365579e-01
347 3.05039746209635e+00 2.08703144023508e-01 4.54359986876819e-01
348 3.53607368138695e+00 -9.74654300654217e-02 4.90408492934372e-01
349 3.57018760822557e+00 -2.45638717550155e-01 4.35501573407393e-01
350 3.36450684683785e+00 3.14942447689685e-01 3.88344247598996e-01
351 3.50531316610085e+00 2.69183536026300e-01 4.21355222979825e-01
352 3.41059521907410e+00 -2.26995248667076e-01 4.45503262706989e-01
353 3.51658605378721e+00 9.48819777835942e-02 4.90914870717799e-01
354 3.22733168866023e+00 2.82140675709936e-01 4.12791277899547e-01
355 3.13452468047594e+00 2.17651084912431e-02 4.99526055428908e-01
356 3.33518324466104e+00 -7.75300905444758e-03 4.99939887237057e-01
357 3.36279687830099e+00 1.89476643422035e-01 4.62707900945639e-01
358 3.22171212086672e+00 1.43458436634096e-01 4.78977741610715e-01
359 4.00000000000000e+00 2.48159469578812e-01 1.99657549561319e-01
360 4.00000000000000e+00 4.02972956465539e-02 2.17535798639519e-01
361 4.00000000000000e+00 -1.57537683351103e-01 2.97813389251633e-01
362 4.00000000000000e+00 -3.15710698833080e-01 1.64853574529511e-01
363 4.00000000000000e+00 -1.41071395943819e-01 1.25752542097137e-01
364 2.24609645735318e-01 -2.65749604179781e-02 3.14625192989518e-01
365 2.39031680353244e-01 1.87262923253891e-01 1.96424448516007e-01
366 4.50816326547563e-01 -1.63457075820655e-01 2.23512605351866e-01
367 4.61314729035467e-01 1.48047085134122e-01 2.18653100825598e-01
368 6.87934165346170e-01 -5.08767637231450e-02 3.25714014358548e-01
369 6.82699864312179e-01 1.84643891191509e-01 2.06131751159916e-01
370 9.64391626062927e-01 -8.44267694903762e-02 3.43816153322311e-01
371 3.00405088853991e+00 -6.78147935648065e-02 2.24323659920612e-01
372 2.81528904068242e+00 -1.20112240382344e-01 2.12637706076182e-01
373 2.77219900959296e+00 1.56669814171800e-01 1.99778692275955e-01
374 3.42937445153612e+00 -1.55697695450729e-01 2.41928773339030e-01
375 3.24628037457987e+00 -5.85419779089570e-02 3.12776385927110e-01
376 3.18406364357490e+00 1.70117624366014e-01 2.17654236119817e-01
377 3.63137748815582e+00 -2.10907285820483e-01 1.71958551956421e-01
378 3.61527938902917e+00 1.77034456579535e-01 1.80355241508793e-01
379 3.85658684900203e+00 -1.68457658048935e-01 1.35420229340181e-01
380 3.81252580371494e+00 1.53624119005453e-01 1.98973762898700e-01
381 1.45743534483493e+00 -2.40949108056293e-02 1.30700371680721e-01
382 1.96062678574805e+00 -2.06882216179010e-02 1.08686582382688e-01
383 3.38175922867648e+00 1.59603340083587e-01 2.61437598826718e-01
384 2.98623695015050e+00 2.03932336294751e-01 2.08935286562857e-01
385 1.31103563583310e-01 -6.49286034633574e-03 1.17724630615361e-01
386 1.06892203773117e-01 -1.67116140219215e-01 1.01446564928008e-01
387 3.07746795747583e-01 -1.00903569188639e-02 1.26604304124307e-01
388 2.44857153966218e-01 -2.09574155315474e-01 1.89399571215879e-01
389 4.54832331980768e-01 2.64996921240889e-02 9.52627315115900e-02
390 5.75576165092593e-01 -1.62888817567015e-02 1.28893181415764e-01
391 7.22172460550165e-01 -5.22762266846926e-03 1.25510744279845e-01
392 6.33536804204257e-01 -1.76557567911228e-01 1.79945159477533e-01
393 9.05274974046776e-01 3.95801686762039e-02 1.89429464701693e-01
394 7.92682396292793e-01 -1.97620206796653e-01 1.97808655509427e-01
395 1.13149154713254e+00 2.83423781846725e-02 1.61701618562351e-01
396 9.53000112281651e-01 -2.31385417578880e-01 1.93802143444433e-01
397 1.06845890911186e+00 -1.28949898970117e-01 1.77241645381303e-01
398 1.20914482222999e+00 -1.95445110473981e-01 1.40144531281387e-01
399 1.24475894485114e+00 1.42564116967492e-01 1.65356948173926e-01
400 1.27470859874655e+00 -2.81945176550888e-02 1.30345168639826e-01
401 2.08224756144172e+00 -3.07115889994131e-02 1.22522960569846e-01
402 2.25182469451529e+00 -2.72637519511043e-02 1.44038757663310e-01
403 2.42939594678893e+00 -8.52778968717348e-02 1.78463587053749e-01
404 2.49925378092327e+00 1.55953599591135e-01 2.10302765622394e-01
405 2.60466541562753e+00 -5.75445731245986e-03 1.63843096888638e-01
406 2.87332935474937e+00 1.74892556909073e-02 1.02855840899680e-01
407 2.65461499083673e+00 -1.92219171407370e-01 1.71993881739884e-01
408 3.12621602189445e+00 -1.20253836584511e-02 1.07890935464221e-01
409 3.30017330474773e+00 -4.51555548343992e-03 1.27230826541510e-01
410 3.17942530255201e+00 -2.23160128804007e-01 1.60501126553854e-01
411 3.50946498386923e+00 -4.44823514088322e-04 1.25588272329386e-01
412 3.71432464319898e+00 -1.13867362323178e-02 1.21162412847049e-01
413 3.63896766713633e+00 -2.08713741991939e-02 3.14701822927333e-01
414 3.86856217085462e+00 -8.32789880969795e-03 1.00002331288549e-01
415 3.82702383736366e+00 -6.46885996679143e-02 3.03682527569271e-01
1 102 1 15 
2 102 15 16 
3 102 16 17 
4 102 17 18 
5 102 18 19 
6 102 19 20 
7 102 20 21 
8 102 21 22 
9 102 22 23 
10 102 23 24 
11 102 24 25 
12 102 25 26 
13 102 26 27 
14 102 27 28 
15 102 28 29 
16 102 29 30 
17 102 30 31 
18 102 31 32 
19 102 32 33 
20 102 33 34 
21 102 34 35 
22 102 35 36 
23 102 36 37 
24 102 37 38 
25 102 38 39 
26 102 39 40 
27 102 40 41 
28 102 41 42 
29 102 42 43 
30 102 43 44 
31 102 44 12 
32 102 12 45 
33 102 45 46 
34 102 46 13 
35 102 13 47 
36 102 47 48 
37 102 48 49 
38 102 49 50 
39 102 50 51 
40 102 51 52 
41 102 52 53 
42 102 53 10 
43 102 10 54 
44 102 54 55 
45 102 55 8 
46 102 8 56 
47 102 56 57 
48 102 57 58 
49 102 58 6 
50 102 6 59 
51 102 59 60 
52 102 60 4 
53 102 4 61 
54 102 61 62 
55 102 62 63 
56 102 63 64 
57 102 64 2 
58 102 2 65 
59 102 65 66 
60 102 66 1 
61 102 67 12 
62 102 68 67 
63 102 14 68 
64 102 69 14 
65 102 70 69 
66 102 71 70 
67 102 72 71 
68 102 73 72 
69 102 74 73 
70 102 75 74 
71 102 11 75 
72 102 76 11 
73 102 77 76 
74 102 9 77 
75 102 78 9 
76 102 79 78 
77 102 80 79 
78 102 7 80 
79 102 81 7 
80 102 82 81 
81 102 5 82 
82 102 83 5 
83 102 84 83 
84 102 85 84 
85 102 86 85 
86 102 3 86 
87 102 87 3 
88 102 88 87 
89 102 1 88 
90 102 89 3 
91 102 90 89 
92 102 91 90 
93 102 92 91 
94 102 93 92 
95 102 94 93 
96 102 95 94 
97 102 2 95 
98 102 96 5 
99 102 97 96 
100 102 98 97 
101 102 99 98 
102 102 100 99 
103 102 101 100 
104 102 102 101 
105 102 4 102 
106 102 103 7 
107 102 104 103 
108 102 105 104 
109 102 106 105 
110 102 107 106 
111 102 6 107 
112 102 108 9 
113 102 109 108 
114 102 110 109 
115 102 111 110 
116 102 112 111 
117 102 8 112 
118 102 113 11 
119 102 114 113 
120 102 115 114 
121 102 116 115 
122 102 117 116 
123 102 118 117 
124 102 119 118 
125 102 10 119 
126 102 120 14 
127 102 121 120 
128 102 122 121 
129 102 123 122 
130 102 124 123 
131 102 125 124 
132 102 126 125 
133 102 13 126 
134 203 1 15 66 
135 203 15 16 127 
136 203 16 17 128 
137 203 16 128 127 
138 203 17 18 129 
139 203 17 129 128 
140 203 18 19 130 
141 203 18 130 129 
142 203 19 20 131 
143 203 19 131 130 
144 203 20 21 132 
145 203 20 132 131 
146 203 21 22 133 
147 203 21 133 132 
148 203 22 23 134 
149 203 22 134 133 
150 203 23 24 135 
151 203 23 135 134 
152 203 24 25 136 
153 203 24 136 135 
154 203 25 26 137 
155 203 25 137 136 
156 203 26 27 138 
157 203 26 138 137 
158 203 27 28 139 
159 203 27 139 138 
160 203 28 29 140 
161 203 28 140 139 
162 203 29 30 141 
163 203 29 141 140 
164 203 30 31 142 
165 203 30 142 141 
166 203 31 32 143 
167 203 31 143 142 
168 203 32 33 144 
169 203 32 144 143 
170 203 33 34 145 
171 203 33 145 144 
172 203 34 35 146 
173 203 34 146 145 
174 203 35 36 147 
175 203 35 147 146 
176 203 36 37 148 
177 203 36 148 147 
178 203 37 38 149 
179 203 37 149 148 
180 203 38 39 150 
181 203 38 150 149 
182 203 39 40 151 
183 203 39 151 150 
184 203 40 41 152 
185 203 40 152 151 
186 203 41 42 153 
187 203 41 153 152 
188 203 42 43 154 
189 203 42 154 153 
190 203 43 44 155 
191 203 43 155 154 
192 203 44 12 156 
193 203 155 44 156 
194 203 12 45 156 
195 203 46 13 47 
196 203 47 48 157 
197 203 48 49 158 
198 203 48 158 157 
199 203 49 50 159 
200 203 49 159 158 
201 203 50 51 160 
202 203 50 160 159 
203 203 51 52 161 
204 203 51 161 160 
205 203 52 53 162 
206 203 52 162 161 
207 203 53 10 163 
208 203 53 163 162 
209 203 10 54 163 
210 203 54 55 164 
211 203 8 56 140 
212 203 56 57 139 
213 203 57 58 138 
214 203 58 6 137 
215 203 59 60 165 
216 203 60 4 166 
217 203 60 166 165 
218 203 4 61 167 
219 203 4 167 166 
220 203 61 62 168 
221 203 61 168 167 
222 203 62 63 169 
223 203 62 169 168 
224 203 63 64 170 
225 203 63 170 169 
226 203 64 2 65 
227 203 65 66 170 
228 203 66 15 127 
229 203 46 47 157 
230 203 64 65 170 
231 203 139 57 138 
232 203 45 46 157 
233 203 163 54 164 
234 203 140 56 139 
235 203 8 140 141 
236 203 55 8 171 
237 203 58 137 138 
238 203 6 59 136 
239 203 170 66 127 
240 203 6 136 137 
241 203 55 171 164 
242 203 128 129 169 
243 203 127 128 170 
244 203 130 131 168 
245 203 131 132 167 
246 203 134 135 165 
247 203 135 136 165 
248 203 167 132 166 
249 203 136 59 165 
250 203 169 129 168 
251 203 145 146 163 
252 203 148 149 161 
253 203 149 150 160 
254 203 151 152 159 
255 203 152 153 158 
256 203 159 160 151 
257 203 158 159 152 
258 203 157 158 153 
259 203 160 161 149 
260 203 161 162 148 
261 203 162 163 146 
262 203 128 169 170 
263 203 165 166 134 
264 203 167 168 131 
265 203 134 166 133 
266 203 133 166 132 
267 203 168 129 130 
268 203 160 150 151 
269 203 8 141 171 
270 203 142 143 164 
271 203 143 144 164 
272 203 162 146 147 
273 203 147 148 162 
274 203 157 153 154 
275 203 157 154 155 
276 203 164 144 163 
277 203 141 142 171 
278 203 144 145 163 
279 203 45 157 156 
280 203 157 155 156 
281 203 142 164 171 
282 203 15 1 88 
283 203 16 15 172 
284 203 17 16 173 
285 203 16 172 173 
286 203 18 17 174 
287 203 17 173 174 
288 203 19 18 175 
289 203 18 174 175 
290 203 20 19 176 
291 203 19 175 176 
292 203 21 20 177 
293 203 20 176 177 
294 203 22 21 178 
295 203 21 177 178 
296 203 23 22 179 
297 203 22 178 179 
298 203 24 23 180 
299 203 23 179 180 
300 203 25 24 181 
301 203 24 180 181 
302 203 26 25 182 
303 203 25 181 182 
304 203 27 26 183 
305 203 26 182 183 
306 203 28 27 184 
307 203 27 183 184 
308 203 29 28 185 
309 203 28 184 185 
310 203 30 29 186 
311 203 29 185 186 
312 203 31 30 187 
313 203 30 186 187 
314 203 32 31 188 
315 203 31 187 188 
316 203 33 32 189 
317 203 32 188 189 
318 203 34 33 190 
319 203 33 189 190 
320 203 35 34 191 
321 203 34 190 191 
322 203 36 35 192 
323 203 35 191 192 
324 203 37 36 193 
325 203 36 192 193 
326 203 38 37 194 
327 203 37 193 194 
328 203 39 38 195 
329 203 38 194 195 
330 203 40 39 196 
331 203 39 195 196 
332 203 41 40 197 
333 203 40 196 197 
334 203 42 41 198 
335 203 41 197 198 
336 203 43 42 199 
337 203 42 198 199 
338 203 44 43 200 
339 203 43 199 200 
340 203 12 44 201 
341 203 67 12 201 
342 203 44 200 201 
343 203 14 68 69 
344 203 70 69 202 
345 203 71 70 203 
346 203 70 202 203 
347 203 72 71 204 
348 203 71 203 204 
349 203 73 72 205 
350 203 72 204 205 
351 203 74 73 206 
352 203 73 205 206 
353 203 75 74 207 
354 203 74 206 207 
355 203 11 75 208 
356 203 75 207 208 
357 203 76 11 208 
358 203 77 76 209 
359 203 78 9 185 
360 203 79 78 184 
361 203 80 79 183 
362 203 7 80 182 
363 203 82 81 210 
364 203 5 82 211 
365 203 82 210 211 
366 203 83 5 212 
367 203 5 211 212 
368 203 84 83 213 
369 203 83 212 213 
370 203 85 84 214 
371 203 84 213 214 
372 203 86 85 215 
373 203 85 214 215 
374 203 3 86 87 
375 203 88 87 216 
376 203 69 68 202 
377 203 184 78 185 
378 203 68 67 202 
379 203 76 208 209 
380 203 185 9 186 
381 203 186 9 217 
382 203 187 186 217 
383 203 9 77 217 
384 203 79 184 183 
385 203 80 183 182 
386 203 7 182 181 
387 203 81 7 181 
388 203 15 88 216 
389 203 217 77 209 
390 203 174 173 214 
391 203 176 175 213 
392 203 177 176 212 
393 203 180 179 210 
394 203 181 180 210 
395 203 81 181 210 
396 203 187 217 188 
397 203 189 188 209 
398 203 191 190 208 
399 203 194 193 206 
400 203 195 194 205 
401 203 197 196 204 
402 203 198 197 203 
403 203 203 202 198 
404 203 174 214 213 
405 203 204 203 197 
406 203 205 204 196 
407 203 206 205 194 
408 203 207 206 193 
409 203 208 207 191 
410 203 214 173 215 
411 203 210 179 211 
412 203 87 86 215 
413 203 212 176 213 
414 203 212 211 177 
415 203 216 87 215 
416 203 217 209 188 
417 203 175 174 213 
418 203 178 177 211 
419 203 179 178 211 
420 203 191 207 192 
421 203 189 209 208 
422 203 215 173 172 
423 203 207 193 192 
424 203 195 205 196 
425 203 198 202 199 
426 203 200 199 202 
427 203 208 190 189 
428 203 172 15 216 
429 203 67 201 202 
430 203 200 202 201 
431 203 216 215 172 
432 203 89 3 87 
433 203 90 89 218 
434 203 91 90 218 
435 203 89 87 218 
436 203 92 91 219 
437 203 91 218 219 
438 203 93 92 220 
439 203 94 93 220 
440 203 92 219 220 
441 203 95 94 221 
442 203 2 95 221 
443 203 94 220 221 
444 203 87 88 218 
445 203 65 2 221 
446 203 66 65 221 
447 203 1 66 222 
448 203 218 88 219 
449 203 88 1 219 
450 203 66 221 220 
451 203 219 1 222 
452 203 220 219 222 
453 203 66 220 222 
454 203 96 5 83 
455 203 97 96 223 
456 203 98 97 224 
457 203 97 223 224 
458 203 99 98 225 
459 203 98 224 225 
460 203 100 99 226 
461 203 99 225 226 
462 203 101 100 227 
463 203 100 226 227 
464 203 102 101 228 
465 203 101 227 228 
466 203 4 102 229 
467 203 61 4 229 
468 203 102 228 229 
469 203 3 89 86 
470 203 89 90 230 
471 203 90 91 231 
472 203 90 231 230 
473 203 91 92 232 
474 203 91 232 231 
475 203 92 93 233 
476 203 92 233 232 
477 203 93 94 234 
478 203 93 234 233 
479 203 94 95 235 
480 203 94 235 234 
481 203 95 2 236 
482 203 235 95 236 
483 203 2 64 236 
484 203 83 84 237 
485 203 84 85 238 
486 203 84 238 237 
487 203 62 61 239 
488 203 61 229 239 
489 203 63 62 240 
490 203 62 239 240 
491 203 64 63 241 
492 203 236 64 241 
493 203 63 240 241 
494 203 86 89 230 
495 203 85 86 242 
496 203 85 242 238 
497 203 96 83 223 
498 203 242 86 230 
499 203 225 224 243 
500 203 226 225 244 
501 203 225 243 244 
502 203 227 226 245 
503 203 226 244 245 
504 203 228 227 246 
505 203 227 245 246 
506 203 229 228 247 
507 203 239 229 247 
508 203 228 246 247 
509 203 231 232 248 
510 203 230 231 249 
511 203 231 248 249 
512 203 233 234 250 
513 203 234 235 251 
514 203 234 251 250 
515 203 235 236 241 
516 203 223 83 237 
517 203 237 238 252 
518 203 232 233 253 
519 203 248 232 253 
520 203 233 250 253 
521 203 242 230 249 
522 203 223 237 252 
523 203 243 224 252 
524 203 242 249 238 
525 203 223 252 224 
526 203 235 241 251 
527 203 252 238 249 
528 203 240 239 254 
529 203 240 254 251 
530 203 245 244 255 
531 203 254 239 247 
532 203 252 249 256 
533 203 243 252 256 
534 203 249 248 256 
535 203 254 247 246 
536 203 254 246 257 
537 203 251 254 257 
538 203 246 245 257 
539 203 240 251 241 
540 203 244 243 256 
541 203 245 255 257 
542 203 251 257 250 
543 203 253 250 255 
544 203 255 244 256 
545 203 256 248 253 
546 203 250 257 255 
547 203 253 255 256 
548 203 103 7 81 
549 203 104 103 258 
550 203 105 104 259 
551 203 104 258 259 
552 203 106 105 260 
553 203 105 259 260 
554 203 107 106 261 
555 203 106 260 261 
556 203 6 107 262 
557 203 59 6 262 
558 203 107 261 262 
559 203 5 96 82 
560 203 96 97 263 
561 203 97 98 264 
562 203 97 264 263 
563 203 98 99 265 
564 203 98 265 264 
565 203 99 100 266 
566 203 99 266 265 
567 203 100 101 267 
568 203 100 267 266 
569 203 101 102 268 
570 203 101 268 267 
571 203 102 4 269 
572 203 268 102 269 
573 203 4 60 269 
574 203 81 82 270 
575 203 60 59 271 
576 203 269 60 271 
577 203 59 262 271 
578 203 103 81 258 
579 203 82 96 263 
580 203 270 82 263 
581 203 258 81 270 
582 203 258 270 272 
583 203 258 272 259 
584 203 260 259 273 
585 203 259 272 273 
586 203 261 260 274 
587 203 260 273 274 
588 203 262 261 275 
589 203 271 262 275 
590 203 261 274 275 
591 203 264 265 272 
592 203 263 264 272 
593 203 266 267 274 
594 203 267 268 275 
595 203 268 269 271 
596 203 270 263 272 
597 203 265 266 273 
598 203 275 268 271 
599 203 273 266 274 
600 203 274 267 275 
601 203 272 265 273 
602 203 108 9 78 
603 203 109 108 276 
604 203 110 109 277 
605 203 109 276 277 
606 203 111 110 278 
607 203 110 277 278 
608 203 112 111 279 
609 203 111 278 279 
610 203 8 112 280 
611 203 56 8 280 
612 203 112 279 280 
613 203 7 103 80 
614 203 103 104 281 
615 203 104 105 282 
616 203 104 282 281 
617 203 105 106 283 
618 203 105 283 282 
619 203 106 107 284 
620 203 106 284 283 
621 203 107 6 285 
622 203 284 107 285 
623 203 6 58 285 
624 203 78 79 286 
625 203 79 80 287 
626 203 79 287 286 
627 203 57 56 288 
628 203 56 280 288 
629 203 58 57 289 
630 203 285 58 289 
631 203 57 288 289 
632 203 80 103 290 
633 203 108 78 291 
634 203 276 108 291 
635 203 278 277 292 
636 203 279 278 293 
637 203 278 292 293 
638 203 280 279 294 
639 203 288 280 294 
640 203 279 293 294 
641 203 282 283 292 
642 203 284 285 295 
643 203 285 289 295 
644 203 290 103 281 
645 203 286 287 296 
646 203 292 277 296 
647 203 288 294 295 
648 203 282 292 296 
649 203 281 282 296 
650 203 80 290 287 
651 203 290 281 296 
652 203 292 283 293 
653 203 283 284 293 
654 203 289 288 295 
655 203 291 78 286 
656 203 276 291 296 
657 203 277 276 296 
658 203 287 290 296 
659 203 291 286 296 
660 203 294 293 295 
661 203 293 284 295 
662 203 113 11 297 
663 203 11 76 297 
664 203 114 113 298 
665 203 113 297 298 
666 203 115 114 299 
667 203 114 298 299 
668 203 116 115 299 
669 203 362 363 361 
670 203 117 116 300 
671 203 116 299 300 
672 203 118 117 301 
673 203 117 300 301 
674 203 119 118 301 
675 203 10 119 54 
676 203 9 108 302 
677 203 9 302 77 
678 203 108 109 303 
679 203 108 303 302 
680 203 109 110 304 
681 203 109 304 303 
682 203 110 111 305 
683 203 110 305 304 
684 203 111 112 305 
685 203 112 8 55 
686 203 54 119 301 
687 203 76 77 302 
688 203 112 55 305 
689 203 55 54 306 
690 203 299 298 303 
691 203 363 46 45 
692 203 300 299 304 
693 203 301 300 305 
694 203 303 304 299 
695 203 304 305 300 
696 203 303 298 302 
697 203 76 302 297 
698 203 302 298 297 
699 203 301 305 306 
700 203 306 54 301 
701 203 55 306 305 
702 203 120 14 69 
703 203 121 120 307 
704 203 122 121 308 
705 203 121 307 308 
706 203 123 122 309 
707 203 122 308 309 
708 203 124 123 310 
709 203 123 309 310 
710 203 125 124 311 
711 203 124 310 311 
712 203 126 125 312 
713 203 125 311 312 
714 203 13 126 47 
715 203 11 113 75 
716 203 113 114 313 
717 203 114 115 314 
718 203 114 314 313 
719 203 115 116 315 
720 203 115 315 314 
721 203 116 117 316 
722 203 116 316 315 
723 203 117 118 317 
724 203 117 317 316 
725 203 118 119 318 
726 203 118 318 317 
727 203 119 10 53 
728 203 47 126 312 
729 203 69 70 319 
730 203 70 71 320 
731 203 70 320 319 
732 203 71 72 321 
733 203 71 321 320 
734 203 72 73 322 
735 203 72 322 321 
736 203 73 74 323 
737 203 73 323 322 
738 203 75 113 313 
739 203 48 47 324 
740 203 47 312 324 
741 203 49 48 325 
742 203 48 324 325 
743 203 50 49 326 
744 203 49 325 326 
745 203 51 50 327 
746 203 50 326 327 
747 203 52 51 328 
748 203 51 327 328 
749 203 119 53 318 
750 203 74 75 329 
751 203 53 52 330 
752 203 120 69 319 
753 203 74 329 323 
754 203 307 120 319 
755 203 323 329 331 
756 203 309 308 332 
757 203 310 309 333 
758 203 309 332 333 
759 203 311 310 334 
760 203 310 333 334 
761 203 312 311 335 
762 203 324 312 335 
763 203 311 334 335 
764 203 315 316 336 
765 203 314 315 337 
766 203 315 336 337 
767 203 316 317 338 
768 203 316 338 336 
769 203 317 318 328 
770 203 321 322 339 
771 203 320 321 340 
772 203 321 339 340 
773 203 319 320 341 
774 203 320 340 341 
775 203 322 323 342 
776 203 339 322 342 
777 203 323 331 342 
778 203 307 319 341 
779 203 317 328 338 
780 203 325 324 343 
781 203 324 335 343 
782 203 326 325 344 
783 203 325 343 344 
784 203 327 326 345 
785 203 326 344 345 
786 203 328 327 345 
787 203 330 52 328 
788 203 308 307 341 
789 203 328 345 338 
790 203 314 337 331 
791 203 330 328 318 
792 203 313 314 331 
793 203 329 75 313 
794 203 332 308 341 
795 203 53 330 318 
796 203 329 313 331 
797 203 336 338 346 
798 203 338 345 346 
799 203 331 337 347 
800 203 331 347 342 
801 203 334 333 348 
802 203 335 334 349 
803 203 343 335 349 
804 203 334 348 349 
805 203 337 336 347 
806 203 340 339 350 
807 203 341 340 351 
808 203 332 341 351 
809 203 340 350 351 
810 203 344 343 352 
811 203 343 349 352 
812 203 345 344 346 
813 203 333 332 353 
814 203 348 333 353 
815 203 332 351 353 
816 203 339 342 354 
817 203 350 339 354 
818 203 342 347 354 
819 203 336 346 355 
820 203 355 346 356 
821 203 347 336 355 
822 203 351 350 357 
823 203 353 351 357 
824 203 350 354 357 
825 203 347 355 358 
826 203 354 347 358 
827 203 355 356 358 
828 203 344 352 346 
829 203 348 353 356 
830 203 349 348 352 
831 203 356 346 352 
832 203 356 352 348 
833 203 356 353 357 
834 203 356 357 358 
835 203 354 358 357 
836 203 14 120 68 
837 203 120 121 359 
838 203 68 120 359 
839 203 121 122 359 
840 203 122 123 360 
841 203 122 360 359 
842 203 123 124 361 
843 203 360 123 361 
844 203 124 125 361 
845 203 125 126 362 
846 203 361 125 362 
847 203 126 13 362 
848 203 12 67 360 
849 203 67 68 359 
850 203 13 46 362 
851 203 360 67 359 
852 203 12 360 363 
853 203 45 12 363 
854 203 360 361 363 
855 203 362 46 363 
856 304 396 166 397 133 
857 304 406 373 372 35 
858 304 152 409 411 374 
859 304 135 136 398 400 
860 304 36 147 406 148 
861 304 152 409 40 411 
862 304 152 409 151 40 
863 304 212 83 223 237 
864 304 210 81 181 270 
865 304 152 409 374 151 
866 304 400 134 135 23 
867 304 400 134 398 135 
868 304 208 191 373 207 
869 304 400 134 395 398 
870 304 400 134 23 395 
871 304 42 412 378 199 
872 304 377 312 157 324 
873 304 320 340 341 378 
874 304 385 365 216 172 
875 304 219 385 216 88 
876 304 395 265 393 264 
877 304 202 199 198 378 
878 304 335 349 413 334 
879 304 193 192 406 36 
880 304 132 393 20 21 
881 304 383 197 378 203 
882 304 305 112 55 171 
883 304 81 181 258 103 
884 304 311 310 334 415 
885 304 54 301 164 163 
886 304 337 384 373 336 
887 304 242 367 214 365 
888 304 353 383 378 351 
889 304 242 367 238 214 
890 304 405 190 191 404 
891 304 183 182 80 290 
892 304 242 367 249 238 
893 304 153 412 42 154 
894 304 242 367 365 249 
895 304 305 306 171 55 
896 304 346 345 410 371 
897 304 385 219 1 88 
898 304 357 358 356 383 
899 304 375 346 410 371 
900 304 401 402 187 31 
901 304 122 380 308 309 
902 304 208 298 297 113 
903 304 122 380 359 308 
904 304 122 380 360 359 
905 304 248 367 256 249 
906 304 356 375 355 346 
907 304 322 376 342 339 
908 304 358 375 355 356 
909 304 358 376 347 355 
910 304 74 329 206 207 
911 304 376 358 375 355 
912 304 229 228 167 102 
913 304 407 163 318 162 
914 304 122 380 309 360 
915 304 110 382 277 278 
916 304 27 284 26 283 
917 304 395 264 393 178 
918 304 371 408 149 410 
919 304 402 188 187 31 
920 304 254 366 251 240 
921 304 374 344 325 159 
922 304 27 284 138 26 
923 304 145 403 144 33 
924 304 344 374 343 352 
925 304 27 284 293 138 
926 304 396 166 133 132 
927 304 27 284 283 293 
928 304 202 319 69 68 
929 304 405 190 34 191 
930 304 326 50 49 159 
931 304 42 412 43 154 
932 304 199 42 198 378 
933 304 310 124 123 361 
934 304 99 226 370 225 
935 304 303 402 187 401 
936 304 37 371 149 148 
937 304 320 321 203 71 
938 304 415 412 380 413 
939 304 228 246 394 227 
940 304 389 175 174 18 
941 304 230 90 231 218 
942 304 66 220 386 221 
943 304 126 312 362 125 
944 304 301 402 305 306 
945 304 199 202 380 378 
946 304 415 310 123 361 
947 304 303 402 188 187 
948 304 156 44 12 414 
949 304 187 401 30 186 
950 304 306 142 164 402 
951 304 28 382 277 185 
952 304 405 190 33 34 
953 304 345 326 344 410 
954 304 19 391 20 131 
955 304 389 175 367 174 
956 304 389 175 390 367 
957 304 309 123 122 360 
958 304 184 291 286 78 
959 304 208 113 11 75 
960 304 201 12 360 67 
961 304 201 414 360 12 
962 304 389 175 18 390 
963 304 403 164 402 301 
964 304 409 196 39 40 
965 304 403 164 144 402 
966 304 189 208 404 298 
967 304 245 226 244 368 
968 304 37 406 371 148 
969 304 403 164 163 144 
970 304 153 412 411 42 
971 304 385 172 15 16 
972 304 403 164 301 163 
973 304 202 198 203 378 
974 304 405 190 404 33 
975 304 104 26 182 381 
976 304 83 237 213 84 
977 304 393 98 225 224 
978 304 275 267 398 274 
979 304 104 26 281 182 
980 304 104 26 282 281 
981 304 373 192 35 406 
982 304 392 246 368 394 
983 304 104 26 381 282 
984 304 404 303 299 402 
985 304 98 265 393 370 
986 304 394 391 393 368 
987 304 373 405 404 315 
988 304 101 100 227 370 
989 304 272 399 259 258 
990 304 99 100 370 226 
991 304 211 82 210 263 
992 304 307 308 359 380 
993 304 404 303 298 299 
994 304 340 351 341 378 
995 304 412 155 43 154 
996 304 404 303 189 298 
997 304 356 348 374 352 
998 304 136 137 6 107 
999 304 109 382 186 185 
1000 304 404 303 402 189 
1001 304 109 110 304 401 
1002 304 385 220 66 222 
1003 304 153 412 377 411 
1004 304 302 9 217 77 
1005 304 369 390 367 368 
1006 304 369 390 175 367 
1007 304 66 220 385 386 
1008 304 256 367 368 369 
1009 304 191 192 35 373 
1010 304 369 390 391 175 
1011 304 134 395 398 397 
1012 304 265 399 264 395 
1013 304 153 412 154 377 
1014 304 265 399 272 264 
1015 304 366 367 389 390 
1016 304 376 205 194 195 
1017 304 209 303 189 188 
1018 304 322 72 205 204 
1019 304 415 311 361 379 
1020 304 198 411 42 41 
1021 304 374 377 413 411 
1022 304 375 376 409 383 
1023 304 265 399 273 272 
1024 304 265 399 395 273 
1025 304 255 367 253 366 
1026 304 166 396 167 132 
1027 304 336 338 371 372 
1028 304 154 377 157 153 
1029 304 255 367 256 253 
1030 304 208 373 313 207 
1031 304 317 338 316 372 
1032 304 369 390 368 391 
1033 304 400 181 381 399 
1034 304 174 367 173 214 
1035 304 367 366 368 390 
1036 304 255 367 368 256 
1037 304 410 328 161 371 
1038 304 275 267 268 398 
1039 304 234 235 251 388 
1040 304 410 328 327 161 
1041 304 401 187 30 31 
1042 304 400 181 180 24 
1043 304 374 383 413 353 
1044 304 412 200 414 380 
1045 304 400 181 399 180 
1046 304 168 392 130 131 
1047 304 165 271 269 398 
1048 304 255 367 366 368 
1049 304 22 397 133 393 
1050 304 160 151 159 410 
1051 304 285 138 58 289 
1052 304 164 301 54 306 
1053 304 280 56 140 139 
1054 304 381 136 400 261 
1055 304 377 325 374 343 
1056 304 302 9 108 217 
1057 304 166 269 268 398 
1058 304 371 161 149 148 
1059 304 37 36 406 148 
1060 304 372 336 316 315 
1061 304 166 165 269 398 
1062 304 242 215 214 85 
1063 304 119 118 163 318 
1064 304 377 325 158 374 
1065 304 377 325 324 158 
1066 304 127 385 388 386 
1067 304 225 244 368 243 
1068 304 22 397 134 133 
1069 304 219 365 364 232 
1070 304 366 364 388 387 
1071 304 319 202 203 378 
1072 304 410 328 345 327 
1073 304 377 325 343 324 
1074 304 110 111 401 382 
1075 304 391 132 20 131 
1076 304 410 328 371 345 
1077 304 393 98 370 225 
1078 304 257 255 368 245 
1079 304 107 136 262 6 
1080 304 391 132 393 20 
1081 304 27 293 283 292 
1082 304 391 132 394 393 
1083 304 391 132 131 394 
1084 304 211 264 97 263 
1085 304 366 392 368 390 
1086 304 197 383 204 203 
1087 304 270 181 399 258 
1088 304 192 193 406 373 
1089 304 104 399 258 259 
1090 304 382 111 279 278 
1091 304 381 106 261 260 
1092 304 22 397 395 134 
1093 304 400 274 260 261 
1094 304 381 400 260 261 
1095 304 322 321 204 339 
1096 304 396 394 167 132 
1097 304 394 392 131 391 
1098 304 257 392 254 246 
1099 304 116 316 315 405 
1100 304 395 393 370 397 
1101 304 302 209 76 77 
1102 304 289 138 58 57 
1103 304 331 329 313 373 
1104 304 53 119 163 318 
1105 304 104 399 181 258 
1106 304 337 331 314 373 
1107 304 160 161 149 410 
1108 304 384 406 373 371 
1109 304 328 330 162 318 
1110 304 376 196 205 195 
1111 304 327 51 50 160 
1112 304 220 235 94 234 
1113 304 407 328 162 318 
1114 304 331 373 313 314 
1115 304 81 7 181 103 
1116 304 22 397 393 395 
1117 304 393 396 397 133 
1118 304 104 399 381 181 
1119 304 364 385 388 387 
1120 304 104 399 259 381 
1121 304 407 145 405 403 
1122 304 52 328 161 51 
1123 304 248 364 367 365 
1124 304 331 384 373 337 
1125 304 51 327 161 160 
1126 304 384 376 371 355 
1127 304 248 364 253 367 
1128 304 415 335 311 379 
1129 304 108 109 186 185 
1130 304 406 147 372 148 
1131 304 376 408 371 375 
1132 304 374 325 158 159 
1133 304 248 364 232 253 
1134 304 329 384 373 331 
1135 304 163 145 407 403 
1136 304 248 364 365 232 
1137 304 285 138 137 58 
1138 304 116 117 316 405 
1139 304 362 312 157 379 
1140 304 353 383 413 378 
1141 304 46 362 157 379 
1142 304 111 382 279 112 
1143 304 90 91 231 218 
1144 304 367 248 365 249 
1145 304 163 145 403 144 
1146 304 403 144 33 32 
1147 304 415 335 334 311 
1148 304 396 166 102 268 
1149 304 33 405 34 145 
1150 304 329 384 206 373 
1151 304 166 269 102 268 
1152 304 202 200 199 380 
1153 304 415 335 413 334 
1154 304 326 327 50 160 
1155 304 299 115 114 404 
1156 304 239 229 247 167 
1157 304 246 227 245 368 
1158 304 348 349 334 413 
1159 304 225 226 370 368 
1160 304 329 384 323 206 
1161 304 165 60 269 271 
1162 304 83 212 96 5 
1163 304 165 166 269 60 
1164 304 388 221 235 170 
1165 304 388 221 220 235 
1166 304 329 384 331 323 
1167 304 136 165 262 59 
1168 304 33 405 403 404 
1169 304 33 405 145 403 
1170 304 395 179 22 23 
1171 304 221 170 66 65 
1172 304 136 135 24 400 
1173 304 284 138 295 293 
1174 304 195 408 38 194 
1175 304 375 408 371 410 
1176 304 66 170 221 386 
1177 304 299 116 404 403 
1178 304 415 377 412 413 
1179 304 363 362 379 361 
1180 304 363 46 379 362 
1181 304 155 412 414 379 
1182 304 193 384 406 373 
1183 304 388 221 386 220 
1184 304 367 238 214 213 
1185 304 411 198 197 41 
1186 304 308 309 380 332 
1187 304 388 221 170 386 
1188 304 328 327 161 51 
1189 304 130 391 131 392 
1190 304 402 401 142 31 
1191 304 383 197 204 196 
1192 304 128 127 388 170 
1193 304 118 163 407 403 
1194 304 80 183 287 79 
1195 304 163 146 162 407 
1196 304 150 160 149 410 
1197 304 362 312 379 361 
1198 304 175 367 174 213 
1199 304 367 175 369 213 
1200 304 365 367 387 364 
1201 304 118 301 163 403 
1202 304 125 311 361 124 
1203 304 346 338 371 336 
1204 304 411 198 378 197 
1205 304 153 411 152 41 
1206 304 340 383 378 203 
1207 304 256 243 252 369 
1208 304 285 137 6 58 
1209 304 306 142 171 164 
1210 304 348 356 374 353 
1211 304 280 8 112 140 
1212 304 402 403 189 32 
1213 304 130 391 19 131 
1214 304 365 173 214 215 
1215 304 150 408 409 410 
1216 304 340 321 203 320 
1217 304 358 376 354 347 
1218 304 306 142 305 171 
1219 304 306 142 402 305 
1220 304 107 381 106 261 
1221 304 380 415 360 414 
1222 304 401 111 112 382 
1223 304 374 375 409 383 
1224 304 351 378 332 341 
1225 304 135 24 400 23 
1226 304 393 391 369 368 
1227 304 383 376 409 196 
1228 304 412 411 42 378 
1229 304 130 391 390 19 
1230 304 165 135 398 134 
1231 304 415 377 379 412 
1232 304 212 237 369 213 
1233 304 365 230 242 249 
1234 304 412 411 413 377 
1235 304 193 37 406 194 
1236 304 54 55 164 306 
1237 304 412 411 378 413 
1238 304 230 218 87 89 
1239 304 28 279 140 139 
1240 304 369 238 237 252 
1241 304 215 365 242 214 
1242 304 367 173 214 365 
1243 304 89 87 86 3 
1244 304 369 238 213 237 
1245 304 369 238 367 213 
1246 304 173 365 172 215 
1247 304 369 238 252 367 
1248 304 319 120 68 359 
1249 304 273 400 260 259 
1250 304 400 381 260 259 
1251 304 273 400 259 399 
1252 304 395 274 400 398 
1253 304 396 227 394 370 
1254 304 396 227 228 394 
1255 304 396 227 101 228 
1256 304 130 391 392 390 
1257 304 398 267 268 397 
1258 304 273 395 400 399 
1259 304 400 381 259 399 
1260 304 53 330 318 162 
1261 304 153 377 157 158 
1262 304 183 80 287 290 
1263 304 236 221 235 95 
1264 304 129 387 389 366 
1265 304 155 156 157 379 
1266 304 400 136 398 261 
1267 304 129 387 17 389 
1268 304 28 292 277 278 
1269 304 312 311 379 361 
1270 304 393 177 20 21 
1271 304 415 377 335 379 
1272 304 129 387 128 17 
1273 304 407 328 372 162 
1274 304 366 169 251 240 
1275 304 265 395 393 370 
1276 304 374 356 383 353 
1277 304 402 403 299 404 
1278 304 129 387 366 128 
1279 304 415 377 413 335 
1280 304 365 218 216 215 
1281 304 377 349 343 374 
1282 304 367 366 364 253 
1283 304 312 324 47 157 
1284 304 274 397 267 398 
1285 304 400 25 24 136 
1286 304 183 290 287 296 
1287 304 183 26 281 282 
1288 304 274 397 266 267 
1289 304 396 227 370 101 
1290 304 385 222 66 1 
1291 304 181 182 25 381 
1292 304 183 182 281 26 
1293 304 50 326 160 159 
1294 304 224 212 177 97 
1295 304 224 212 369 177 
1296 304 292 27 296 282 
1297 304 382 28 278 279 
1298 304 109 401 187 186 
1299 304 339 376 342 354 
1300 304 224 212 223 369 
1301 304 110 109 277 382 
1302 304 173 367 389 387 
1303 304 274 397 395 266 
1304 304 108 109 187 186 
1305 304 272 270 399 258 
1306 304 138 284 137 26 
1307 304 348 349 374 352 
1308 304 274 397 398 395 
1309 304 182 281 103 290 
1310 304 387 172 173 365 
1311 304 248 365 249 231 
1312 304 201 202 67 380 
1313 304 202 68 67 359 
1314 304 374 377 152 158 
1315 304 219 91 231 232 
1316 304 142 401 30 31 
1317 304 91 219 231 218 
1318 304 307 120 359 121 
1319 304 373 329 313 207 
1320 304 365 219 231 232 
1321 304 155 44 414 43 
1322 304 387 172 16 173 
1323 304 44 200 414 43 
1324 304 384 355 371 336 
1325 304 224 212 97 223 
1326 304 344 410 346 345 
1327 304 55 8 171 112 
1328 304 373 329 207 206 
1329 304 338 328 345 371 
1330 304 163 118 407 318 
1331 304 338 328 371 372 
1332 304 346 410 344 375 
1333 304 156 155 44 414 
1334 304 387 172 385 16 
1335 304 138 285 295 289 
1336 304 387 172 365 385 
1337 304 219 365 231 218 
1338 304 129 18 390 389 
1339 304 202 319 68 359 
1340 304 404 113 298 208 
1341 304 208 297 76 11 
1342 304 220 385 219 222 
1343 304 127 385 66 15 
1344 304 404 113 114 298 
1345 304 243 256 368 369 
1346 304 275 274 398 261 
1347 304 404 113 313 114 
1348 304 165 166 134 398 
1349 304 165 136 398 135 
1350 304 45 46 157 379 
1351 304 66 385 127 386 
1352 304 404 113 208 313 
1353 304 367 366 387 364 
1354 304 83 212 223 96 
1355 304 201 380 360 414 
1356 304 65 64 236 170 
1357 304 104 181 103 258 
1358 304 214 238 85 84 
1359 304 266 100 370 99 
1360 304 402 401 304 305 
1361 304 366 257 254 251 
1362 304 24 180 400 23 
1363 304 391 177 20 393 
1364 304 334 333 415 310 
1365 304 391 177 176 20 
1366 304 363 415 414 360 
1367 304 391 177 369 176 
1368 304 312 377 379 335 
1369 304 200 201 414 380 
1370 304 201 200 414 44 
1371 304 107 136 261 262 
1372 304 380 202 67 359 
1373 304 309 415 380 413 
1374 304 380 412 378 413 
1375 304 415 333 334 413 
1376 304 98 99 370 225 
1377 304 366 129 390 389 
1378 304 44 201 12 414 
1379 304 35 146 34 405 
1380 304 400 25 181 24 
1381 304 63 64 170 241 
1382 304 391 177 393 369 
1383 304 363 414 12 360 
1384 304 376 384 347 355 
1385 304 300 402 299 304 
1386 304 79 184 287 286 
1387 304 264 265 393 98 
1388 304 401 171 142 141 
1389 304 92 364 220 233 
1390 304 204 322 376 205 
1391 304 78 108 185 291 
1392 304 376 322 204 339 
1393 304 293 28 278 292 
1394 304 383 357 351 353 
1395 304 8 141 112 140 
1396 304 395 211 264 178 
1397 304 404 313 314 114 
1398 304 309 310 123 415 
1399 304 367 256 252 369 
1400 304 314 313 404 373 
1401 304 165 136 262 398 
1402 304 339 383 354 350 
1403 304 217 303 188 187 
1404 304 347 384 337 336 
1405 304 92 364 219 220 
1406 304 209 208 298 297 
1407 304 285 138 284 137 
1408 304 82 210 270 81 
1409 304 354 383 339 376 
1410 304 92 364 232 219 
1411 304 78 108 9 185 
1412 304 210 82 270 263 
1413 304 402 301 305 300 
1414 304 392 247 246 394 
1415 304 92 364 233 232 
1416 304 385 365 387 364 
1417 304 196 376 205 204 
1418 304 37 408 38 149 
1419 304 319 202 70 203 
1420 304 364 366 250 253 
1421 304 308 380 341 332 
1422 304 37 408 194 38 
1423 304 181 81 258 270 
1424 304 381 284 107 106 
1425 304 107 284 381 137 
1426 304 27 283 26 282 
1427 304 262 275 398 261 
1428 304 227 100 226 370 
1429 304 374 344 343 325 
1430 304 255 245 244 368 
1431 304 155 156 379 414 
1432 304 300 403 116 299 
1433 304 120 319 307 359 
1434 304 209 208 297 76 
1435 304 394 392 391 368 
1436 304 320 319 203 378 
1437 304 266 395 273 265 
1438 304 276 184 291 296 
1439 304 207 329 313 75 
1440 304 37 193 406 36 
1441 304 82 211 96 263 
1442 304 400 25 381 181 
1443 304 218 88 216 87 
1444 304 72 321 71 204 
1445 304 407 117 316 317 
1446 304 177 212 369 176 
1447 304 225 243 368 369 
1448 304 65 64 2 236 
1449 304 113 208 313 75 
1450 304 263 211 96 97 
1451 304 37 408 371 194 
1452 304 123 415 361 360 
1453 304 303 402 189 188 
1454 304 168 394 131 167 
1455 304 400 25 136 381 
1456 304 308 307 359 121 
1457 304 109 401 186 382 
1458 304 402 164 144 143 
1459 304 183 27 26 282 
1460 304 62 239 240 168 
1461 304 266 267 370 100 
1462 304 266 265 99 370 
1463 304 393 225 369 224 
1464 304 216 218 87 215 
1465 304 265 266 395 370 
1466 304 243 225 224 369 
1467 304 244 256 368 243 
1468 304 218 219 216 88 
1469 304 37 408 149 371 
1470 304 395 180 179 23 
1471 304 396 394 393 370 
1472 304 302 209 298 297 
1473 304 127 385 15 16 
1474 304 373 384 371 336 
1475 304 402 303 299 304 
1476 304 46 45 363 379 
1477 304 401 382 30 186 
1478 304 127 387 16 128 
1479 304 127 387 385 16 
1480 304 415 363 379 361 
1481 304 274 400 398 261 
1482 304 28 27 292 293 
1483 304 392 257 254 366 
1484 304 252 243 224 369 
1485 304 410 327 160 161 
1486 304 364 220 233 234 
1487 304 256 255 244 368 
1488 304 175 369 213 176 
1489 304 92 220 93 233 
1490 304 374 413 349 348 
1491 304 251 169 241 240 
1492 304 349 413 374 377 
1493 304 365 219 216 218 
1494 304 220 221 94 235 
1495 304 252 237 369 223 
1496 304 92 91 219 232 
1497 304 410 327 326 160 
1498 304 17 128 16 387 
1499 304 83 212 213 237 
1500 304 221 235 95 94 
1501 304 142 401 141 30 
1502 304 401 402 142 305 
1503 304 171 401 142 305 
1504 304 215 242 86 85 
1505 304 224 393 177 369 
1506 304 410 327 345 326 
1507 304 388 250 251 234 
1508 304 374 377 411 152 
1509 304 244 226 225 368 
1510 304 388 250 366 251 
1511 304 333 309 332 413 
1512 304 315 404 314 115 
1513 304 356 357 383 353 
1514 304 248 365 231 232 
1515 304 314 404 315 373 
1516 304 166 134 397 133 
1517 304 388 250 364 366 
1518 304 224 252 369 223 
1519 304 220 364 388 234 
1520 304 120 14 69 68 
1521 304 374 349 343 352 
1522 304 202 201 200 380 
1523 304 346 338 345 371 
1524 304 366 128 387 388 
1525 304 15 385 1 88 
1526 304 377 349 413 335 
1527 304 256 367 252 249 
1528 304 339 204 340 321 
1529 304 393 133 22 21 
1530 304 221 236 2 95 
1531 304 363 156 12 414 
1532 304 373 337 315 314 
1533 304 403 189 33 404 
1534 304 110 111 382 278 
1535 304 312 126 362 47 
1536 304 221 65 2 236 
1537 304 328 338 317 372 
1538 304 388 250 234 364 
1539 304 292 184 28 277 
1540 304 118 119 163 301 
1541 304 300 402 304 305 
1542 304 364 253 233 232 
1543 304 340 204 339 383 
1544 304 319 120 69 68 
1545 304 190 208 404 189 
1546 304 415 309 380 360 
1547 304 18 174 389 17 
1548 304 133 393 132 21 
1549 304 27 138 293 139 
1550 304 285 284 107 137 
1551 304 294 293 295 139 
1552 304 230 365 242 215 
1553 304 395 274 273 400 
1554 304 287 184 296 286 
1555 304 394 396 393 132 
1556 304 402 189 188 32 
1557 304 402 144 32 143 
1558 304 403 402 144 32 
1559 304 184 291 296 286 
1560 304 4 166 102 167 
1561 304 166 60 4 269 
1562 304 98 393 97 224 
1563 304 133 393 396 132 
1564 304 292 184 27 28 
1565 304 238 214 213 84 
1566 304 362 46 157 47 
1567 304 292 184 296 27 
1568 304 293 138 295 139 
1569 304 199 412 378 380 
1570 304 383 340 351 350 
1571 304 373 193 206 207 
1572 304 206 193 373 384 
1573 304 28 293 278 279 
1574 304 409 195 39 196 
1575 304 151 150 409 410 
1576 304 412 42 43 199 
1577 304 383 411 378 197 
1578 304 282 183 296 281 
1579 304 407 118 317 318 
1580 304 200 412 414 43 
1581 304 190 191 404 208 
1582 304 118 117 407 317 
1583 304 309 415 123 360 
1584 304 322 73 205 72 
1585 304 388 235 220 234 
1586 304 175 19 18 390 
1587 304 292 184 277 296 
1588 304 410 374 344 375 
1589 304 381 282 105 104 
1590 304 354 383 358 357 
1591 304 410 374 159 344 
1592 304 411 374 409 383 
1593 304 384 331 347 337 
1594 304 206 384 205 194 
1595 304 272 273 259 399 
1596 304 358 383 354 376 
1597 304 26 137 25 381 
1598 304 262 165 271 59 
1599 304 374 348 353 413 
1600 304 359 319 380 202 
1601 304 26 182 381 25 
1602 304 127 387 388 385 
1603 304 380 319 359 307 
1604 304 27 183 296 282 
1605 304 302 209 77 217 
1606 304 80 103 290 182 
1607 304 184 183 287 296 
1608 304 183 184 287 79 
1609 304 410 374 151 159 
1610 304 127 387 128 388 
1611 304 366 257 250 255 
1612 304 183 281 290 296 
1613 304 384 322 205 376 
1614 304 367 248 256 253 
1615 304 28 293 279 139 
1616 304 13 362 47 46 
1617 304 6 136 262 59 
1618 304 401 110 304 305 
1619 304 373 208 313 404 
1620 304 293 294 279 139 
1621 304 28 382 140 279 
1622 304 280 294 288 139 
1623 304 273 274 260 400 
1624 304 384 322 323 205 
1625 304 384 323 206 205 
1626 304 394 393 370 368 
1627 304 289 138 57 139 
1628 304 357 383 350 354 
1629 304 375 356 383 374 
1630 304 344 326 325 159 
1631 304 376 347 342 354 
1632 304 331 384 347 342 
1633 304 269 271 268 398 
1634 304 182 104 181 103 
1635 304 181 104 182 381 
1636 304 380 378 341 332 
1637 304 395 400 180 23 
1638 304 118 301 403 117 
1639 304 180 400 395 399 
1640 304 372 35 147 406 
1641 304 264 98 393 97 
1642 304 147 35 372 407 
1643 304 262 398 271 165 
1644 304 369 212 213 176 
1645 304 310 309 333 415 
1646 304 9 108 186 185 
1647 304 271 398 262 275 
1648 304 164 55 171 306 
1649 304 303 109 304 401 
1650 304 111 110 401 305 
1651 304 384 322 342 323 
1652 304 391 19 20 176 
1653 304 168 366 240 169 
1654 304 401 382 112 141 
1655 304 200 412 199 380 
1656 304 395 393 22 178 
1657 304 239 61 167 168 
1658 304 156 363 379 414 
1659 304 309 380 332 413 
1660 304 179 395 22 178 
1661 304 384 323 342 331 
1662 304 101 396 102 268 
1663 304 393 396 370 397 
1664 304 240 366 168 254 
1665 304 184 291 78 185 
1666 304 394 132 131 167 
1667 304 15 385 66 1 
1668 304 247 228 246 394 
1669 304 370 267 101 100 
1670 304 182 183 281 290 
1671 304 395 266 273 274 
1672 304 101 267 370 396 
1673 304 375 356 352 346 
1674 304 18 129 390 130 
1675 304 352 356 375 374 
1676 304 383 376 196 204 
1677 304 411 152 41 40 
1678 304 320 319 70 203 
1679 304 365 230 249 231 
1680 304 409 376 195 196 
1681 304 162 328 372 161 
1682 304 403 402 189 404 
1683 304 396 166 167 102 
1684 304 189 403 33 32 
1685 304 401 171 112 305 
1686 304 408 375 409 410 
1687 304 340 383 203 204 
1688 304 279 280 112 140 
1689 304 402 403 300 299 
1690 304 276 109 108 185 
1691 304 173 17 16 387 
1692 304 311 310 361 124 
1693 304 155 412 379 154 
1694 304 280 279 139 140 
1695 304 119 10 163 54 
1696 304 209 208 189 298 
1697 304 355 346 371 336 
1698 304 415 412 379 414 
1699 304 48 324 158 157 
1700 304 384 322 376 342 
1701 304 193 384 206 194 
1702 304 303 108 187 217 
1703 304 152 374 158 159 
1704 304 139 279 280 294 
1705 304 391 176 175 19 
1706 304 253 364 233 250 
1707 304 129 392 390 130 
1708 304 211 393 264 178 
1709 304 175 176 391 369 
1710 304 312 311 361 125 
1711 304 242 238 85 214 
1712 304 368 226 227 245 
1713 304 19 18 390 130 
1714 304 368 226 370 227 
1715 304 403 117 407 118 
1716 304 376 339 204 383 
1717 304 373 406 372 371 
1718 304 110 109 382 401 
1719 304 211 393 97 264 
1720 304 171 401 112 141 
1721 304 129 18 389 17 
1722 304 17 173 389 387 
1723 304 406 372 371 148 
1724 304 402 303 304 401 
1725 304 366 388 251 169 
1726 304 109 303 187 401 
1727 304 325 326 49 159 
1728 304 192 36 35 406 
1729 304 407 117 403 405 
1730 304 189 190 33 404 
1731 304 147 36 406 35 
1732 304 225 368 393 369 
1733 304 247 392 168 394 
1734 304 312 125 361 362 
1735 304 376 408 375 409 
1736 304 376 371 194 384 
1737 304 363 415 360 361 
1738 304 411 153 42 41 
1739 304 320 340 378 203 
1740 304 392 394 131 168 
1741 304 393 368 225 370 
1742 304 375 346 371 355 
1743 304 183 184 27 296 
1744 304 194 371 376 408 
1745 304 266 395 370 397 
1746 304 197 411 40 409 
1747 304 268 396 267 101 
1748 304 163 53 318 162 
1749 304 90 230 89 218 
1750 304 237 212 369 223 
1751 304 129 392 130 168 
1752 304 218 230 87 215 
1753 304 239 62 61 168 
1754 304 145 146 405 34 
1755 304 407 328 317 372 
1756 304 307 319 341 380 
1757 304 71 321 203 204 
1758 304 206 73 205 323 
1759 304 376 375 371 355 
1760 304 267 396 268 397 
1761 304 4 166 269 102 
1762 304 229 4 102 167 
1763 304 235 236 241 170 
1764 304 73 322 205 323 
1765 304 178 393 22 21 
1766 304 257 366 368 255 
1767 304 149 150 408 38 
1768 304 28 27 293 139 
1769 304 211 393 177 97 
1770 304 380 378 332 413 
1771 304 143 402 31 32 
1772 304 289 288 295 139 
1773 304 392 247 254 246 
1774 304 8 171 112 141 
1775 304 257 392 368 366 
1776 304 366 367 387 389 
1777 304 408 150 149 410 
1778 304 303 109 187 108 
1779 304 211 399 179 395 
1780 304 311 312 379 335 
1781 304 148 372 161 162 
1782 304 324 48 47 157 
1783 304 381 105 260 259 
1784 304 137 285 6 107 
1785 304 26 283 381 282 
1786 304 395 180 399 179 
1787 304 161 372 148 371 
1788 304 180 210 399 179 
1789 304 239 247 254 168 
1790 304 366 255 250 253 
1791 304 211 399 210 179 
1792 304 364 219 220 385 
1793 304 246 257 368 245 
1794 304 298 299 114 404 
1795 304 407 317 316 372 
1796 304 211 393 178 177 
1797 304 322 321 72 204 
1798 304 74 329 323 206 
1799 304 276 184 185 291 
1800 304 56 8 280 140 
1801 304 63 170 169 241 
1802 304 288 294 295 139 
1803 304 405 316 407 117 
1804 304 73 74 323 206 
1805 304 276 108 291 185 
1806 304 191 373 405 404 
1807 304 175 19 390 391 
1808 304 230 215 242 86 
1809 304 116 117 405 403 
1810 304 141 382 29 30 
1811 304 405 116 404 315 
1812 304 337 373 315 336 
1813 304 301 117 300 403 
1814 304 211 399 263 210 
1815 304 407 316 405 372 
1816 304 49 325 159 158 
1817 304 326 159 410 160 
1818 304 319 202 69 70 
1819 304 200 412 43 199 
1820 304 410 159 326 344 
1821 304 87 230 86 215 
1822 304 193 192 207 373 
1823 304 89 230 86 87 
1824 304 210 181 399 270 
1825 304 282 283 381 105 
1826 304 147 146 35 407 
1827 304 388 235 251 241 
1828 304 211 82 96 5 
1829 304 212 211 96 5 
1830 304 328 161 371 372 
1831 304 377 349 335 343 
1832 304 220 385 388 364 
1833 304 385 219 216 365 
1834 304 385 15 216 88 
1835 304 385 172 216 15 
1836 304 170 235 388 241 
1837 304 169 388 251 241 
1838 304 170 388 169 241 
1839 304 408 195 38 39 
1840 304 336 373 315 372 
1841 304 191 192 373 207 
1842 304 198 197 203 378 
1843 304 119 54 163 301 
1844 304 408 150 409 39 
1845 304 383 411 197 409 
1846 304 178 393 21 177 
1847 304 388 385 220 386 
1848 304 384 193 406 194 
1849 304 395 134 23 22 
1850 304 372 373 405 35 
1851 304 165 60 271 59 
1852 304 129 392 168 366 
1853 304 396 228 167 394 
1854 304 155 154 379 157 
1855 304 396 101 102 228 
1856 304 410 374 409 151 
1857 304 116 115 404 315 
1858 304 228 396 167 102 
1859 304 162 52 328 161 
1860 304 374 152 151 159 
1861 304 208 207 313 75 
1862 304 99 265 98 370 
1863 304 228 247 167 394 
1864 304 220 234 93 233 
1865 304 9 108 217 186 
1866 304 217 108 187 186 
1867 304 382 186 29 30 
1868 304 229 247 167 228 
1869 304 129 366 168 169 
1870 304 302 303 298 209 
1871 304 328 52 162 330 
1872 304 393 97 224 177 
1873 304 116 299 404 115 
1874 304 300 117 116 403 
1875 304 53 330 162 52 
1876 304 236 221 170 235 
1877 304 35 191 405 34 
1878 304 184 277 185 28 
1879 304 346 375 344 352 
1880 304 185 277 184 276 
1881 304 375 374 344 352 
1882 304 409 374 410 375 
1883 304 169 63 241 240 
1884 304 297 208 113 11 
1885 304 116 405 404 403 
1886 304 211 399 264 263 
1887 304 208 191 404 373 
1888 304 334 348 413 333 
1889 304 348 353 413 333 
1890 304 63 62 240 169 
1891 304 156 45 157 379 
1892 304 409 197 196 40 
1893 304 154 377 379 157 
1894 304 384 371 194 406 
1895 304 257 366 250 251 
1896 304 185 109 277 276 
1897 304 392 257 368 246 
1898 304 161 371 149 410 
1899 304 195 408 409 39 
1900 304 415 309 333 413 
1901 304 377 153 152 158 
1902 304 388 128 170 169 
1903 304 277 109 185 382 
1904 304 151 160 150 410 
1905 304 272 263 399 270 
1906 304 128 129 169 366 
1907 304 239 229 167 61 
1908 304 145 146 163 407 
1909 304 320 71 203 70 
1910 304 284 137 26 381 
1911 304 284 283 106 381 
1912 304 283 284 26 381 
1913 304 372 373 315 405 
1914 304 136 137 381 25 
1915 304 329 74 75 207 
1916 304 67 380 359 360 
1917 304 303 302 108 217 
1918 304 382 279 112 140 
1919 304 137 136 381 107 
1920 304 164 402 142 143 
1921 304 263 210 399 270 
1922 304 351 353 332 378 
1923 304 358 383 375 356 
1924 304 366 128 388 169 
1925 304 263 264 272 399 
1926 304 375 383 358 376 
1927 304 221 65 236 170 
1928 304 316 372 315 405 
1929 304 219 385 364 365 
1930 304 367 173 365 387 
1931 304 234 220 93 94 
1932 304 390 392 368 391 
1933 304 174 367 214 213 
1934 304 7 182 181 103 
1935 304 230 365 218 231 
1936 304 237 238 213 84 
1937 304 403 402 300 301 
1938 304 319 202 378 380 
1939 304 412 155 414 43 
1940 304 411 197 40 41 
1941 304 147 162 372 148 
1942 304 150 408 38 39 
1943 304 415 412 414 380 
1944 304 312 377 157 379 
1945 304 45 156 12 363 
1946 304 127 170 66 386 
1947 304 353 333 332 413 
1948 304 170 127 388 386 
1949 304 181 210 399 180 
1950 304 182 281 104 103 
1951 304 271 275 268 398 
1952 304 45 156 363 379 
1953 304 378 353 332 413 
1954 304 324 377 158 157 
1955 304 373 191 405 35 
1956 304 381 106 260 105 
1957 304 264 399 211 395 
1958 304 372 162 147 407 
1959 304 303 209 189 298 
1960 304 364 234 233 250 
1961 304 377 153 411 152 
1962 304 367 238 252 249 
1963 304 212 97 96 211 
1964 304 407 146 35 405 
1965 304 96 97 212 223 
1966 304 310 311 361 415 
1967 304 56 288 57 139 
1968 304 64 236 170 241 
1969 304 172 365 216 215 
1970 304 380 201 360 67 
1971 304 169 62 240 168 
1972 304 254 239 168 240 
1973 304 138 289 295 139 
1974 304 383 411 413 378 
1975 304 122 308 359 121 
1976 304 186 382 29 185 
1977 304 374 411 413 383 
1978 304 365 230 218 215 
1979 304 303 217 209 302 
1980 304 56 280 288 139 
1981 304 198 411 378 42 
1982 304 384 347 355 336 
1983 304 373 336 371 372 
1984 304 338 336 316 372 
1985 304 382 141 29 140 
1986 304 407 372 405 35 
1987 304 380 319 341 378 
1988 304 111 401 112 305 
1989 304 308 307 341 380 
1990 304 357 383 351 350 
1991 304 146 145 405 407 
1992 304 321 340 203 204 
1993 304 377 335 324 343 
1994 304 312 362 157 47 
1995 304 376 384 342 347 
1996 304 136 107 261 381 
1997 304 283 27 292 282 
1998 304 227 246 394 368 
1999 304 13 362 126 47 
2000 304 115 114 404 314 
2001 304 394 227 368 370 
2002 304 267 266 370 397 
2003 304 339 340 383 350 
2004 304 80 103 182 7 
2005 304 219 385 1 222 
2006 304 376 408 409 195 
2007 304 134 166 397 398 
2008 304 377 312 324 335 
2009 304 396 267 370 397 
2010 304 371 37 194 406 
2011 304 174 367 389 173 
2012 304 402 188 31 32 
2013 304 285 138 295 284 
2014 304 382 401 30 141 
2015 304 366 392 168 254 
2016 304 328 407 317 318 
2017 304 392 129 390 366 
2018 304 105 381 104 259 
2019 304 247 394 168 167 
2020 304 319 320 341 378 
2021 304 174 173 389 17 
2022 304 340 383 351 378 
2023 304 377 412 154 379 
2024 304 209 217 303 188 
2025 304 325 49 48 158 
2026 304 146 147 162 407 
2027 304 209 302 76 297 
2028 304 166 398 268 397 
2029 304 141 382 112 140 
2030 304 396 166 268 397 
2031 304 324 325 48 158 
2032 304 164 402 301 306 
2033 304 10 119 163 53 
2034 304 143 402 142 31 
2035 304 288 289 57 139 
2036 304 395 211 178 179 
2037 304 239 247 168 167 
2038 304 150 151 409 39 
2039 304 184 276 277 296 
2040 304 79 184 286 78 
2041 304 382 28 277 278 
2042 304 415 363 414 379 
2043 304 247 392 254 168 
2044 304 229 61 4 167 
2045 304 382 28 29 185 
2046 304 283 106 381 105 
2047 304 197 383 409 196 
2048 304 376 408 195 194 
2049 304 136 262 398 261 
2050 304 376 384 194 205 
2051 304 151 40 409 39 
2052 304 211 212 97 177 
2053 304 28 382 29 140 
