401 802
1 7.50000000000000e-01 5.00000000000000e-01 0.00000000000000e+00
2 1.00000000000000e+00 1.00000000000000e+00 0.00000000000000e+00
3 0.00000000000000e+00 1.00000000000000e+00 0.00000000000000e+00
4 1.00000000000000e+00 0.00000000000000e+00 0.00000000000000e+00
5 0.00000000000000e+00 0.00000000000000e+00 0.00000000000000e+00
6 4.99999999999991e-02 0.00000000000000e+00 0.00000000000000e+00
7 9.99999999999983e-02 0.00000000000000e+00 0.00000000000000e+00
8 1.49999999999997e-01 0.00000000000000e+00 0.00000000000000e+00
9 1.99999999999997e-01 0.00000000000000e+00 0.00000000000000e+00
10 2.49999999999997e-01 0.00000000000000e+00 0.00000000000000e+00
11 2.99999999999997e-01 0.00000000000000e+00 0.00000000000000e+00
12 3.49999999999997e-01 0.00000000000000e+00 0.00000000000000e+00
13 3.99999999999997e-01 0.00000000000000e+00 0.00000000000000e+00
14 4.49999999999998e-01 0.00000000000000e+00 0.00000000000000e+00
15 4.99999999999998e-01 0.00000000000000e+00 0.00000000000000e+00
16 5.49999999999998e-01 0.00000000000000e+00 0.00000000000000e+00
17 5.99999999999998e-01 0.00000000000000e+00 0.00000000000000e+00
18 6.49999999999998e-01 0.00000000000000e+00 0.00000000000000e+00
19 6.99999999999999e-01 0.00000000000000e+00 0.00000000000000e+00
20 7.49999999999999e-01 0.00000000000000e+00 0.00000000000000e+00
21 7.99999999999999e-01 0.00000000000000e+00 0.00000000000000e+00
22 8.49999999999999e-01 0.00000000000000e+00 0.00000000000000e+00
23 8.99999999999999e-01 0.00000000000000e+00 0.00000000000000e+00
24 9.50000000000000e-01 0.00000000000000e+00 0.00000000000000e+00
25 0.00000000000000e+00 9.50000000000001e-01 0.00000000000000e+00
26 0.00000000000000e+00 9.00000000000002e-01 0.00000000000000e+00
27 0.00000000000000e+00 8.50000000000002e-01 0.00000000000000e+00
28 0.00000000000000e+00 8.00000000000003e-01 0.00000000000000e+00
29 0.00000000000000e+00 7.50000000000003e-01 0.00000000000000e+00
30 0.00000000000000e+00 7.00000000000003e-01 0.00000000000000e+00
31 0.00000000000000e+00 6.50000000000004e-01 0.00000000000000e+00
32 0.00000000000000e+00 6.00000000000003e-01 0.00000000000000e+00
33 0.00000000000000e+00 5.50000000000003e-01 0.00000000000000e+00
34 0.00000000000000e+00 5.00000000000003e-01 0.00000000000000e+00
35 0.00000000000000e+00 4.50000000000003e-01 0.00000000000000e+00
36 0.00000000000000e+00 4.00000000000002e-01 0.00000000000000e+00
37 0.00000000000000e+00 3.50000000000002e-01 0.00000000000000e+00
38 0.00000000000000e+00 3.00000000000002e-01 0.00000000000000e+00
39 0.00000000000000e+00 2.50000000000001e-01 0.00000000000000e+00
40 0.00000000000000e+00 2.00000000000001e-01 0.00000000000000e+00
41 0.00000000000000e+00 1.50000000000001e-01 0.00000000000000e+00
42 0.00000000000000e+00 1.00000000000001e-01 0.00000000000000e+00
43 0.00000000000000e+00 5.00000000000004e-02 0.00000000000000e+00
44 1.00000000000000e+00 4.99999999999991e-02 0.00000000000000e+00
45 1.00000000000000e+00 9.99999999999983e-02 0.00000000000000e+00
46 1.00000000000000e+00 1.49999999999997e-01 0.00000000000000e+00
47 1.00000000000000e+00 1.99999999999997e-01 0.00000000000000e+00
48 1.00000000000000e+00 2.49999999999997e-01 0.00000000000000e+00
49 1.00000000000000e+00 2.99999999999997e-01 0.00000000000000e+00
50 1.00000000000000e+00 3.49999999999997e-01 0.00000000000000e+00
51 1.00000000000000e+00 3.99999999999997e-01 0.00000000000000e+00
52 1.00000000000000e+00 4.49999999999998e-01 0.00000000000000e+00
53 1.00000000000000e+00 4.99999999999998e-01 0.00000000000000e+00
54 1.00000000000000e+00 5.49999999999998e-01 0.00000000000000e+00
55 1.00000000000000e+00 5.99999999999998e-01 0.00000000000000e+00
56 1.00000000000000e+00 6.49999999999998e-01 0.00000000000000e+00
57 1.00000000000000e+00 6.99999999999999e-01 0.00000000000000e+00
58 1.00000000000000e+00 7.49999999999999e-01 0.00000000000000e+00
59 1.00000000000000e+00 7.99999999999999e-01 0.00000000000000e+00
60 1.00000000000000e+00 8.49999999999999e-01 0.00000000000000e+00
61 1.00000000000000e+00 8.99999999999999e-01 0.00000000000000e+00
62 1.00000000000000e+00 9.50000000000000e-01 0.00000000000000e+00
63 9.50000000000001e-01 1.00000000000000e+00 0.00000000000000e+00
64 9.00000000000002e-01 1.00000000000000e+00 0.00000000000000e+00
65 8.50000000000002e-01 1.00000000000000e+00 0.00000000000000e+00
66 8.00000000000003e-01 1.00000000000000e+00 0.00000000000000e+00
67 7.50000000000003e-01 1.00000000000000e+00 0.00000000000000e+00
68 7.00000000000003e-01 1.00000000000000e+00 0.00000000000000e+00
69 6.50000000000004e-01 1.00000000000000e+00 0.00000000000000e+00
70 6.00000000000003e-01 1.00000000000000e+00 0.00000000000000e+00
71 5.50000000000003e-01 1.00000000000000e+00 0.00000000000000e+00
72 5.00000000000003e-01 1.00000000000000e+00 0.00000000000000e+00
73 4.50000000000003e-01 1.00000000000000e+00 0.00000000000000e+00
74 4.00000000000002e-01 1.00000000000000e+00 0.00000000000000e+00
75 3.50000000000002e-01 1.00000000000000e+00 0.00000000000000e+00
76 3.00000000000002e-01 1.00000000000000e+00 0.00000000000000e+00
77 2.50000000000001e-01 1.00000000000000e+00 0.00000000000000e+00
78 2.00000000000001e-01 1.00000000000000e+00 0.00000000000000e+00
79 1.50000000000001e-01 1.00000000000000e+00 0.00000000000000e+00
80 1.00000000000001e-01 1.00000000000000e+00 0.00000000000000e+00
81 5.00000000000004e-02 1.00000000000000e+00 0.00000000000000e+00
82 7.44882485313124e-01 5.50324630022165e-01 0.00000000000000e+00
83 7.29739452905058e-01 5.98588963778330e-01 0.00000000000000e+00
84 7.05190860301819e-01 6.42817053773698e-01 0.00000000000000e+00
85 6.72241729768921e-01 6.81198196807280e-01 0.00000000000000e+00
86 6.32241002581740e-01 7.12161064373688e-01 0.00000000000000e+00
87 5.86826313211205e-01 7.34438033036770e-01 0.00000000000000e+00
88 5.37856944376144e-01 7.47117081082028e-01 0.00000000000000e+00
89 4.87337707790321e-01 7.49679126792763e-01 0.00000000000000e+00
90 4.37336866935319e-01 7.42019279716551e-01 0.00000000000000e+00
91 3.89901462110591e-01 7.24451134892685e-01 0.00000000000000e+00
92 3.46973504363084e-01 6.97693934234424e-01 0.00000000000000e+00
93 3.10310469326802e-01 6.62843120680556e-01 0.00000000000000e+00
94 2.81413345963854e-01 6.21325490632770e-01 0.00000000000000e+00
95 2.61465185899988e-01 5.74840780743339e-01 0.00000000000000e+00
96 2.51282669152026e-01 5.25292080496858e-01 0.00000000000000e+00
97 2.51282669152026e-01 4.74707919503142e-01 0.00000000000000e+00
98 2.61465185899988e-01 4.25159219256660e-01 0.00000000000000e+00
99 2.81413345963855e-01 3.78674509367229e-01 0.00000000000000e+00
100 3.10310469326803e-01 3.37156879319443e-01 0.00000000000000e+00
101 3.46973504363085e-01 3.02306065765575e-01 0.00000000000000e+00
102 3.89901462110592e-01 2.75548865107314e-01 0.00000000000000e+00
103 4.37336866935321e-01 2.57980720283449e-01 0.00000000000000e+00
104 4.87337707790322e-01 2.50320873207237e-01 0.00000000000000e+00
105 5.37856944376144e-01 2.52882918917972e-01 0.00000000000000e+00
106 5.86826313211205e-01 2.65561966963230e-01 0.00000000000000e+00
107 6.32241002581741e-01 2.87838935626312e-01 0.00000000000000e+00
108 6.72241729768922e-01 3.18801803192720e-01 0.00000000000000e+00
109 7.05190860301820e-01 3.57182946226303e-01 0.00000000000000e+00
110 7.29739452905058e-01 4.01411036221671e-01 0.00000000000000e+00
111 7.44882485313124e-01 4.49675369977835e-01 0.00000000000000e+00
112 6.91887956205507e-02 4.40225318098304e-02 0.00000000000000e+00
113 1.74570699326966e-01 4.31021723547552e-02 0.00000000000000e+00
114 2.75781294338309e-01 4.36840193230510e-02 0.00000000000000e+00
115 3.75768435048609e-01 4.47961826971001e-02 0.00000000000000e+00
116 4.75988255116117e-01 4.19801775004756e-02 0.00000000000000e+00
117 5.76524630623149e-01 4.39100435075313e-02 0.00000000000000e+00
118 6.76651593985045e-01 4.39843293173157e-02 0.00000000000000e+00
119 7.75312411568094e-01 4.17336561118159e-02 0.00000000000000e+00
120 8.73659849684594e-01 4.39212720127583e-02 0.00000000000000e+00
121 4.10078731148628e-02 9.30044160340896e-01 0.00000000000000e+00
122 4.27588660226114e-02 8.27035727578854e-01 0.00000000000000e+00
123 4.51097544397639e-02 7.27256635078554e-01 0.00000000000000e+00
124 4.43719991784828e-02 6.25895626745642e-01 0.00000000000000e+00
125 4.22782697375787e-02 5.24933420672515e-01 0.00000000000000e+00
126 4.18539743542325e-02 4.24802831890425e-01 0.00000000000000e+00
127 4.30597208157256e-02 3.25322311415417e-01 0.00000000000000e+00
128 4.34047361189562e-02 2.26077369561435e-01 0.00000000000000e+00
129 4.47100653473438e-02 1.26880568117643e-01 0.00000000000000e+00
130 9.55952383689581e-01 6.92640775573385e-02 0.00000000000000e+00
131 9.55746494888669e-01 1.75086407354671e-01 0.00000000000000e+00
132 9.57143058311581e-01 2.75405390101307e-01 0.00000000000000e+00
133 9.56998919080619e-01 3.74698352453225e-01 0.00000000000000e+00
134 9.57616222565060e-01 4.74598350853985e-01 0.00000000000000e+00
135 9.56768681776079e-01 5.75002852449190e-01 0.00000000000000e+00
136 9.52301636557185e-01 6.75666912485835e-01 0.00000000000000e+00
137 9.55343839538001e-01 7.75542942268203e-01 0.00000000000000e+00
138 9.53397826677482e-01 8.74065226934683e-01 0.00000000000000e+00
139 9.30464855491765e-01 9.56647064172485e-01 0.00000000000000e+00
140 8.26815250153082e-01 9.57894521339574e-01 0.00000000000000e+00
141 7.26729601956626e-01 9.57410955444487e-01 0.00000000000000e+00
142 6.26242595708350e-01 9.57165809086146e-01 0.00000000000000e+00
143 5.26205813368464e-01 9.57563073960079e-01 0.00000000000000e+00
144 4.25219302523706e-01 9.56445825687461e-01 0.00000000000000e+00
145 3.24389849000554e-01 9.53383836462516e-01 0.00000000000000e+00
146 2.24791837274254e-01 9.55415652878661e-01 0.00000000000000e+00
147 1.29969287944248e-01 9.60067170631907e-01 0.00000000000000e+00
148 8.32163042468381e-02 9.53575985688378e-01 0.00000000000000e+00
149 7.88540457771461e-01 5.28994404825129e-01 0.00000000000000e+00
150 7.78050062753684e-01 5.86439679727779e-01 0.00000000000000e+00
151 7.55080557554466e-01 6.40032557626113e-01 0.00000000000000e+00
152 7.21585658976700e-01 6.86987492351744e-01 0.00000000000000e+00
153 6.78951514322597e-01 7.27186778462455e-01 0.00000000000000e+00
154 6.29185465169810e-01 7.60468177482012e-01 0.00000000000000e+00
155 5.73326132537301e-01 7.81159670248752e-01 0.00000000000000e+00
156 5.13808408101029e-01 7.89459362098143e-01 0.00000000000000e+00
157 4.55099002326248e-01 7.86841711597696e-01 0.00000000000000e+00
158 3.97291639586871e-01 7.72860736860882e-01 0.00000000000000e+00
159 3.44963859607820e-01 7.46521259156292e-01 0.00000000000000e+00
160 3.00200097966814e-01 7.08422816200784e-01 0.00000000000000e+00
161 2.63983871679506e-01 6.64672809044270e-01 0.00000000000000e+00
162 2.34834839951398e-01 6.15070543089434e-01 0.00000000000000e+00
163 2.16780553525511e-01 5.60624546756026e-01 0.00000000000000e+00
164 2.10001920303846e-01 5.02096985234273e-01 0.00000000000000e+00
165 2.14319014980136e-01 4.42950789144559e-01 0.00000000000000e+00
166 2.32635915807954e-01 3.86935673277417e-01 0.00000000000000e+00
167 2.59894874976297e-01 3.34337855952323e-01 0.00000000000000e+00
168 2.96324886765644e-01 2.88820958106987e-01 0.00000000000000e+00
169 3.44036517426748e-01 2.51536752789676e-01 0.00000000000000e+00
170 3.97481485531206e-01 2.26424504705225e-01 0.00000000000000e+00
171 4.55116104179329e-01 2.13038916697843e-01 0.00000000000000e+00
172 5.13284157065928e-01 2.10697903656298e-01 0.00000000000000e+00
173 5.71540931461012e-01 2.19292524619282e-01 0.00000000000000e+00
174 6.26238967983660e-01 2.39712501332591e-01 0.00000000000000e+00
175 6.75856475292251e-01 2.71461526836381e-01 0.00000000000000e+00
176 7.18223866858791e-01 3.10888972209314e-01 0.00000000000000e+00
177 7.52381728829269e-01 3.58284150867695e-01 0.00000000000000e+00
178 7.76972123236622e-01 4.11818254320782e-01 0.00000000000000e+00
179 7.88339248497942e-01 4.69552444837512e-01 0.00000000000000e+00
180 1.22332769423671e-01 4.53021244845659e-02 0.00000000000000e+00
181 2.25503944778396e-01 4.26495800418566e-02 0.00000000000000e+00
182 3.25784300504341e-01 4.48463253218694e-02 0.00000000000000e+00
183 4.25693332487246e-01 4.32210252145921e-02 0.00000000000000e+00
184 5.26362258621257e-01 4.25555326891259e-02 0.00000000000000e+00
185 6.26771630056405e-01 4.43951220513689e-02 0.00000000000000e+00
186 7.26036647617770e-01 4.28219528958120e-02 0.00000000000000e+00
187 8.24918564154039e-01 4.20613662295022e-02 0.00000000000000e+00
188 9.17865126873275e-01 4.20113400616702e-02 0.00000000000000e+00
189 4.06362177544494e-02 8.76971571595912e-01 0.00000000000000e+00
190 4.45208972399010e-02 7.77292552454861e-01 0.00000000000000e+00
191 4.48319332010522e-02 6.76694420016136e-01 0.00000000000000e+00
192 4.36679959419408e-02 5.75222848358645e-01 0.00000000000000e+00
193 4.13957745334081e-02 4.74708281519928e-01 0.00000000000000e+00
194 4.26707800176040e-02 3.75181628984647e-01 0.00000000000000e+00
195 4.33725273472787e-02 2.75619679917320e-01 0.00000000000000e+00
196 4.36805657871968e-02 1.76227535251390e-01 0.00000000000000e+00
197 4.21802742069809e-02 8.22908602490919e-02 0.00000000000000e+00
198 9.54083775783745e-01 1.22737806250017e-01 0.00000000000000e+00
199 9.56534841336167e-01 2.25702025949768e-01 0.00000000000000e+00
200 9.57167972608168e-01 3.25157847722311e-01 0.00000000000000e+00
201 9.57378864399376e-01 4.24428119341769e-01 0.00000000000000e+00
202 9.57574863797779e-01 5.24567403011442e-01 0.00000000000000e+00
203 9.54275833971848e-01 6.25555030438007e-01 0.00000000000000e+00
204 9.53571814971751e-01 7.25482228732752e-01 0.00000000000000e+00
205 9.54739512950607e-01 8.25574545414967e-01 0.00000000000000e+00
206 9.56919537950346e-01 9.18251682940309e-01 0.00000000000000e+00
207 8.78313809818075e-01 9.57054087034336e-01 0.00000000000000e+00
208 7.77063535967279e-01 9.56411650356321e-01 0.00000000000000e+00
209 6.76313944388622e-01 9.58019017587981e-01 0.00000000000000e+00
210 5.76362838974374e-01 9.56627720383422e-01 0.00000000000000e+00
211 4.75750743983536e-01 9.57940168897221e-01 0.00000000000000e+00
212 3.74846216174642e-01 9.54298877053847e-01 0.00000000000000e+00
213 2.74193480674291e-01 9.53831048312680e-01 0.00000000000000e+00
214 1.76782297292417e-01 9.57772222171187e-01 0.00000000000000e+00
215 8.53008054121047e-01 9.19701539974609e-01 0.00000000000000e+00
216 3.01070338251264e-01 8.90650156092715e-02 0.00000000000000e+00
217 9.01843457116686e-02 7.04724461669061e-01 0.00000000000000e+00
218 4.02393909801003e-01 8.88980294558348e-02 0.00000000000000e+00
219 2.01315198874484e-01 8.42689897397429e-02 0.00000000000000e+00
220 5.02185264532752e-01 8.31261598483689e-02 0.00000000000000e+00
221 6.03396400472581e-01 8.89050121648236e-02 0.00000000000000e+00
222 7.03908243844112e-01 8.74580975669662e-02 0.00000000000000e+00
223 8.00112673021696e-01 8.22804144574616e-02 0.00000000000000e+00
224 9.04554738536727e-01 9.28635584355030e-02 0.00000000000000e+00
225 8.79475344132416e-02 8.05541329370560e-01 0.00000000000000e+00
226 2.51136291355523e-01 8.57452879821730e-02 0.00000000000000e+00
227 8.64474515261386e-02 5.49041590019449e-01 0.00000000000000e+00
228 8.34598094298145e-02 8.54141019480755e-01 0.00000000000000e+00
229 8.81788782428982e-02 6.00594350317056e-01 0.00000000000000e+00
230 9.05938149347391e-02 7.55554882039989e-01 0.00000000000000e+00
231 8.24843187348943e-02 4.49324590282007e-01 0.00000000000000e+00
232 8.56885877415575e-02 3.50728507997259e-01 0.00000000000000e+00
233 8.73027349850751e-02 2.51759965752280e-01 0.00000000000000e+00
234 8.75384608298566e-02 1.51856576859197e-01 0.00000000000000e+00
235 9.12675607015284e-01 2.02683657698108e-01 0.00000000000000e+00
236 9.11231762425863e-01 1.51017962129989e-01 0.00000000000000e+00
237 8.29489528293315e-01 5.65863707391786e-01 0.00000000000000e+00
238 5.52220889347656e-01 9.13412289433348e-01 0.00000000000000e+00
239 9.15175510254841e-01 3.00340881744265e-01 0.00000000000000e+00
240 9.13884553429775e-01 3.98555320818703e-01 0.00000000000000e+00
241 9.14803950694947e-01 4.99045426044762e-01 0.00000000000000e+00
242 9.12264540205008e-01 5.99542883263663e-01 0.00000000000000e+00
243 9.03093876815327e-01 7.02485575471680e-01 0.00000000000000e+00
244 9.12386951678737e-01 8.01517114678502e-01 0.00000000000000e+00
245 9.04126969781415e-01 9.06171554679226e-01 0.00000000000000e+00
246 4.51592109314191e-01 9.15830929039935e-01 0.00000000000000e+00
247 1.49920551811887e-01 8.69410332027358e-02 0.00000000000000e+00
248 9.29468494918650e-02 9.54564252950398e-02 0.00000000000000e+00
249 6.03401727948203e-01 9.12583944113174e-01 0.00000000000000e+00
250 7.53489886114637e-01 9.12769162037333e-01 0.00000000000000e+00
251 5.02019278027140e-01 9.16894891985172e-01 0.00000000000000e+00
252 6.52813204573891e-01 9.15832233218747e-01 0.00000000000000e+00
253 3.49357142982563e-01 9.06669809210798e-01 0.00000000000000e+00
254 2.46726662735118e-01 9.08517710942818e-01 0.00000000000000e+00
255 1.53254371016129e-01 9.17305080085526e-01 0.00000000000000e+00
256 4.52028869113283e-01 8.39226345856283e-02 0.00000000000000e+00
257 8.89216145522077e-02 6.52727193267283e-01 0.00000000000000e+00
258 8.08704862986596e-01 6.31187751666205e-01 0.00000000000000e+00
259 3.51503090409453e-01 9.09288374301297e-02 0.00000000000000e+00
260 7.77593546969122e-01 6.88183255122694e-01 0.00000000000000e+00
261 7.32139674811220e-01 7.35743089128504e-01 0.00000000000000e+00
262 6.80840685461362e-01 7.77484314893254e-01 0.00000000000000e+00
263 6.18820692015488e-01 8.16593874478023e-01 0.00000000000000e+00
264 5.48618955507523e-01 8.27122990723248e-01 0.00000000000000e+00
265 4.80864029904261e-01 8.33659287939338e-01 0.00000000000000e+00
266 4.14608508419121e-01 8.21894940840007e-01 0.00000000000000e+00
267 3.47152695398198e-01 8.04712894649524e-01 0.00000000000000e+00
268 2.93007315251433e-01 7.58384163046809e-01 0.00000000000000e+00
269 2.48627605317100e-01 7.12499637659445e-01 0.00000000000000e+00
270 2.15568271112141e-01 6.62147902525338e-01 0.00000000000000e+00
271 1.81927498907588e-01 6.04455210299922e-01 0.00000000000000e+00
272 1.71994236799660e-01 5.38995899062798e-01 0.00000000000000e+00
273 1.65844214121390e-01 4.72314598728527e-01 0.00000000000000e+00
274 1.78373986539163e-01 4.00421910341454e-01 0.00000000000000e+00
275 2.09490515263945e-01 3.42276236018839e-01 0.00000000000000e+00
276 2.34723982222609e-01 2.81051275684876e-01 0.00000000000000e+00
277 2.90096390953894e-01 2.34991485930637e-01 0.00000000000000e+00
278 3.48798492044274e-01 1.92298901644758e-01 0.00000000000000e+00
279 4.15203862676837e-01 1.77441826236873e-01 0.00000000000000e+00
280 4.80788378759355e-01 1.66301805286040e-01 0.00000000000000e+00
281 5.47224884951704e-01 1.73274270376638e-01 0.00000000000000e+00
282 6.12827154729990e-01 1.84916265414790e-01 0.00000000000000e+00
283 6.73495509360731e-01 2.20946264942488e-01 0.00000000000000e+00
284 7.25250566508614e-01 2.58432820571277e-01 0.00000000000000e+00
285 7.69177109762395e-01 3.08582639171361e-01 0.00000000000000e+00
286 8.04268992534681e-01 3.64314212732376e-01 0.00000000000000e+00
287 8.28738098092037e-01 4.30506783399872e-01 0.00000000000000e+00
288 8.29938805947412e-01 4.98775429835812e-01 0.00000000000000e+00
289 7.02687525864504e-01 9.16898575600639e-01 0.00000000000000e+00
290 8.05482897259899e-01 9.11979745151175e-01 0.00000000000000e+00
291 5.52153790092083e-01 8.70095697521526e-02 0.00000000000000e+00
292 6.54353165336473e-01 8.89294139350868e-02 0.00000000000000e+00
293 7.51771751636599e-01 8.43136180927377e-02 0.00000000000000e+00
294 8.49724568550997e-01 8.54551450027681e-02 0.00000000000000e+00
295 8.64946024607693e-02 2.02715784233537e-01 0.00000000000000e+00
296 8.25465333392268e-02 4.99108018471012e-01 0.00000000000000e+00
297 7.87868708301319e-02 9.02212725500270e-01 0.00000000000000e+00
298 8.51958574725756e-02 4.00643186479807e-01 0.00000000000000e+00
299 8.65884028678239e-02 3.00833671185404e-01 0.00000000000000e+00
300 9.13345523370583e-01 2.51678282168029e-01 0.00000000000000e+00
301 9.13442537773015e-01 3.49942155726901e-01 0.00000000000000e+00
302 9.15774431050699e-01 4.49148605114902e-01 0.00000000000000e+00
303 9.15765188952975e-01 5.48858530209828e-01 0.00000000000000e+00
304 9.04104386953086e-01 6.50609242497338e-01 0.00000000000000e+00
305 9.10340121625625e-01 7.51768561356415e-01 0.00000000000000e+00
306 9.06312205087037e-01 8.51521407758254e-01 0.00000000000000e+00
307 4.01357833225711e-01 9.10210395620935e-01 0.00000000000000e+00
308 2.97450965454951e-01 9.06328454702581e-01 0.00000000000000e+00
309 1.98261018530697e-01 9.12284955957746e-01 0.00000000000000e+00
310 1.13210885574523e-01 9.22855799145892e-01 0.00000000000000e+00
311 7.92848205228045e-01 7.44889888810131e-01 0.00000000000000e+00
312 1.32176955089545e-01 2.76874041716323e-01 0.00000000000000e+00
313 1.18727173119525e-01 4.73459111406171e-01 0.00000000000000e+00
314 8.67492754058454e-01 1.31752876056553e-01 0.00000000000000e+00
315 7.77105960378691e-01 1.22250653985720e-01 0.00000000000000e+00
316 6.32427925137761e-01 1.34133153317880e-01 0.00000000000000e+00
317 7.31946254020006e-01 1.31019737804844e-01 0.00000000000000e+00
318 6.84995796500995e-01 1.33382449850989e-01 0.00000000000000e+00
319 8.43886421157497e-01 6.80633063182166e-01 0.00000000000000e+00
320 8.61305962043687e-01 6.18343954963208e-01 0.00000000000000e+00
321 5.24392152680423e-01 1.28326162338036e-01 0.00000000000000e+00
322 1.29499404924450e-01 8.35827999592707e-01 0.00000000000000e+00
323 1.32227192504800e-01 5.73413157626666e-01 0.00000000000000e+00
324 8.48604782885214e-01 8.71868796538906e-01 0.00000000000000e+00
325 1.28227527432575e-01 3.25749827130297e-01 0.00000000000000e+00
326 1.28212235018435e-01 3.76796025031412e-01 0.00000000000000e+00
327 1.27578591357141e-01 1.81146462705819e-01 0.00000000000000e+00
328 1.27568739878686e-01 5.19149091894644e-01 0.00000000000000e+00
329 1.66976025283326e-01 8.71556323500002e-01 0.00000000000000e+00
330 1.31983513852547e-01 1.32186635116478e-01 0.00000000000000e+00
331 8.70983562128268e-01 2.77943035278779e-01 0.00000000000000e+00
332 8.60672535347322e-01 3.72363338088389e-01 0.00000000000000e+00
333 8.71847026311782e-01 4.72070557189597e-01 0.00000000000000e+00
334 8.77034802003845e-01 5.71884545483861e-01 0.00000000000000e+00
335 8.74884600581898e-01 7.78471221852675e-01 0.00000000000000e+00
336 7.24946477713821e-01 8.72942249014706e-01 0.00000000000000e+00
337 3.20820665679305e-01 8.57246731054791e-01 0.00000000000000e+00
338 4.78180507347552e-01 8.80274188954535e-01 0.00000000000000e+00
339 5.79965266074185e-01 8.67424817748680e-01 0.00000000000000e+00
340 4.32961789858722e-01 1.30491501537308e-01 0.00000000000000e+00
341 6.34582141823837e-01 8.68087198207071e-01 0.00000000000000e+00
342 3.77407683886377e-01 8.60934568362360e-01 0.00000000000000e+00
343 8.66040397154390e-01 8.21292071611802e-01 0.00000000000000e+00
344 8.67943794820331e-01 2.29007264217707e-01 0.00000000000000e+00
345 1.32246026724231e-01 6.27611882345425e-01 0.00000000000000e+00
346 5.24773653464370e-01 8.71846265346530e-01 0.00000000000000e+00
347 6.79721800558763e-01 8.79596428537240e-01 0.00000000000000e+00
348 1.31561757001282e-01 2.28614982834671e-01 0.00000000000000e+00
349 1.28747405569112e-01 4.27690991877287e-01 0.00000000000000e+00
350 7.35191304652502e-01 7.86153188523786e-01 0.00000000000000e+00
351 6.86843889076969e-01 8.30798897507715e-01 0.00000000000000e+00
352 2.83200290056570e-01 8.09786001019230e-01 0.00000000000000e+00
353 2.38368907015908e-01 7.63596298981070e-01 0.00000000000000e+00
354 1.89646065974372e-01 7.12228782032980e-01 0.00000000000000e+00
355 1.70512821423944e-01 6.57427529089209e-01 0.00000000000000e+00
356 1.76117486572703e-01 3.03552918401843e-01 0.00000000000000e+00
357 2.32314907348613e-01 2.15234741063075e-01 0.00000000000000e+00
358 2.89156066498065e-01 1.81504182406178e-01 0.00000000000000e+00
359 3.79038006630909e-01 1.37333297954494e-01 0.00000000000000e+00
360 5.78649550020542e-01 1.33382983504526e-01 0.00000000000000e+00
361 6.65443006785106e-01 1.73657307367192e-01 0.00000000000000e+00
362 7.26128146305358e-01 1.94875915341938e-01 0.00000000000000e+00
363 7.80287019061365e-01 2.54754226339112e-01 0.00000000000000e+00
364 8.25182106310692e-01 3.09247586709384e-01 0.00000000000000e+00
365 7.81840954473688e-01 8.63524224498025e-01 0.00000000000000e+00
366 2.15224103649540e-01 8.64633881642627e-01 0.00000000000000e+00
367 8.69642510633443e-01 1.82696431667100e-01 0.00000000000000e+00
368 8.22075992810714e-01 1.21733382076472e-01 0.00000000000000e+00
369 4.32390525531847e-01 8.69102149151145e-01 0.00000000000000e+00
370 8.57454657732246e-01 7.36586773046870e-01 0.00000000000000e+00
371 2.26497600945137e-01 1.25714387849994e-01 0.00000000000000e+00
372 1.21437087933119e-01 8.81885782072092e-01 0.00000000000000e+00
373 1.38280408261548e-01 7.34714321984962e-01 0.00000000000000e+00
374 8.72031557721983e-01 5.25066575601326e-01 0.00000000000000e+00
375 1.35647853672508e-01 7.86532055023377e-01 0.00000000000000e+00
376 8.75606321492379e-01 3.23160535157152e-01 0.00000000000000e+00
377 8.76745698288755e-01 4.24085980363900e-01 0.00000000000000e+00
378 3.24834912517206e-01 1.37964998912184e-01 0.00000000000000e+00
379 2.66228886141697e-01 8.60035059515454e-01 0.00000000000000e+00
380 1.64870584341345e-01 3.50208524398521e-01 0.00000000000000e+00
381 1.33568372214389e-01 6.82101256634807e-01 0.00000000000000e+00
382 4.78355462292594e-01 1.19616722822566e-01 0.00000000000000e+00
383 1.80202113661008e-01 1.24922230255161e-01 0.00000000000000e+00
384 2.74701755276689e-01 1.30573930886046e-01 0.00000000000000e+00
385 8.29526803417217e-01 2.55439412521719e-01 0.00000000000000e+00
386 7.82322209293506e-01 8.05130505193887e-01 0.00000000000000e+00
387 2.28701212911660e-01 8.15114723503192e-01 0.00000000000000e+00
388 8.30216056001430e-01 7.84176867512746e-01 0.00000000000000e+00
389 7.63985531241273e-01 1.65097172060889e-01 0.00000000000000e+00
390 1.63511227191471e-01 1.62022166185614e-01 0.00000000000000e+00
391 1.81379941819834e-01 2.52164471915425e-01 0.00000000000000e+00
392 1.77981472298091e-01 8.23194167040394e-01 0.00000000000000e+00
393 1.74088097665120e-01 2.03761559433784e-01 0.00000000000000e+00
394 2.46475856660607e-01 1.65481217482098e-01 0.00000000000000e+00
395 1.85569705554551e-01 7.71389466163574e-01 0.00000000000000e+00
396 2.04510139942515e-01 1.67409417517468e-01 0.00000000000000e+00
397 7.41911568405930e-01 8.31546511739475e-01 0.00000000000000e+00
398 8.35295017743940e-01 1.61450433584700e-01 0.00000000000000e+00
399 8.21101459862959e-01 8.30206785308846e-01 0.00000000000000e+00
400 8.08699137763789e-01 2.05356631314855e-01 0.00000000000000e+00
401 8.00022415872326e-01 1.56166721205161e-01 0.00000000000000e+00
1 102 5 6 
2 102 6 7 
3 102 7 8 
4 102 8 9 
5 102 9 10 
6 102 10 11 
7 102 11 12 
8 102 12 13 
9 102 13 14 
10 102 14 15 
11 102 15 16 
12 102 16 17 
13 102 17 18 
14 102 18 19 
15 102 19 20 
16 102 20 21 
17 102 21 22 
18 102 22 23 
19 102 23 24 
20 102 24 4 
21 102 3 25 
22 102 25 26 
23 102 26 27 
24 102 27 28 
25 102 28 29 
26 102 29 30 
27 102 30 31 
28 102 31 32 
29 102 32 33 
30 102 33 34 
31 102 34 35 
32 102 35 36 
33 102 36 37 
34 102 37 38 
35 102 38 39 
36 102 39 40 
37 102 40 41 
38 102 41 42 
39 102 42 43 
40 102 43 5 
41 102 4 44 
42 102 44 45 
43 102 45 46 
44 102 46 47 
45 102 47 48 
46 102 48 49 
47 102 49 50 
48 102 50 51 
49 102 51 52 
50 102 52 53 
51 102 53 54 
52 102 54 55 
53 102 55 56 
54 102 56 57 
55 102 57 58 
56 102 58 59 
57 102 59 60 
58 102 60 61 
59 102 61 62 
60 102 62 2 
61 102 2 63 
62 102 63 64 
63 102 64 65 
64 102 65 66 
65 102 66 67 
66 102 67 68 
67 102 68 69 
68 102 69 70 
69 102 70 71 
70 102 71 72 
71 102 72 73 
72 102 73 74 
73 102 74 75 
74 102 75 76 
75 102 76 77 
76 102 77 78 
77 102 78 79 
78 102 79 80 
79 102 80 81 
80 102 81 3 
81 102 82 1 
82 102 83 82 
83 102 84 83 
84 102 85 84 
85 102 86 85 
86 102 87 86 
87 102 88 87 
88 102 89 88 
89 102 90 89 
90 102 91 90 
91 102 92 91 
92 102 93 92 
93 102 94 93 
94 102 95 94 
95 102 96 95 
96 102 97 96 
97 102 98 97 
98 102 99 98 
99 102 100 99 
100 102 101 100 
101 102 102 101 
102 102 103 102 
103 102 104 103 
104 102 105 104 
105 102 106 105 
106 102 107 106 
107 102 108 107 
108 102 109 108 
109 102 110 109 
110 102 111 110 
111 102 1 111 
112 203 5 6 43 
113 203 6 7 112 
114 203 8 9 113 
115 203 10 11 114 
116 203 12 13 115 
117 203 14 15 116 
118 203 16 17 117 
119 203 18 19 118 
120 203 20 21 119 
121 203 22 23 120 
122 203 24 4 44 
123 203 3 25 81 
124 203 25 26 121 
125 203 27 28 122 
126 203 29 30 123 
127 203 31 32 124 
128 203 33 34 125 
129 203 35 36 126 
130 203 37 38 127 
131 203 39 40 128 
132 203 41 42 129 
133 203 81 25 121 
134 203 44 45 130 
135 203 46 47 131 
136 203 48 49 132 
137 203 50 51 133 
138 203 52 53 134 
139 203 54 55 135 
140 203 56 57 136 
141 203 58 59 137 
142 203 60 61 138 
143 203 62 2 63 
144 203 63 64 139 
145 203 65 66 140 
146 203 67 68 141 
147 203 69 70 142 
148 203 71 72 143 
149 203 73 74 144 
150 203 75 76 145 
151 203 77 78 146 
152 203 79 80 147 
153 203 80 81 148 
154 203 147 80 148 
155 203 81 121 148 
156 203 82 1 149 
157 203 83 82 150 
158 203 84 83 151 
159 203 85 84 152 
160 203 86 85 153 
161 203 87 86 154 
162 203 88 87 155 
163 203 89 88 156 
164 203 90 89 157 
165 203 91 90 158 
166 203 92 91 159 
167 203 93 92 160 
168 203 94 93 161 
169 203 95 94 162 
170 203 96 95 163 
171 203 97 96 164 
172 203 98 97 165 
173 203 99 98 166 
174 203 100 99 167 
175 203 101 100 168 
176 203 102 101 169 
177 203 103 102 170 
178 203 104 103 171 
179 203 105 104 172 
180 203 106 105 173 
181 203 107 106 174 
182 203 108 107 175 
183 203 109 108 176 
184 203 110 109 177 
185 203 111 110 178 
186 203 1 111 179 
187 203 43 6 112 
188 203 24 44 130 
189 203 62 63 139 
190 203 7 8 180 
191 203 9 10 181 
192 203 11 12 182 
193 203 13 14 183 
194 203 15 16 184 
195 203 17 18 185 
196 203 19 20 186 
197 203 21 22 187 
198 203 181 10 114 
199 203 23 24 188 
200 203 121 26 189 
201 203 26 27 189 
202 203 27 122 189 
203 203 28 29 190 
204 203 30 31 191 
205 203 32 33 192 
206 203 34 35 193 
207 203 36 37 194 
208 203 38 39 195 
209 203 40 41 196 
210 203 82 149 150 
211 203 42 43 197 
212 203 45 46 198 
213 203 47 48 199 
214 203 49 50 200 
215 203 51 52 201 
216 203 53 54 202 
217 203 55 56 203 
218 203 57 58 204 
219 203 59 60 205 
220 203 180 8 113 
221 203 61 62 206 
222 203 139 64 207 
223 203 64 65 207 
224 203 7 180 112 
225 203 65 140 207 
226 203 66 67 208 
227 203 68 69 209 
228 203 70 71 210 
229 203 72 73 211 
230 203 74 75 212 
231 203 76 77 213 
232 203 78 79 214 
233 203 42 197 129 
234 203 83 150 151 
235 203 84 151 152 
236 203 85 152 153 
237 203 86 153 154 
238 203 87 154 155 
239 203 88 155 156 
240 203 89 156 157 
241 203 90 157 158 
242 203 91 158 159 
243 203 92 159 160 
244 203 93 160 161 
245 203 94 161 162 
246 203 95 162 163 
247 203 96 163 164 
248 203 97 164 165 
249 203 98 165 166 
250 203 99 166 167 
251 203 100 167 168 
252 203 101 168 169 
253 203 102 169 170 
254 203 103 170 171 
255 203 104 171 172 
256 203 105 172 173 
257 203 106 173 174 
258 203 107 174 175 
259 203 108 175 176 
260 203 109 176 177 
261 203 110 177 178 
262 203 111 178 179 
263 203 1 179 149 
264 203 182 12 115 
265 203 113 9 181 
266 203 114 11 182 
267 203 115 13 183 
268 203 116 15 184 
269 203 117 17 185 
270 203 118 19 186 
271 203 119 21 187 
272 203 120 23 188 
273 203 123 30 191 
274 203 124 32 192 
275 203 125 34 193 
276 203 126 36 194 
277 203 127 38 195 
278 203 128 40 196 
279 203 131 47 199 
280 203 132 49 200 
281 203 133 51 201 
282 203 134 53 202 
283 203 135 55 203 
284 203 136 57 204 
285 203 137 59 205 
286 203 138 61 206 
287 203 140 66 208 
288 203 141 68 209 
289 203 142 70 210 
290 203 143 72 211 
291 203 144 74 212 
292 203 145 76 213 
293 203 146 78 214 
294 203 183 14 116 
295 203 184 16 117 
296 203 185 18 118 
297 203 186 20 119 
298 203 187 22 120 
299 203 28 190 122 
300 203 192 33 125 
301 203 193 35 126 
302 203 194 37 127 
303 203 195 39 128 
304 203 196 41 129 
305 203 198 46 131 
306 203 199 48 132 
307 203 200 50 133 
308 203 201 52 134 
309 203 202 54 135 
310 203 203 56 136 
311 203 204 58 137 
312 203 205 60 138 
313 203 211 73 144 
314 203 212 75 145 
315 203 213 77 146 
316 203 214 79 147 
317 203 191 31 124 
318 203 190 29 123 
319 203 45 198 130 
320 203 210 71 143 
321 203 209 69 142 
322 203 208 67 141 
323 203 207 140 215 
324 203 114 182 216 
325 203 123 191 217 
326 203 115 183 218 
327 203 113 181 219 
328 203 116 184 220 
329 203 117 185 221 
330 203 118 186 222 
331 203 119 187 223 
332 203 120 188 224 
333 203 122 190 225 
334 203 181 114 226 
335 203 219 181 226 
336 203 114 216 226 
337 203 188 24 130 
338 203 192 125 227 
339 203 189 122 228 
340 203 122 225 228 
341 203 124 192 229 
342 203 192 227 229 
343 203 190 123 230 
344 203 225 190 230 
345 203 123 217 230 
346 203 193 126 231 
347 203 194 127 232 
348 203 195 128 233 
349 203 196 129 234 
350 203 131 199 235 
351 203 198 131 236 
352 203 131 235 236 
353 203 150 149 237 
354 203 197 43 112 
355 203 210 143 238 
356 203 132 200 239 
357 203 133 201 240 
358 203 134 202 241 
359 203 135 203 242 
360 203 136 204 243 
361 203 137 205 244 
362 203 138 206 245 
363 203 211 144 246 
364 203 180 113 247 
365 203 113 219 247 
366 203 206 62 139 
367 203 112 180 248 
368 203 180 247 248 
369 203 142 210 249 
370 203 210 238 249 
371 203 208 141 250 
372 203 143 211 251 
373 203 211 246 251 
374 203 209 142 252 
375 203 142 249 252 
376 203 212 145 253 
377 203 213 146 254 
378 203 214 147 255 
379 203 183 116 256 
380 203 116 220 256 
381 203 191 124 257 
382 203 124 229 257 
383 203 151 150 258 
384 203 182 115 259 
385 203 115 218 259 
386 203 152 151 260 
387 203 153 152 261 
388 203 154 153 262 
389 203 155 154 263 
390 203 156 155 264 
391 203 157 156 265 
392 203 158 157 266 
393 203 159 158 267 
394 203 160 159 268 
395 203 161 160 269 
396 203 162 161 270 
397 203 163 162 271 
398 203 164 163 272 
399 203 165 164 273 
400 203 166 165 274 
401 203 167 166 275 
402 203 168 167 276 
403 203 169 168 277 
404 203 170 169 278 
405 203 171 170 279 
406 203 172 171 280 
407 203 173 172 281 
408 203 174 173 282 
409 203 175 174 283 
410 203 176 175 284 
411 203 177 176 285 
412 203 178 177 286 
413 203 179 178 287 
414 203 149 179 288 
415 203 141 209 289 
416 203 209 252 289 
417 203 188 130 224 
418 203 206 139 245 
419 203 197 112 248 
420 203 140 208 290 
421 203 152 260 261 
422 203 191 257 217 
423 203 184 117 291 
424 203 185 118 292 
425 203 186 119 293 
426 203 187 120 294 
427 203 151 258 260 
428 203 233 128 295 
429 203 128 196 295 
430 203 227 125 296 
431 203 125 193 296 
432 203 121 189 297 
433 203 189 228 297 
434 203 220 184 291 
435 203 130 198 224 
436 203 121 297 148 
437 203 126 194 298 
438 203 127 195 299 
439 203 196 234 295 
440 203 150 237 258 
441 203 198 236 224 
442 203 237 149 288 
443 203 290 208 250 
444 203 238 143 251 
445 203 218 183 256 
446 203 199 132 300 
447 203 200 133 301 
448 203 201 134 302 
449 203 202 135 303 
450 203 203 136 304 
451 203 204 137 305 
452 203 205 138 306 
453 203 139 207 245 
454 203 216 182 259 
455 203 215 140 290 
456 203 207 215 245 
457 203 250 141 289 
458 203 144 212 307 
459 203 145 213 308 
460 203 146 214 309 
461 203 199 300 235 
462 203 129 197 248 
463 203 147 148 310 
464 203 255 147 310 
465 203 148 297 310 
466 203 288 179 287 
467 203 287 178 286 
468 203 286 177 285 
469 203 285 176 284 
470 203 284 175 283 
471 203 283 174 282 
472 203 282 173 281 
473 203 281 172 280 
474 203 280 171 279 
475 203 279 170 278 
476 203 278 169 277 
477 203 277 168 276 
478 203 276 167 275 
479 203 275 166 274 
480 203 274 165 273 
481 203 273 164 272 
482 203 272 163 271 
483 203 271 162 270 
484 203 270 161 269 
485 203 269 160 268 
486 203 268 159 267 
487 203 267 158 266 
488 203 266 157 265 
489 203 265 156 264 
490 203 264 155 263 
491 203 263 154 262 
492 203 262 153 261 
493 203 126 298 231 
494 203 144 307 246 
495 203 254 146 309 
496 203 244 205 306 
497 203 243 204 305 
498 203 242 203 304 
499 203 241 202 303 
500 203 240 201 302 
501 203 239 200 301 
502 203 129 248 234 
503 203 223 187 294 
504 203 222 186 293 
505 203 221 185 292 
506 203 294 120 224 
507 203 292 118 222 
508 203 293 119 223 
509 203 291 117 221 
510 203 296 193 231 
511 203 299 195 233 
512 203 298 194 232 
513 203 127 299 232 
514 203 306 138 245 
515 203 305 137 244 
516 203 304 136 243 
517 203 303 135 242 
518 203 302 134 241 
519 203 301 133 240 
520 203 300 132 239 
521 203 309 214 255 
522 203 308 213 254 
523 203 307 212 253 
524 203 145 308 253 
525 203 261 260 311 
526 203 299 233 312 
527 203 296 231 313 
528 203 294 224 314 
529 203 224 236 314 
530 203 293 223 315 
531 203 221 292 316 
532 203 222 293 317 
533 203 293 315 317 
534 203 292 222 318 
535 203 222 317 318 
536 203 260 258 319 
537 203 258 237 320 
538 203 220 291 321 
539 203 228 225 322 
540 203 229 227 323 
541 203 306 245 324 
542 203 245 215 324 
543 203 232 299 325 
544 203 299 312 325 
545 203 298 232 326 
546 203 232 325 326 
547 203 295 234 327 
548 203 227 296 328 
549 203 323 227 328 
550 203 296 313 328 
551 203 309 255 329 
552 203 234 248 330 
553 203 327 234 330 
554 203 248 247 330 
555 203 300 239 331 
556 203 301 240 332 
557 203 302 241 333 
558 203 303 242 334 
559 203 242 304 320 
560 203 304 243 319 
561 203 305 244 335 
562 203 250 289 336 
563 203 288 287 333 
564 203 253 308 337 
565 203 251 246 338 
566 203 249 238 339 
567 203 218 256 340 
568 203 252 249 341 
569 203 249 339 341 
570 203 307 253 342 
571 203 253 337 342 
572 203 244 306 343 
573 203 335 244 343 
574 203 306 324 343 
575 203 235 300 344 
576 203 300 331 344 
577 203 257 229 345 
578 203 229 323 345 
579 203 238 251 346 
580 203 339 238 346 
581 203 251 338 346 
582 203 289 252 347 
583 203 252 341 347 
584 203 215 290 324 
585 203 233 295 348 
586 203 295 327 348 
587 203 231 298 349 
588 203 313 231 349 
589 203 298 326 349 
590 203 262 261 350 
591 203 263 262 351 
592 203 265 264 346 
593 203 267 266 342 
594 203 268 267 352 
595 203 269 268 353 
596 203 270 269 354 
597 203 271 270 355 
598 203 273 272 328 
599 203 276 275 356 
600 203 277 276 357 
601 203 278 277 358 
602 203 279 278 359 
603 203 280 279 340 
604 203 281 280 321 
605 203 282 281 360 
606 203 283 282 361 
607 203 284 283 362 
608 203 285 284 363 
609 203 286 285 364 
610 203 287 286 332 
611 203 290 250 365 
612 203 250 336 365 
613 203 259 218 359 
614 203 254 309 366 
615 203 309 329 366 
616 203 236 235 367 
617 203 314 236 367 
618 203 235 344 367 
619 203 223 294 368 
620 203 315 223 368 
621 203 294 314 368 
622 203 246 307 369 
623 203 338 246 369 
624 203 307 342 369 
625 203 262 350 351 
626 203 336 289 347 
627 203 319 243 370 
628 203 221 316 360 
629 203 260 319 311 
630 203 291 221 360 
631 203 319 258 320 
632 203 219 226 371 
633 203 320 304 319 
634 203 297 228 372 
635 203 230 217 373 
636 203 333 241 374 
637 203 288 333 374 
638 203 241 303 374 
639 203 233 348 312 
640 203 321 291 360 
641 203 316 292 318 
642 203 225 230 375 
643 203 322 225 375 
644 203 230 373 375 
645 203 239 301 376 
646 203 240 302 377 
647 203 303 334 374 
648 203 372 228 322 
649 203 305 335 370 
650 203 243 305 370 
651 203 259 359 378 
652 203 216 259 378 
653 203 359 278 378 
654 203 237 288 374 
655 203 350 261 311 
656 203 324 290 365 
657 203 352 267 337 
658 203 308 254 379 
659 203 310 297 372 
660 203 342 266 369 
661 203 346 264 339 
662 203 332 286 364 
663 203 364 285 363 
664 203 363 284 362 
665 203 362 283 361 
666 203 360 281 321 
667 203 340 279 359 
668 203 265 346 338 
669 203 264 263 339 
670 203 267 342 337 
671 203 266 265 369 
672 203 268 352 353 
673 203 269 353 354 
674 203 270 354 355 
675 203 271 355 345 
676 203 272 271 323 
677 203 356 391 276 
678 203 274 273 349 
679 203 275 274 380 
680 203 277 357 358 
681 203 278 358 378 
682 203 282 360 316 
683 203 359 218 340 
684 203 217 257 381 
685 203 254 366 379 
686 203 256 220 382 
687 203 247 219 383 
688 203 255 310 372 
689 203 356 275 380 
690 203 328 272 323 
691 203 271 345 323 
692 203 226 216 384 
693 203 371 226 384 
694 203 216 378 384 
695 203 337 308 379 
696 203 219 371 383 
697 203 373 217 381 
698 203 239 376 331 
699 203 377 302 333 
700 203 381 257 345 
701 203 339 263 341 
702 203 382 220 321 
703 203 247 383 330 
704 203 255 372 329 
705 203 333 287 377 
706 203 337 379 352 
707 203 344 331 385 
708 203 311 319 370 
709 203 372 322 329 
710 203 282 316 361 
711 203 334 242 320 
712 203 350 311 386 
713 203 326 325 380 
714 203 352 379 387 
715 203 353 352 387 
716 203 379 366 387 
717 203 361 316 318 
718 203 311 370 388 
719 203 386 311 388 
720 203 370 335 388 
721 203 326 380 274 
722 203 377 287 332 
723 203 376 301 332 
724 203 320 237 334 
725 203 317 315 389 
726 203 327 330 390 
727 203 330 383 390 
728 203 332 240 377 
729 203 334 237 374 
730 203 326 274 349 
731 203 381 345 355 
732 203 312 348 391 
733 203 329 322 392 
734 203 341 263 351 
735 203 256 382 340 
736 203 369 265 338 
737 203 348 327 393 
738 203 391 348 393 
739 203 327 390 393 
740 203 366 329 392 
741 203 321 280 382 
742 203 273 328 313 
743 203 357 276 391 
744 203 349 273 313 
745 203 358 357 394 
746 203 280 340 382 
747 203 364 363 385 
748 203 376 332 364 
749 203 378 358 384 
750 203 354 353 395 
751 203 347 341 351 
752 203 376 364 331 
753 203 331 364 385 
754 203 318 317 362 
755 203 387 366 392 
756 203 380 325 356 
757 203 384 358 394 
758 203 325 312 356 
759 203 353 387 395 
760 203 388 335 343 
761 203 390 383 396 
762 203 393 390 396 
763 203 383 371 396 
764 203 375 373 395 
765 203 356 312 391 
766 203 396 371 394 
767 203 351 350 397 
768 203 368 314 398 
769 203 314 367 398 
770 203 324 365 399 
771 203 343 324 399 
772 203 354 395 373 
773 203 322 375 392 
774 203 397 350 386 
775 203 381 355 354 
776 203 336 347 351 
777 203 385 363 400 
778 203 344 385 400 
779 203 363 362 400 
780 203 371 384 394 
781 203 373 381 354 
782 203 367 344 400 
783 203 394 357 396 
784 203 318 362 361 
785 203 387 392 395 
786 203 315 368 401 
787 203 357 391 393 
788 203 389 315 401 
789 203 362 317 389 
790 203 393 396 357 
791 203 343 399 388 
792 203 386 388 399 
793 203 375 395 392 
794 203 336 397 365 
795 203 362 389 400 
796 203 401 368 398 
797 203 367 400 398 
798 203 401 400 389 
799 203 398 400 401 
800 203 399 365 386 
801 203 336 351 397 
802 203 386 365 397 
