88 126
23 -3.78151591937900e-02 -2.00000000000000e-02 -2.91531004156700e-02
24 -5.00000000098800e-03 -2.00000000000000e-02 -1.02072594228500e-02
25 4.99999999848800e-03 -2.00000000000000e-02 -1.02072594227000e-02
26 3.68048029419570e-02 -2.00000000000000e-02 -2.85697709616900e-02
27 4.68048029419570e-02 -2.00000000000000e-02 -1.12492628860100e-02
28 1.50000000000000e-02 -2.00000000000000e-02 7.11324865405200e-03
29 1.00000000000000e-02 -2.00000000000000e-02 1.57735026918960e-02
30 1.00000000000000e-02 -2.00000000000000e-02 5.00000000000000e-02
31 -1.00000000000000e-02 -2.00000000000000e-02 5.00000000000000e-02
34 -1.00000000000000e-02 -2.00000000000000e-02 1.57735026918960e-02
45 -1.50000000000000e-02 -2.00000000000000e-02 7.11324865405200e-03
46 -4.78151591935300e-02 -2.00000000000000e-02 -1.18325923398300e-02
171 4.43048029419570e-02 -2.00000000000000e-02 -1.55793899049300e-02
172 4.18048029419570e-02 -2.00000000000000e-02 -1.99095169238500e-02
173 3.93048029419570e-02 -2.00000000000000e-02 -2.42396439427700e-02
174 -4.98000000000000e-03 -2.00000000000000e-02 5.00000000000000e-02
175 1.99999999999992e-05 -2.00000000000000e-02 5.00000000000000e-02
176 5.00000000000000e-03 -2.00000000000000e-02 5.00000000000000e-02
179 -4.53051591935289e-02 -2.00000000000000e-02 -1.61800398668275e-02
180 -4.28051591935279e-02 -2.00000000000000e-02 -2.05101668857494e-02
181 -4.03151591935268e-02 -2.00000000000000e-02 -2.48229733965956e-02
190 4.19068632888962e-02 -2.00000000000000e-02 -8.42143610883939e-03
191 3.56413171093315e-02 -2.00000000000000e-02 -4.80402133544582e-03
192 2.76265067679593e-02 -2.00000000000000e-02 -1.76668427348464e-04
193 1.97707204412969e-02 -2.00000000000000e-02 4.35887192304855e-03
203 1.13345147238718e-02 -2.00000000000000e-02 1.07825744286162e-02
211 3.20022776974930e-02 -2.00000000000000e-02 -2.57970317193028e-02
212 2.76132148912941e-02 -2.00000000000000e-02 -2.32630051269224e-02
213 2.26198608291693e-02 -2.00000000000000e-02 -2.03800908153013e-02
214 1.81035788111966e-02 -2.00000000000000e-02 -1.77726141767650e-02
215 1.37145160049977e-02 -2.00000000000000e-02 -1.52385875843846e-02
216 9.38906280468578e-03 -2.00000000000000e-02 -1.27412860150823e-02
222 1.00000000000000e-02 -2.00000000000000e-02 4.27782090679901e-02
223 1.00000000000000e-02 -2.00000000000000e-02 3.45296232167370e-02
224 1.00000000000000e-02 -2.00000000000000e-02 2.35771440781437e-02
227 -2.82705668955966e-04 -2.00000000000000e-02 -8.87151038427130e-03
240 -3.23350276085911e-02 -2.00000000000000e-02 -2.59891449698708e-02
241 -2.59688867251863e-02 -2.00000000000000e-02 -2.23136518172657e-02
242 -1.79948030413341e-02 -2.00000000000000e-02 -1.77098124560129e-02
243 -1.02832406310242e-02 -2.00000000000000e-02 -1.32575398227025e-02
248 -1.00000000000000e-02 -2.00000000000000e-02 4.27439825706820e-02
249 -1.00000000000000e-02 -2.00000000000000e-02 3.44611702221208e-02
250 -1.00000000000000e-02 -2.00000000000000e-02 2.38851825539166e-02
261 -4.22365821306308e-02 -2.00000000000000e-02 -8.61179937086846e-03
262 -3.54766593367648e-02 -2.00000000000000e-02 -4.70895612612682e-03
263 -2.69447179464484e-02 -2.00000000000000e-02 2.16962532284946e-04
264 -2.03160557893564e-02 -2.00000000000000e-02 4.04402241305101e-03
265 -1.13979151177724e-02 -2.00000000000000e-02 1.06740776577425e-02
476 -3.61939576409711e-02 -2.00000000000000e-02 -1.40980586471972e-02
477 -2.71173736340693e-02 -2.00000000000000e-02 -7.34436220908162e-03
478 -2.12775021343388e-02 -2.00000000000000e-02 -2.48809283017748e-03
479 -1.43727040298095e-02 -2.00000000000000e-02 -1.04417188873246e-05
480 -1.02870823347795e-02 -2.00000000000000e-02 5.00067520278894e-03
481 -5.33288003779773e-03 -2.00000000000000e-02 1.29825732622571e-02
482 -4.10797184632711e-03 -2.00000000000000e-02 3.82362651582217e-02
483 -6.53019817842433e-04 -2.00000000000000e-02 3.05971747038589e-02
484 -2.01817057802939e-03 -2.00000000000000e-02 1.97893290188468e-02
485 2.95042797685126e-03 -2.00000000000000e-02 4.52322108145798e-02
486 2.60407854253734e-03 -2.00000000000000e-02 3.91942867916467e-02
487 6.27324098754208e-03 -2.00000000000000e-02 1.25697026615918e-02
488 1.01055832289833e-02 -2.00000000000000e-02 4.95403301866720e-03
489 3.37034430088410e-02 -2.00000000000000e-02 -1.38566599002170e-02
490 2.63660518285946e-02 -2.00000000000000e-02 -9.95068554433483e-03
491 2.01204980081104e-02 -2.00000000000000e-02 -4.49283728946259e-03
492 1.35507228337356e-02 -2.00000000000000e-02 -3.06047510366582e-04
493 3.94767667094522e-02 -2.00000000000000e-02 -1.55939096662754e-02
494 3.65003831655565e-02 -2.00000000000000e-02 -1.98996531665370e-02
495 3.14334466511162e-02 -2.00000000000000e-02 -2.00301308722411e-02
496 2.73533488017835e-02 -2.00000000000000e-02 -1.72121328472752e-02
497 2.26484550961726e-02 -2.00000000000000e-02 -1.54768353200492e-02
498 1.90291767866346e-02 -2.00000000000000e-02 -1.18831502805917e-02
499 1.40839261697366e-02 -2.00000000000000e-02 -8.60577405290159e-03
500 8.59830825473807e-03 -2.00000000000000e-02 -6.12834803754495e-03
501 2.76736134350258e-03 -2.00000000000000e-02 -4.78526738218229e-03
502 -3.20391972623008e-03 -2.00000000000000e-02 -4.78293475438854e-03
503 -3.13383023853320e-02 -2.00000000000000e-02 -1.95862174882981e-02
504 -2.60740669795708e-02 -2.00000000000000e-02 -1.49154493379914e-02
505 -1.79506277609767e-02 -2.00000000000000e-02 -8.92869371547710e-03
506 -9.60144718741983e-03 -2.00000000000000e-02 -6.12394549329245e-03
507 -2.30619084556758e-03 -2.00000000000000e-02 4.42909840550669e-02
508 -3.66574229004852e-02 -2.00000000000000e-02 -2.09214064906929e-02
509 4.46280737282387e-03 -2.00000000000000e-02 6.95469165509513e-03
510 -4.11709735021788e-03 -2.00000000000000e-02 6.96601033759625e-03
511 4.79767682687999e-03 -2.00000000000000e-02 1.69543945740244e-02
512 7.58820279919524e-04 -2.00000000000000e-02 1.26291967947771e-02
513 -1.02606679859549e-04 -2.00000000000000e-02 8.08482108011759e-04
514 -6.89575606713302e-03 -2.00000000000000e-02 2.30742256810426e-04
515 6.52447753391057e-03 -2.00000000000000e-02 2.06773258430892e-04
1137 203 261 46 179 
1138 203 262 261 476 
1139 203 263 262 477 
1140 203 262 476 477 
1141 203 264 263 478 
1142 203 263 477 478 
1143 203 45 264 479 
1144 203 264 478 479 
1145 203 265 45 480 
1146 203 34 265 481 
1147 203 31 248 174 
1148 203 248 249 482 
1149 203 249 250 483 
1150 203 250 34 484 
1151 203 176 175 485 
1152 203 30 176 222 
1153 203 223 222 486 
1154 203 224 223 483 
1155 203 203 29 487 
1156 203 28 203 488 
1157 203 27 190 171 
1158 203 190 191 489 
1159 203 191 192 490 
1160 203 191 490 489 
1161 203 192 193 491 
1162 203 192 491 490 
1163 203 193 28 492 
1164 203 193 492 491 
1165 203 172 171 493 
1166 203 173 172 494 
1167 203 172 493 494 
1168 203 26 173 211 
1169 203 212 211 495 
1170 203 213 212 496 
1171 203 212 495 496 
1172 203 214 213 497 
1173 203 213 496 497 
1174 203 215 214 498 
1175 203 214 497 498 
1176 203 216 215 499 
1177 203 215 498 499 
1178 203 25 216 500 
1179 203 216 499 500 
1180 203 227 25 501 
1181 203 24 227 502 
1182 203 23 240 181 
1183 203 240 241 503 
1184 203 241 242 504 
1185 203 241 504 503 
1186 203 242 243 505 
1187 203 242 505 504 
1188 203 243 24 506 
1189 203 243 506 505 
1191 203 174 248 507 
1192 203 175 174 507 
1193 203 248 482 507 
1194 203 222 176 485 
1195 203 181 240 508 
1196 203 180 181 508 
1197 203 240 503 508 
1198 203 45 479 480 
1199 203 34 481 484 
1200 203 482 249 483 
1201 203 250 484 483 
1203 203 222 485 486 
1204 203 224 483 484 
1205 203 203 487 509 
1206 203 203 509 488 
1207 203 28 488 492 
1208 203 171 190 493 
1209 203 211 173 494 
1210 203 493 190 489 
1211 203 227 501 502 
1212 203 25 500 501 
1213 203 24 502 506 
1214 203 265 480 510 
1215 203 265 510 481 
1216 203 175 507 485 
1217 203 261 179 476 
1218 203 487 29 511 
1219 203 511 29 224 
1220 203 487 511 512 
1221 203 478 477 505 
1222 203 479 478 505 
1223 203 484 481 512 
1224 203 508 503 476 
1225 203 224 484 511 
1226 203 223 486 483 
1227 203 490 491 498 
1228 203 489 490 496 
1229 203 211 494 495 
1230 203 502 501 513 
1231 203 496 495 489 
1232 203 504 505 477 
1233 203 503 504 476 
1234 203 486 485 507 
1235 203 486 507 482 
1236 203 476 504 477 
1237 203 480 479 514 
1238 203 486 482 483 
1239 203 492 488 515 
1240 203 491 492 499 
1241 203 501 500 515 
1242 203 511 484 512 
1243 203 479 505 506 
1244 203 512 481 510 
1245 203 488 509 515 
1246 203 496 490 497 
1247 203 498 491 499 
1248 203 509 487 512 
1249 203 514 479 506 
1250 203 495 494 489 
1251 203 513 501 515 
1252 203 493 489 494 
1253 203 498 497 490 
1254 203 500 499 492 
1255 203 506 502 514 
1256 203 510 480 514 
1257 203 515 500 492 
1258 203 514 502 513 
1259 203 508 476 180 
1260 203 510 514 513 
1261 203 513 515 509 
1262 203 509 512 510 
1263 203 509 510 513 
1264 203 179 180 476 
