365 626
23 -3.78151591937900e-02 -2.00000000000000e-02 -2.91531004156700e-02
24 -5.00000000098800e-03 -2.00000000000000e-02 -1.02072594228500e-02
25 4.99999999848800e-03 -2.00000000000000e-02 -1.02072594227000e-02
26 3.68048029419570e-02 -2.00000000000000e-02 -2.85697709616900e-02
27 4.68048029419570e-02 -2.00000000000000e-02 -1.12492628860100e-02
28 1.50000000000000e-02 -2.00000000000000e-02 7.11324865405200e-03
29 1.00000000000000e-02 -2.00000000000000e-02 1.57735026918960e-02
30 1.00000000000000e-02 -2.00000000000000e-02 5.00000000000000e-02
31 -1.00000000000000e-02 -2.00000000000000e-02 5.00000000000000e-02
34 -1.00000000000000e-02 -2.00000000000000e-02 1.57735026918960e-02
45 -1.50000000000000e-02 -2.00000000000000e-02 7.11324865405200e-03
46 -4.78151591935300e-02 -2.00000000000000e-02 -1.18325923398300e-02
270 4.53748029419570e-02 -2.00000000000000e-02 -1.37260955408322e-02
271 4.39448029419570e-02 -2.00000000000000e-02 -1.62029281956545e-02
272 4.25148029419570e-02 -2.00000000000000e-02 -1.86797608504767e-02
273 4.10848029419570e-02 -2.00000000000000e-02 -2.11565935052990e-02
274 3.96548029419570e-02 -2.00000000000000e-02 -2.36334261601212e-02
275 3.82248029419570e-02 -2.00000000000000e-02 -2.61102588149434e-02
276 -7.14000000000000e-03 -2.00000000000000e-02 5.00000000000000e-02
277 -4.28000000000000e-03 -2.00000000000000e-02 5.00000000000000e-02
278 -1.42000000000000e-03 -2.00000000000000e-02 5.00000000000000e-02
279 1.44000000000000e-03 -2.00000000000000e-02 5.00000000000000e-02
280 4.30000000000000e-03 -2.00000000000000e-02 5.00000000000000e-02
281 7.16000000000000e-03 -2.00000000000000e-02 5.00000000000000e-02
284 -4.63851591935294e-02 -2.00000000000000e-02 -1.43094249946533e-02
285 -4.49551591935288e-02 -2.00000000000000e-02 -1.67862576494766e-02
286 -4.35251591935282e-02 -2.00000000000000e-02 -1.92630903042999e-02
287 -4.20951591935276e-02 -2.00000000000000e-02 -2.17399229591232e-02
288 -4.06651591935269e-02 -2.00000000000000e-02 -2.42167556139465e-02
289 -3.92351591935263e-02 -2.00000000000000e-02 -2.66935882687698e-02
308 4.41331994948329e-02 -2.00000000000000e-02 -9.70681191664421e-03
309 4.14934008506508e-02 -2.00000000000000e-02 -8.18272345881850e-03
310 3.88217974035268e-02 -2.00000000000000e-02 -6.64027248945271e-03
311 3.61819987593447e-02 -2.00000000000000e-02 -5.11618403162699e-03
312 3.35422001151626e-02 -2.00000000000000e-02 -3.59209557380128e-03
313 3.08705966680385e-02 -2.00000000000000e-02 -2.04964460443549e-03
314 2.82307980238564e-02 -2.00000000000000e-02 -5.25556146609771e-04
315 2.55909993796743e-02 -2.00000000000000e-02 9.98532311215945e-04
316 2.29512007354922e-02 -2.00000000000000e-02 2.52262076904166e-03
317 2.02795972883682e-02 -2.00000000000000e-02 4.06507173840745e-03
318 1.76397986441861e-02 -2.00000000000000e-02 5.58916019623317e-03
330 1.06054638329644e-02 -2.00000000000000e-02 1.23467418005788e-02
331 1.23417997875015e-02 -2.00000000000000e-02 9.34295298714380e-03
345 3.41331994947055e-02 -2.00000000000000e-02 -2.70273199924150e-02
346 3.14934008503975e-02 -2.00000000000000e-02 -2.55032315346790e-02
347 2.88217974031460e-02 -2.00000000000000e-02 -2.39607805654040e-02
348 2.61819987588380e-02 -2.00000000000000e-02 -2.24366921076680e-02
349 2.35422001145300e-02 -2.00000000000000e-02 -2.09126036499320e-02
350 2.08705966672785e-02 -2.00000000000000e-02 -1.93701526806570e-02
351 1.82307980229705e-02 -2.00000000000000e-02 -1.78460642229210e-02
352 1.55909993786624e-02 -2.00000000000000e-02 -1.63219757651849e-02
353 1.29193959314110e-02 -2.00000000000000e-02 -1.47795247959099e-02
354 1.02795972871029e-02 -2.00000000000000e-02 -1.32554363381739e-02
355 7.63979864279492e-03 -2.00000000000000e-02 -1.17313478804379e-02
368 1.00000000000000e-02 -2.00000000000000e-02 4.68853887449625e-02
369 1.00000000000000e-02 -2.00000000000000e-02 4.37707774899251e-02
370 1.00000000000000e-02 -2.00000000000000e-02 4.06561662348876e-02
371 1.00000000000000e-02 -2.00000000000000e-02 3.75415549798502e-02
372 1.00000000000000e-02 -2.00000000000000e-02 3.44269437248127e-02
373 1.00000000000000e-02 -2.00000000000000e-02 3.13123324697752e-02
374 1.00000000000000e-02 -2.00000000000000e-02 2.81977212147378e-02
375 1.00000000000000e-02 -2.00000000000000e-02 2.50831099597003e-02
376 1.00000000000000e-02 -2.00000000000000e-02 2.19684987046628e-02
377 1.00000000000000e-02 -2.00000000000000e-02 1.88538874496254e-02
382 1.72960609757592e-03 -2.00000000000000e-02 -9.01822603764308e-03
383 -1.73991929953270e-03 -2.00000000000000e-02 -9.02004267711196e-03
403 -3.52883919359438e-02 -2.00000000000000e-02 -2.76942706592237e-02
404 -3.27616246780976e-02 -2.00000000000000e-02 -2.62354409027774e-02
405 -3.02348574202514e-02 -2.00000000000000e-02 -2.47766111463310e-02
406 -2.77080901624052e-02 -2.00000000000000e-02 -2.33177813898846e-02
407 -2.51813229045590e-02 -2.00000000000000e-02 -2.18589516334382e-02
408 -2.26545556467128e-02 -2.00000000000000e-02 -2.04001218769919e-02
409 -2.01277883888666e-02 -2.00000000000000e-02 -1.89412921205455e-02
410 -1.76010211310204e-02 -2.00000000000000e-02 -1.74824623640991e-02
411 -1.50742538731742e-02 -2.00000000000000e-02 -1.60236326076528e-02
412 -1.25474866153280e-02 -2.00000000000000e-02 -1.45648028512064e-02
413 -1.00207193574818e-02 -2.00000000000000e-02 -1.31059730947600e-02
414 -7.49395209963556e-03 -2.00000000000000e-02 -1.16471433383137e-02
425 -1.00000000000000e-02 -2.00000000000000e-02 4.68853887449625e-02
426 -1.00000000000000e-02 -2.00000000000000e-02 4.37707774899251e-02
427 -1.00000000000000e-02 -2.00000000000000e-02 4.06561662348876e-02
428 -1.00000000000000e-02 -2.00000000000000e-02 3.75415549798502e-02
429 -1.00000000000000e-02 -2.00000000000000e-02 3.44269437248127e-02
430 -1.00000000000000e-02 -2.00000000000000e-02 3.13123324697752e-02
431 -1.00000000000000e-02 -2.00000000000000e-02 2.81977212147378e-02
432 -1.00000000000000e-02 -2.00000000000000e-02 2.50831099597003e-02
433 -1.00000000000000e-02 -2.00000000000000e-02 2.19684987046628e-02
434 -1.00000000000000e-02 -2.00000000000000e-02 1.88538874496254e-02
446 -4.52883919356286e-02 -2.00000000000000e-02 -1.03737625833004e-02
447 -4.27616246777272e-02 -2.00000000000000e-02 -8.91493282677072e-03
448 -4.02348574198258e-02 -2.00000000000000e-02 -7.45610307024108e-03
449 -3.77080901619244e-02 -2.00000000000000e-02 -5.99727331371144e-03
450 -3.51813229040230e-02 -2.00000000000000e-02 -4.53844355718180e-03
451 -3.26545556461217e-02 -2.00000000000000e-02 -3.07961380065216e-03
452 -3.01277883882203e-02 -2.00000000000000e-02 -1.62078404412252e-03
453 -2.76010211303189e-02 -2.00000000000000e-02 -1.61954287592882e-04
454 -2.50742538724175e-02 -2.00000000000000e-02 1.29687546893676e-03
455 -2.25474866145161e-02 -2.00000000000000e-02 2.75570522546640e-03
456 -2.00207193566147e-02 -2.00000000000000e-02 4.21453498199604e-03
457 -1.74939520987133e-02 -2.00000000000000e-02 5.67336473852568e-03
458 -1.23350699319064e-02 -2.00000000000000e-02 9.35097616013026e-03
459 -1.06018804891368e-02 -2.00000000000000e-02 1.23565816129812e-02
1219 -4.24574943448690e-02 -2.00000000000000e-02 -1.14173990795143e-02
1220 -4.02940282472878e-02 -2.00000000000000e-02 -1.02331491316890e-02
1221 -3.79030194669527e-02 -2.00000000000000e-02 -8.91085190112254e-03
1222 -3.53841635724286e-02 -2.00000000000000e-02 -7.62987160094589e-03
1223 -3.28118232849529e-02 -2.00000000000000e-02 -6.26936193226502e-03
1224 -3.02215711865650e-02 -2.00000000000000e-02 -4.86991753361206e-03
1225 -2.76220844550225e-02 -2.00000000000000e-02 -3.43770346153562e-03
1226 -2.50135499420516e-02 -2.00000000000000e-02 -1.97493788068188e-03
1227 -2.23911220971805e-02 -2.00000000000000e-02 -4.76471679846234e-04
1228 -1.97701517041069e-02 -2.00000000000000e-02 1.07777004823851e-03
1229 -1.71581200910504e-02 -2.00000000000000e-02 2.68501548284080e-03
1230 -1.45276175597721e-02 -2.00000000000000e-02 4.36069822771425e-03
1231 -1.17959445524333e-02 -2.00000000000000e-02 6.35729088136769e-03
1232 -8.76387297837086e-03 -2.00000000000000e-02 9.17955289285093e-03
1233 -7.05217859017673e-03 -2.00000000000000e-02 1.35313599996157e-02
1234 -7.57415919371585e-03 -2.00000000000000e-02 4.49916853218485e-02
1235 -7.31493911633708e-03 -2.00000000000000e-02 4.23534671126293e-02
1236 -7.22978853795652e-03 -2.00000000000000e-02 3.93093947524104e-02
1237 -7.19275592024878e-03 -2.00000000000000e-02 3.61968401199877e-02
1238 -7.17393578316449e-03 -2.00000000000000e-02 3.30692282012601e-02
1239 -7.16477221687626e-03 -2.00000000000000e-02 2.99358535170074e-02
1240 -7.16333664725130e-03 -2.00000000000000e-02 2.67942892419246e-02
1241 -7.17071416960814e-03 -2.00000000000000e-02 2.36436661135334e-02
1242 -7.19363865696825e-03 -2.00000000000000e-02 2.04826921915922e-02
1243 -7.22315564881200e-03 -2.00000000000000e-02 1.73030365324197e-02
1244 -6.02172021441425e-03 -2.00000000000000e-02 4.73855847633830e-02
1245 -3.04664507721622e-03 -2.00000000000000e-02 4.75248568346978e-02
1246 -2.11457574167108e-04 -2.00000000000000e-02 4.75035615766559e-02
1247 2.73442229022406e-03 -2.00000000000000e-02 4.72696407020739e-02
1248 5.90099611980494e-03 -2.00000000000000e-02 4.72533038415841e-02
1249 7.44111680113806e-03 -2.00000000000000e-02 4.48195156395345e-02
1250 7.17631273338870e-03 -2.00000000000000e-02 4.20660799914435e-02
1251 7.11851991831653e-03 -2.00000000000000e-02 3.89322078182989e-02
1252 7.11592622052022e-03 -2.00000000000000e-02 3.57770351051627e-02
1253 7.12321780043369e-03 -2.00000000000000e-02 3.26310425155854e-02
1254 7.13218265422438e-03 -2.00000000000000e-02 2.94884696663298e-02
1255 7.14414644574220e-03 -2.00000000000000e-02 2.63385966464336e-02
1256 7.16860304420382e-03 -2.00000000000000e-02 2.31756059720040e-02
1257 7.22620822125894e-03 -2.00000000000000e-02 1.99961465619955e-02
1258 7.35954676569301e-03 -2.00000000000000e-02 1.68138927461334e-02
1259 7.43802024000246e-03 -2.00000000000000e-02 1.30578472002371e-02
1260 9.11443884805872e-03 -2.00000000000000e-02 8.99030844576826e-03
1261 1.20526822888849e-02 -2.00000000000000e-02 6.31707663642558e-03
1262 4.11687570753547e-02 -2.00000000000000e-02 -1.08930948766518e-02
1263 3.86985178444271e-02 -2.00000000000000e-02 -9.76215716676049e-03
1264 3.60122137368150e-02 -2.00000000000000e-02 -8.22105291255888e-03
1265 3.33866221103498e-02 -2.00000000000000e-02 -6.59401552337242e-03
1266 3.08097197027797e-02 -2.00000000000000e-02 -4.99976772452921e-03
1267 2.82351240329377e-02 -2.00000000000000e-02 -3.46840068965815e-03
1268 2.56232553572856e-02 -2.00000000000000e-02 -1.98704505804962e-03
1269 2.29383358477639e-02 -2.00000000000000e-02 -5.07801465865849e-04
1270 2.01991896634059e-02 -2.00000000000000e-02 1.03999311877816e-03
1271 1.74785417999398e-02 -2.00000000000000e-02 2.67833613286621e-03
1272 1.47869244563455e-02 -2.00000000000000e-02 4.37553914203322e-03
1273 4.24728134339943e-02 -2.00000000000000e-02 -1.34301601580294e-02
1274 4.10270895867659e-02 -2.00000000000000e-02 -1.61171357564351e-02
1275 3.96325299317902e-02 -2.00000000000000e-02 -1.86516721957982e-02
1276 3.80423607451033e-02 -2.00000000000000e-02 -2.11183935173064e-02
1277 3.64756374658459e-02 -2.00000000000000e-02 -2.37806312831898e-02
1278 3.36475414692635e-02 -2.00000000000000e-02 -2.39516099901463e-02
1279 3.14695804244496e-02 -2.00000000000000e-02 -2.24446224616668e-02
1280 2.88845529676763e-02 -2.00000000000000e-02 -2.08695960854618e-02
1281 2.62162306158299e-02 -2.00000000000000e-02 -1.93040167699503e-02
1282 2.35148297060269e-02 -2.00000000000000e-02 -1.77917176336034e-02
1283 2.08421989325514e-02 -2.00000000000000e-02 -1.62883868039059e-02
1284 1.81903241664440e-02 -2.00000000000000e-02 -1.47414457601817e-02
1285 1.54914710071116e-02 -2.00000000000000e-02 -1.31619806043760e-02
1286 1.27365040435303e-02 -2.00000000000000e-02 -1.16278137637192e-02
1287 9.97501791633139e-03 -2.00000000000000e-02 -1.01519480992100e-02
1288 7.18937115332734e-03 -2.00000000000000e-02 -8.68773350008478e-03
1289 4.12408563027134e-03 -2.00000000000000e-02 -7.29288770567143e-03
1290 9.49079321309895e-05 -2.00000000000000e-02 -6.14034918628210e-03
1291 -3.97218125522056e-03 -2.00000000000000e-02 -7.20340803425646e-03
1292 -3.56915004354155e-02 -2.00000000000000e-02 -2.48704174572228e-02
1293 -3.30716448988204e-02 -2.00000000000000e-02 -2.31510101795807e-02
1294 -3.03883311337558e-02 -2.00000000000000e-02 -2.16293948732970e-02
1295 -2.77835023349852e-02 -2.00000000000000e-02 -2.01768519858134e-02
1296 -2.52412442372607e-02 -2.00000000000000e-02 -1.86870517542990e-02
1297 -2.26924837104453e-02 -2.00000000000000e-02 -1.71712543900433e-02
1298 -2.01084721338742e-02 -2.00000000000000e-02 -1.56841843611069e-02
1299 -1.75138148118660e-02 -2.00000000000000e-02 -1.42271744193112e-02
1300 -1.49145074911749e-02 -2.00000000000000e-02 -1.27999012368491e-02
1301 -1.23180408340596e-02 -2.00000000000000e-02 -1.13960022727658e-02
1302 -9.71396810493939e-03 -2.00000000000000e-02 -9.98206470053109e-03
1303 -7.02892150299380e-03 -2.00000000000000e-02 -8.55016502083135e-03
1304 -4.35812689108655e-02 -2.00000000000000e-02 -1.39416040999765e-02
1305 -4.20090255794640e-02 -2.00000000000000e-02 -1.66190539334666e-02
1306 -4.07246349742420e-02 -2.00000000000000e-02 -1.92647844931236e-02
1307 -3.94101385488916e-02 -2.00000000000000e-02 -2.16675348528054e-02
1308 -3.82153830394229e-02 -2.00000000000000e-02 -2.38103000734118e-02
1309 -3.81236386014997e-02 -2.00000000000000e-02 -1.15005766465139e-02
1310 -3.56721302299880e-02 -2.00000000000000e-02 -1.06475491041866e-02
1311 -3.30475356013806e-02 -2.00000000000000e-02 -9.39870748386995e-03
1312 -3.04012039017270e-02 -2.00000000000000e-02 -8.08727366533442e-03
1313 -2.77328967499089e-02 -2.00000000000000e-02 -6.72102252145732e-03
1314 -2.50550838423868e-02 -2.00000000000000e-02 -5.28487490427728e-03
1315 -2.23523806642905e-02 -2.00000000000000e-02 -3.79911490304034e-03
1316 -1.95935845602950e-02 -2.00000000000000e-02 -2.23424310149023e-03
1317 -1.68957813126079e-02 -2.00000000000000e-02 -4.85815492629432e-04
1318 -1.42046818756818e-02 -2.00000000000000e-02 1.29293176273063e-03
1319 -5.31947523587537e-03 -2.00000000000000e-02 1.04700077016668e-02
1320 -4.47236210024814e-03 -2.00000000000000e-02 4.11347886724197e-02
1321 -4.54797126019040e-03 -2.00000000000000e-02 4.45300738741618e-02
1322 -4.35578044858571e-03 -2.00000000000000e-02 3.48491569459304e-02
1323 -4.33116709119861e-03 -2.00000000000000e-02 3.17028261117798e-02
1324 -4.32032278671114e-03 -2.00000000000000e-02 2.85448555720316e-02
1325 -4.32126166133538e-03 -2.00000000000000e-02 2.53708905473223e-02
1326 -4.34252706304848e-03 -2.00000000000000e-02 2.21709672346598e-02
1327 -4.41230505002497e-03 -2.00000000000000e-02 1.89665033045372e-02
1328 4.21056046156535e-03 -2.00000000000000e-02 4.40455278025169e-02
1329 6.05154826455738e-03 -2.00000000000000e-02 1.00088163936420e-02
1330 -1.74683408362342e-03 -2.00000000000000e-02 4.54352424908786e-02
1331 7.49539851610178e-04 -2.00000000000000e-02 4.47836095244436e-02
1332 4.19402659452191e-03 -2.00000000000000e-02 4.03963437753097e-02
1333 4.21648729267639e-03 -2.00000000000000e-02 3.71499303816704e-02
1334 4.23830481247845e-03 -2.00000000000000e-02 3.39703216788635e-02
1335 4.25592852924787e-03 -2.00000000000000e-02 3.08073305493681e-02
1336 4.27186319405971e-03 -2.00000000000000e-02 2.76356680090026e-02
1337 4.29634157298371e-03 -2.00000000000000e-02 2.44415127560683e-02
1338 4.35249528914939e-03 -2.00000000000000e-02 2.12027611725380e-02
1339 4.51392128909913e-03 -2.00000000000000e-02 1.79313498326459e-02
1340 9.08640125771228e-03 -2.00000000000000e-02 5.20389078267352e-03
1341 3.58405674560830e-02 -2.00000000000000e-02 -1.15319229663908e-02
1342 3.90323171383541e-02 -2.00000000000000e-02 -1.32996645879327e-02
1343 3.06416086160984e-02 -2.00000000000000e-02 -7.93854693403254e-03
1344 2.81903707129933e-02 -2.00000000000000e-02 -6.35340304120820e-03
1345 2.56872734950376e-02 -2.00000000000000e-02 -4.89985289666602e-03
1346 2.30510487143339e-02 -2.00000000000000e-02 -3.51975405404503e-03
1347 2.02027457416354e-02 -2.00000000000000e-02 -2.10164642594818e-03
1348 1.73369014573123e-02 -2.00000000000000e-02 -4.00396628862597e-04
1349 1.46244283874678e-02 -2.00000000000000e-02 1.43296185928963e-03
1350 3.45750599425060e-02 -2.00000000000000e-02 -2.10313207938953e-02
1351 6.67072256300494e-03 -2.00000000000000e-02 -5.67426189505868e-03
1352 3.83723630747651e-02 -2.00000000000000e-02 -1.63456408469237e-02
1353 3.67319819051604e-02 -2.00000000000000e-02 -1.84511845136541e-02
1354 3.16291280841773e-02 -2.00000000000000e-02 -1.93926501327466e-02
1355 2.89934997714253e-02 -2.00000000000000e-02 -1.76751235905918e-02
1356 2.61840354976397e-02 -2.00000000000000e-02 -1.61351210636336e-02
1357 2.34327685341036e-02 -2.00000000000000e-02 -1.47359234573068e-02
1358 2.08142609469998e-02 -2.00000000000000e-02 -1.32450757285532e-02
1359 1.81701055836306e-02 -2.00000000000000e-02 -1.15738120240882e-02
1360 1.53273892162456e-02 -2.00000000000000e-02 -9.92156420821184e-03
1361 1.24007769280982e-02 -2.00000000000000e-02 -8.50757559106975e-03
1362 9.57221374473678e-03 -2.00000000000000e-02 -7.11922864789481e-03
1363 3.48804962767134e-03 -2.00000000000000e-02 -4.21147637044110e-03
1364 -3.31615112043538e-02 -2.00000000000000e-02 -1.98381574237148e-02
1365 -3.62608697997445e-02 -2.00000000000000e-02 -2.15490834915906e-02
1366 -2.78068531629062e-02 -2.00000000000000e-02 -1.70798513841103e-02
1367 -2.53378170266324e-02 -2.00000000000000e-02 -1.54221981831583e-02
1368 -2.26846924413356e-02 -2.00000000000000e-02 -1.38752318287016e-02
1369 -2.00182955080238e-02 -2.00000000000000e-02 -1.23965288759236e-02
1370 -1.73441103874605e-02 -2.00000000000000e-02 -1.09725004072692e-02
1371 -1.46659075129767e-02 -2.00000000000000e-02 -9.62750191621507e-03
1372 -1.20186676195419e-02 -2.00000000000000e-02 -8.32009416886328e-03
1373 -9.35427872836586e-03 -2.00000000000000e-02 -6.87927687348195e-03
1374 -8.58240095416000e-03 -2.00000000000000e-02 5.32871504097528e-03
1375 -3.89486655882142e-02 -2.00000000000000e-02 -1.68301755003831e-02
1376 -4.03013513250208e-02 -2.00000000000000e-02 -1.35060642202540e-02
1377 -1.14307901103817e-02 -2.00000000000000e-02 3.18732629013502e-03
1378 -4.57922697235736e-03 -2.00000000000000e-02 1.59990303789472e-02
1379 -4.40023053118036e-03 -2.00000000000000e-02 3.79899420395533e-02
1380 4.99341989965095e-03 -2.00000000000000e-02 1.50009517501635e-02
1381 1.19052498288947e-02 -2.00000000000000e-02 3.24887078624324e-03
1382 3.31356982104031e-02 -2.00000000000000e-02 -9.68529182933027e-03
1383 -3.14093595113283e-03 -2.00000000000000e-02 -4.09010425232731e-03
1384 -6.43334661241199e-03 -2.00000000000000e-02 -5.41259120550752e-03
1385 -3.03632275026645e-02 -2.00000000000000e-02 -1.84959530212045e-02
1386 -3.82436394377807e-02 -2.00000000000000e-02 -1.94485498316461e-02
1387 -5.53636834188754e-03 -2.00000000000000e-02 7.26556747951148e-03
1388 6.19169782826659e-03 -2.00000000000000e-02 7.03951462895299e-03
1389 4.00658955204606e-03 -2.00000000000000e-02 1.21238307260736e-02
1390 2.05588759708152e-04 -2.00000000000000e-02 -2.61471326394475e-03
1391 -2.65564445870738e-03 -2.00000000000000e-02 1.31357675353522e-02
1392 -3.33581715530926e-02 -2.00000000000000e-02 -1.25374309900196e-02
1393 -3.06817346706124e-02 -2.00000000000000e-02 -1.12217504881584e-02
1394 -2.79338969716172e-02 -2.00000000000000e-02 -1.00356782886569e-02
1395 -2.51824591112928e-02 -2.00000000000000e-02 -8.62365762071550e-03
1396 -2.24414105895189e-02 -2.00000000000000e-02 -7.16469127539623e-03
1397 -1.96285807295096e-02 -2.00000000000000e-02 -5.67719894443957e-03
1398 -1.64872853169109e-02 -2.00000000000000e-02 -4.08818006832915e-03
1399 -1.41002764005287e-02 -2.00000000000000e-02 -1.73938731075404e-03
1400 -1.47322542068597e-03 -2.00000000000000e-02 3.03347367164761e-02
1401 -1.49610675515645e-03 -2.00000000000000e-02 3.35006519185646e-02
1402 -1.46264103799929e-03 -2.00000000000000e-02 2.39345410383776e-02
1403 -1.48700043720125e-03 -2.00000000000000e-02 2.06425816265042e-02
1404 1.16731878064066e-03 -2.00000000000000e-02 4.17050982174444e-02
1405 3.54843188815706e-02 -2.00000000000000e-02 -1.52768079024424e-02
1406 1.29263797616909e-03 -2.00000000000000e-02 3.85028998830833e-02
1407 1.34713353983699e-03 -2.00000000000000e-02 3.53194850087847e-02
1408 1.37774243031538e-03 -2.00000000000000e-02 3.21511150920605e-02
1409 1.39680803388024e-03 -2.00000000000000e-02 2.89748468018307e-02
1410 1.41205311938203e-03 -2.00000000000000e-02 2.57748153114334e-02
1411 1.43260784438267e-03 -2.00000000000000e-02 2.25194645265960e-02
1412 1.47275636591177e-03 -2.00000000000000e-02 1.91163444380304e-02
1413 9.04347483784656e-03 -2.00000000000000e-02 1.97814403442096e-03
1414 -2.25892675530754e-02 -2.00000000000000e-02 -1.05284966709489e-02
1415 -3.59432576314497e-02 -2.00000000000000e-02 -1.79746115846648e-02
1416 2.57161094583803e-02 -2.00000000000000e-02 -7.69744614679971e-03
1417 2.80523685459287e-02 -2.00000000000000e-02 -9.11442904809108e-03
1418 2.05389478723165e-02 -2.00000000000000e-02 -5.25742281894224e-03
1419 1.70785611470455e-02 -2.00000000000000e-02 -3.96273693835465e-03
1420 1.44313017196324e-02 -2.00000000000000e-02 -1.52325386339493e-03
1421 3.02721290928957e-02 -2.00000000000000e-02 -1.08675268571987e-02
1422 1.18087084361046e-02 -2.00000000000000e-02 2.21251532610055e-04
1423 2.32918602800109e-02 -2.00000000000000e-02 -6.36260224502432e-03
1424 6.33247370921965e-03 -2.00000000000000e-02 -2.59766700696651e-03
1425 3.19516642305075e-02 -2.00000000000000e-02 -1.62200031703299e-02
1426 -5.80994986472778e-03 -2.00000000000000e-02 -2.30368089940587e-03
1427 -1.72818634332160e-03 -2.00000000000000e-02 4.28578113925427e-02
1428 2.90998978753712e-02 -2.00000000000000e-02 -1.40699904226450e-02
1429 2.58924288717311e-02 -2.00000000000000e-02 -1.31320036779523e-02
1430 2.33500775235603e-02 -2.00000000000000e-02 -1.18103620671441e-02
1431 2.08925396758755e-02 -2.00000000000000e-02 -1.02924125048628e-02
1432 1.83260253321922e-02 -2.00000000000000e-02 -7.96479107434448e-03
1433 1.48463213914514e-02 -2.00000000000000e-02 -6.68684085465402e-03
1434 1.19497565412809e-02 -2.00000000000000e-02 -5.55408514238874e-03
1435 9.22952231584453e-03 -2.00000000000000e-02 -4.13131384588624e-03
1436 -1.46133890294187e-03 -2.00000000000000e-02 2.71545225408648e-02
1437 -3.64587949319037e-02 -2.00000000000000e-02 -1.41407553984345e-02
1438 -2.53457339266293e-02 -2.00000000000000e-02 -1.20243510144226e-02
1439 -2.83119708811055e-02 -2.00000000000000e-02 -1.36541422592486e-02
1440 -1.98482602708560e-02 -2.00000000000000e-02 -9.07603101060616e-03
1441 -1.70625800960406e-02 -2.00000000000000e-02 -7.69432579077061e-03
1442 -1.42961075661872e-02 -2.00000000000000e-02 -6.60279960715566e-03
1443 -1.17537534612133e-02 -2.00000000000000e-02 -5.44678919710163e-03
1444 1.65879391770746e-03 -2.00000000000000e-02 1.50996419362285e-02
1445 -1.53817403898425e-03 -2.00000000000000e-02 3.66592211280270e-02
1446 -1.10458146862864e-02 -2.00000000000000e-02 -2.88960678794946e-04
1447 -1.61311152835656e-03 -2.00000000000000e-02 3.98041702742714e-02
1448 -1.62194794228325e-03 -2.00000000000000e-02 1.71660097464712e-02
1449 3.40641806514886e-02 -2.00000000000000e-02 -1.80733782753533e-02
1450 3.26463049709919e-02 -2.00000000000000e-02 -1.29407513259497e-02
1451 -9.16710529825369e-03 -2.00000000000000e-02 -3.46598217753356e-03
1452 -8.35729019148563e-03 -2.00000000000000e-02 2.08921188418994e-03
1453 -5.54511895885221e-03 -2.00000000000000e-02 3.91610028977706e-03
1454 3.43054821188579e-03 -2.00000000000000e-02 8.82414658233212e-03
1455 -3.00764888583957e-02 -2.00000000000000e-02 -1.58759074736879e-02
1456 6.18075541490326e-03 -2.00000000000000e-02 3.76137976994062e-03
1457 -2.78278182138086e-03 -2.00000000000000e-02 -8.68594974495913e-04
1458 3.29657207879587e-03 -2.00000000000000e-02 -9.88693363855379e-04
1459 -2.47225519563613e-03 -2.00000000000000e-02 9.10382567667899e-03
1460 -3.29149153796861e-02 -2.00000000000000e-02 -1.61047209959633e-02
1461 -7.99543389520577e-03 -2.00000000000000e-02 -6.41965801865431e-04
1462 -3.10851603175069e-02 -2.00000000000000e-02 -1.38346076086611e-02
1463 1.17514022135744e-02 -2.00000000000000e-02 -2.69855796477620e-03
1464 9.06761216917580e-03 -2.00000000000000e-02 -1.11585448243616e-03
1465 -1.19313439213773e-02 -2.00000000000000e-02 -3.00620514605265e-03
1466 2.12831852109564e-02 -2.00000000000000e-02 -7.78844480125025e-03
1467 -1.37367770900571e-02 -2.00000000000000e-02 -4.18526871694328e-03
1468 6.20064256309739e-03 -2.00000000000000e-02 5.48019420698269e-04
1469 7.09573751942686e-04 -2.00000000000000e-02 1.09279728479568e-02
1470 -5.52189037240497e-03 -2.00000000000000e-02 7.59626206994754e-04
1471 3.30947400200260e-03 -2.00000000000000e-02 5.53227643608556e-03
1472 2.79409819249244e-04 -2.00000000000000e-02 6.85557160202692e-04
1473 2.56926279365048e-02 -2.00000000000000e-02 -1.03875140578447e-02
1474 1.40124763750448e-02 -2.00000000000000e-02 -4.08702625949686e-03
1475 2.78079532118921e-02 -2.00000000000000e-02 -1.15210837402696e-02
1476 2.33796994024907e-02 -2.00000000000000e-02 -9.06260770995260e-03
1477 -2.56930837144652e-03 -2.00000000000000e-02 5.66089445131389e-03
1478 3.26955457718254e-03 -2.00000000000000e-02 2.25226385272545e-03
1479 -2.63628011455162e-03 -2.00000000000000e-02 2.35558566365369e-03
1480 4.56287803462723e-04 -2.00000000000000e-02 7.33436646789502e-03
1481 3.45032111011188e-04 -2.00000000000000e-02 3.97415403222066e-03
2694 203 446 46 284 
2695 203 447 446 1219 
2696 203 448 447 1220 
2697 203 447 1219 1220 
2698 203 449 448 1221 
2699 203 448 1220 1221 
2700 203 450 449 1222 
2701 203 449 1221 1222 
2702 203 451 450 1223 
2703 203 450 1222 1223 
2704 203 452 451 1224 
2705 203 451 1223 1224 
2706 203 453 452 1225 
2707 203 452 1224 1225 
2708 203 454 453 1226 
2709 203 453 1225 1226 
2710 203 455 454 1227 
2711 203 454 1226 1227 
2712 203 456 455 1228 
2713 203 455 1227 1228 
2714 203 457 456 1229 
2715 203 456 1228 1229 
2716 203 45 457 1230 
2717 203 457 1229 1230 
2718 203 458 45 1231 
2719 203 459 458 1232 
2720 203 34 459 1233 
2721 203 31 425 276 
2722 203 425 426 1234 
2723 203 426 427 1235 
2724 203 426 1235 1234 
2725 203 427 428 1236 
2726 203 427 1236 1235 
2727 203 428 429 1237 
2728 203 428 1237 1236 
2729 203 429 430 1238 
2730 203 429 1238 1237 
2731 203 430 431 1239 
2732 203 430 1239 1238 
2733 203 431 432 1240 
2734 203 431 1240 1239 
2735 203 432 433 1241 
2736 203 432 1241 1240 
2737 203 433 434 1242 
2738 203 433 1242 1241 
2739 203 434 34 1243 
2740 203 434 1243 1242 
2741 203 277 276 1244 
2742 203 278 277 1245 
2743 203 277 1244 1245 
2744 203 279 278 1246 
2745 203 278 1245 1246 
2746 203 280 279 1247 
2747 203 279 1246 1247 
2748 203 281 280 1248 
2749 203 280 1247 1248 
2750 203 30 281 368 
2751 203 369 368 1249 
2752 203 370 369 1250 
2753 203 369 1249 1250 
2754 203 371 370 1251 
2755 203 370 1250 1251 
2756 203 372 371 1252 
2757 203 371 1251 1252 
2758 203 373 372 1253 
2759 203 372 1252 1253 
2760 203 374 373 1254 
2761 203 373 1253 1254 
2762 203 375 374 1255 
2763 203 374 1254 1255 
2764 203 376 375 1256 
2765 203 375 1255 1256 
2766 203 377 376 1257 
2767 203 376 1256 1257 
2768 203 29 377 1258 
2769 203 377 1257 1258 
2770 203 330 29 1259 
2771 203 331 330 1260 
2772 203 28 331 1261 
2773 203 27 308 270 
2774 203 308 309 1262 
2775 203 309 310 1263 
2776 203 309 1263 1262 
2777 203 310 311 1264 
2778 203 310 1264 1263 
2779 203 311 312 1265 
2780 203 311 1265 1264 
2781 203 312 313 1266 
2782 203 312 1266 1265 
2783 203 313 314 1267 
2784 203 313 1267 1266 
2785 203 314 315 1268 
2786 203 314 1268 1267 
2787 203 315 316 1269 
2788 203 315 1269 1268 
2789 203 316 317 1270 
2790 203 316 1270 1269 
2791 203 317 318 1271 
2792 203 317 1271 1270 
2793 203 318 28 1272 
2794 203 318 1272 1271 
2795 203 271 270 1273 
2796 203 272 271 1274 
2797 203 271 1273 1274 
2798 203 273 272 1275 
2799 203 272 1274 1275 
2800 203 274 273 1276 
2801 203 273 1275 1276 
2802 203 275 274 1277 
2803 203 274 1276 1277 
2804 203 26 275 345 
2805 203 346 345 1278 
2806 203 347 346 1279 
2807 203 346 1278 1279 
2808 203 348 347 1280 
2809 203 347 1279 1280 
2810 203 349 348 1281 
2811 203 348 1280 1281 
2812 203 350 349 1282 
2813 203 349 1281 1282 
2814 203 351 350 1283 
2815 203 350 1282 1283 
2816 203 352 351 1284 
2817 203 351 1283 1284 
2818 203 353 352 1285 
2819 203 352 1284 1285 
2820 203 354 353 1286 
2821 203 353 1285 1286 
2822 203 355 354 1287 
2823 203 354 1286 1287 
2824 203 25 355 1288 
2825 203 355 1287 1288 
2826 203 382 25 1289 
2827 203 383 382 1290 
2828 203 24 383 1291 
2829 203 23 403 289 
2830 203 403 404 1292 
2831 203 404 405 1293 
2832 203 404 1293 1292 
2833 203 405 406 1294 
2834 203 405 1294 1293 
2835 203 406 407 1295 
2836 203 406 1295 1294 
2837 203 407 408 1296 
2838 203 407 1296 1295 
2839 203 408 409 1297 
2840 203 408 1297 1296 
2841 203 409 410 1298 
2842 203 409 1298 1297 
2843 203 410 411 1299 
2844 203 410 1299 1298 
2845 203 411 412 1300 
2846 203 411 1300 1299 
2847 203 412 413 1301 
2848 203 412 1301 1300 
2849 203 413 414 1302 
2850 203 413 1302 1301 
2851 203 414 24 1303 
2852 203 414 1303 1302 
2853 203 284 285 1304 
2854 203 285 286 1305 
2855 203 285 1305 1304 
2856 203 286 287 1306 
2857 203 286 1306 1305 
2858 203 287 288 1307 
2859 203 287 1307 1306 
2860 203 289 403 1292 
2861 203 45 1230 1231 
2862 203 459 1232 1233 
2863 203 34 1233 1243 
2864 203 276 425 1244 
2865 203 1244 425 1234 
2866 203 368 281 1248 
2867 203 1249 368 1248 
2868 203 330 1259 1260 
2869 203 29 1258 1259 
2870 203 331 1260 1261 
2871 203 28 1261 1272 
2872 203 270 308 1273 
2873 203 1273 308 1262 
2874 203 345 275 1277 
2875 203 1278 345 1277 
2876 203 25 1288 1289 
2877 203 382 1289 1290 
2878 203 383 1290 1291 
2879 203 24 1291 1303 
2880 203 458 1231 1232 
2881 203 288 289 1308 
2882 203 446 284 1304 
2883 203 288 1308 1307 
2884 203 1219 446 1304 
2885 203 1221 1220 1309 
2886 203 1222 1221 1310 
2887 203 1221 1309 1310 
2888 203 1223 1222 1311 
2889 203 1222 1310 1311 
2890 203 1224 1223 1312 
2891 203 1223 1311 1312 
2892 203 1225 1224 1313 
2893 203 1224 1312 1313 
2894 203 1226 1225 1314 
2895 203 1225 1313 1314 
2896 203 1227 1226 1315 
2897 203 1226 1314 1315 
2898 203 1228 1227 1316 
2899 203 1227 1315 1316 
2900 203 1229 1228 1317 
2901 203 1228 1316 1317 
2902 203 1230 1229 1318 
2903 203 1229 1317 1318 
2904 203 1233 1232 1319 
2905 203 1235 1236 1320 
2906 203 1234 1235 1321 
2907 203 1235 1320 1321 
2908 203 1237 1238 1322 
2909 203 1238 1239 1323 
2910 203 1238 1323 1322 
2911 203 1239 1240 1324 
2912 203 1239 1324 1323 
2913 203 1240 1241 1325 
2914 203 1240 1325 1324 
2915 203 1241 1242 1326 
2916 203 1241 1326 1325 
2917 203 1242 1243 1327 
2918 203 1242 1327 1326 
2919 203 1249 1248 1328 
2920 203 1244 1234 1321 
2921 203 1260 1259 1329 
2922 203 1246 1245 1330 
2923 203 1247 1246 1331 
2924 203 1246 1330 1331 
2925 203 1248 1247 1328 
2926 203 1250 1249 1328 
2927 203 1251 1250 1332 
2928 203 1252 1251 1333 
2929 203 1251 1332 1333 
2930 203 1253 1252 1334 
2931 203 1252 1333 1334 
2932 203 1254 1253 1335 
2933 203 1253 1334 1335 
2934 203 1255 1254 1336 
2935 203 1254 1335 1336 
2936 203 1256 1255 1337 
2937 203 1255 1336 1337 
2938 203 1257 1256 1338 
2939 203 1256 1337 1338 
2940 203 1258 1257 1339 
2941 203 1257 1338 1339 
2942 203 1261 1260 1340 
2943 203 1263 1264 1341 
2944 203 1262 1263 1342 
2945 203 1263 1341 1342 
2946 203 1265 1266 1343 
2947 203 1266 1267 1344 
2948 203 1266 1344 1343 
2949 203 1267 1268 1345 
2950 203 1267 1345 1344 
2951 203 1268 1269 1346 
2952 203 1268 1346 1345 
2953 203 1269 1270 1347 
2954 203 1269 1347 1346 
2955 203 1270 1271 1348 
2956 203 1270 1348 1347 
2957 203 1271 1272 1349 
2958 203 1271 1349 1348 
2959 203 1278 1277 1350 
2960 203 1273 1262 1342 
2961 203 1289 1288 1351 
2962 203 1275 1274 1352 
2963 203 1276 1275 1353 
2964 203 1275 1352 1353 
2965 203 1277 1276 1350 
2966 203 1279 1278 1350 
2967 203 1280 1279 1354 
2968 203 1281 1280 1355 
2969 203 1280 1354 1355 
2970 203 1282 1281 1356 
2971 203 1281 1355 1356 
2972 203 1283 1282 1357 
2973 203 1282 1356 1357 
2974 203 1284 1283 1358 
2975 203 1283 1357 1358 
2976 203 1285 1284 1359 
2977 203 1284 1358 1359 
2978 203 1286 1285 1360 
2979 203 1285 1359 1360 
2980 203 1287 1286 1361 
2981 203 1286 1360 1361 
2982 203 1288 1287 1362 
2983 203 1287 1361 1362 
2984 203 1290 1289 1363 
2985 203 1293 1294 1364 
2986 203 1292 1293 1365 
2987 203 1293 1364 1365 
2988 203 1295 1296 1366 
2989 203 1296 1297 1367 
2990 203 1296 1367 1366 
2991 203 1297 1298 1368 
2992 203 1297 1368 1367 
2993 203 1298 1299 1369 
2994 203 1298 1369 1368 
2995 203 1299 1300 1370 
2996 203 1299 1370 1369 
2997 203 1300 1301 1371 
2998 203 1300 1371 1370 
2999 203 1301 1302 1372 
3000 203 1301 1372 1371 
3001 203 1302 1303 1373 
3002 203 1302 1373 1372 
3003 203 1232 1231 1374 
3004 203 1305 1306 1375 
3005 203 1308 289 1292 
3006 203 1304 1305 1376 
3007 203 1305 1375 1376 
3008 203 1219 1304 1376 
3009 203 1231 1230 1377 
3010 203 1220 1219 1376 
3011 203 1243 1233 1378 
3012 203 1236 1237 1379 
3013 203 1237 1322 1379 
3014 203 1245 1244 1321 
3015 203 1259 1258 1380 
3016 203 1272 1261 1381 
3017 203 1264 1265 1382 
3018 203 1264 1382 1341 
3019 203 1274 1273 1342 
3020 203 1291 1290 1383 
3021 203 1303 1291 1384 
3022 203 1294 1295 1385 
3023 203 1364 1294 1385 
3024 203 1295 1366 1385 
3025 203 1306 1307 1386 
3026 203 1306 1386 1375 
3027 203 1308 1292 1365 
3028 203 1309 1220 1376 
3029 203 1230 1318 1377 
3030 203 1319 1232 1387 
3031 203 1232 1374 1387 
3032 203 1245 1321 1330 
3033 203 1260 1329 1388 
3034 203 1260 1388 1340 
3035 203 1261 1340 1381 
3036 203 1327 1243 1378 
3037 203 1250 1328 1332 
3038 203 1259 1380 1389 
3039 203 1259 1389 1329 
3040 203 1328 1247 1331 
3041 203 1274 1342 1352 
3042 203 1382 1265 1343 
3043 203 1308 1365 1307 
3044 203 1258 1339 1380 
3045 203 1307 1365 1386 
3046 203 1289 1351 1363 
3047 203 1288 1362 1351 
3048 203 1349 1272 1381 
3049 203 1279 1350 1354 
3050 203 1291 1383 1384 
3051 203 1350 1276 1353 
3052 203 1290 1363 1390 
3053 203 1290 1390 1383 
3054 203 1373 1303 1384 
3055 203 1374 1231 1377 
3056 203 1233 1319 1391 
3057 203 1233 1391 1378 
3058 203 1320 1236 1379 
3059 203 1311 1310 1392 
3060 203 1312 1311 1393 
3061 203 1311 1392 1393 
3062 203 1313 1312 1394 
3063 203 1312 1393 1394 
3064 203 1314 1313 1395 
3065 203 1313 1394 1395 
3066 203 1315 1314 1396 
3067 203 1314 1395 1396 
3068 203 1316 1315 1397 
3069 203 1315 1396 1397 
3070 203 1317 1316 1398 
3071 203 1316 1397 1398 
3072 203 1318 1317 1399 
3073 203 1317 1398 1399 
3074 203 1323 1324 1400 
3075 203 1322 1323 1401 
3076 203 1323 1400 1401 
3077 203 1325 1326 1402 
3078 203 1326 1327 1403 
3079 203 1326 1403 1402 
3080 203 1328 1331 1404 
3081 203 1328 1404 1332 
3082 203 1352 1342 1405 
3083 203 1342 1341 1405 
3084 203 1333 1332 1406 
3085 203 1332 1404 1406 
3086 203 1334 1333 1407 
3087 203 1333 1406 1407 
3088 203 1335 1334 1408 
3089 203 1334 1407 1408 
3090 203 1336 1335 1409 
3091 203 1335 1408 1409 
3092 203 1337 1336 1410 
3093 203 1336 1409 1410 
3094 203 1338 1337 1411 
3095 203 1337 1410 1411 
3096 203 1339 1338 1412 
3097 203 1338 1411 1412 
3098 203 1381 1340 1413 
3099 203 1368 1369 1414 
3100 203 1365 1364 1415 
3101 203 1365 1415 1386 
3102 203 1353 1352 1405 
3103 203 1344 1345 1416 
3104 203 1343 1344 1417 
3105 203 1344 1416 1417 
3106 203 1346 1347 1418 
3107 203 1347 1348 1419 
3108 203 1347 1419 1418 
3109 203 1348 1349 1420 
3110 203 1348 1420 1419 
3111 203 1382 1343 1421 
3112 203 1343 1417 1421 
3113 203 1349 1381 1422 
3114 203 1345 1346 1423 
3115 203 1345 1423 1416 
3116 203 1363 1351 1424 
3117 203 1355 1354 1425 
3118 203 1384 1383 1426 
3119 203 1331 1330 1427 
3120 203 1404 1331 1427 
3121 203 1330 1321 1427 
3122 203 1356 1355 1428 
3123 203 1355 1425 1428 
3124 203 1357 1356 1429 
3125 203 1356 1428 1429 
3126 203 1358 1357 1430 
3127 203 1357 1429 1430 
3128 203 1359 1358 1431 
3129 203 1358 1430 1431 
3130 203 1360 1359 1432 
3131 203 1359 1431 1432 
3132 203 1361 1360 1433 
3133 203 1360 1432 1433 
3134 203 1362 1361 1434 
3135 203 1361 1433 1434 
3136 203 1351 1362 1435 
3137 203 1375 1386 1415 
3138 203 1324 1325 1436 
3139 203 1325 1402 1436 
3140 203 1321 1320 1427 
3141 203 1309 1376 1437 
3142 203 1376 1375 1437 
3143 203 1367 1368 1438 
3144 203 1368 1414 1438 
3145 203 1366 1367 1439 
3146 203 1367 1438 1439 
3147 203 1369 1370 1440 
3148 203 1369 1440 1414 
3149 203 1370 1371 1441 
3150 203 1370 1441 1440 
3151 203 1371 1372 1442 
3152 203 1371 1442 1441 
3153 203 1372 1373 1443 
3154 203 1372 1443 1442 
3155 203 1380 1339 1444 
3156 203 1389 1380 1444 
3157 203 1339 1412 1444 
3158 203 1379 1322 1445 
3159 203 1322 1401 1445 
3160 203 1377 1318 1446 
3161 203 1320 1379 1447 
3162 203 1427 1320 1447 
3163 203 1379 1445 1447 
3164 203 1310 1309 1437 
3165 203 1327 1378 1448 
3166 203 1354 1350 1449 
3167 203 1425 1354 1449 
3168 203 1350 1353 1449 
3169 203 1341 1382 1450 
3170 203 1405 1341 1450 
3171 203 1382 1421 1450 
3172 203 1373 1384 1451 
3173 203 1374 1377 1452 
3174 203 1387 1374 1453 
3175 203 1374 1452 1453 
3176 203 1318 1399 1446 
3177 203 1400 1324 1436 
3178 203 1388 1329 1454 
3179 203 1329 1389 1454 
3180 203 1377 1446 1452 
3181 203 1381 1413 1422 
3182 203 1451 1384 1426 
3183 203 1385 1366 1455 
3184 203 1366 1439 1455 
3185 203 1327 1448 1403 
3186 203 1413 1340 1456 
3187 203 1340 1388 1456 
3188 203 1426 1383 1457 
3189 203 1383 1390 1457 
3190 203 1363 1424 1458 
3191 203 1363 1458 1390 
3192 203 1349 1422 1420 
3193 203 1423 1346 1418 
3194 203 1373 1451 1443 
3195 203 1424 1351 1435 
3196 203 1310 1437 1392 
3197 203 1435 1362 1434 
3198 203 1375 1415 1437 
3199 203 1391 1319 1459 
3200 203 1319 1387 1459 
3201 203 1378 1391 1448 
3202 203 1449 1353 1405 
3203 203 1364 1385 1460 
3204 203 1415 1364 1460 
3205 203 1385 1455 1460 
3206 203 1394 1393 1439 
3207 203 1395 1394 1438 
3208 203 1396 1395 1414 
3209 203 1398 1397 1441 
3210 203 1402 1403 1411 
3211 203 1428 1425 1450 
3212 203 1445 1401 1407 
3213 203 1406 1404 1447 
3214 203 1407 1406 1445 
3215 203 1452 1446 1461 
3216 203 1408 1407 1401 
3217 203 1409 1408 1400 
3218 203 1410 1409 1436 
3219 203 1411 1410 1402 
3220 203 1412 1411 1403 
3221 203 1403 1448 1412 
3222 203 1418 1419 1432 
3223 203 1436 1409 1400 
3224 203 1439 1393 1462 
3225 203 1455 1439 1462 
3226 203 1393 1392 1462 
3227 203 1451 1426 1461 
3228 203 1420 1422 1463 
3229 203 1394 1439 1438 
3230 203 1404 1427 1447 
3231 203 1433 1432 1419 
3232 203 1412 1448 1444 
3233 203 1436 1402 1410 
3234 203 1438 1414 1395 
3235 203 1441 1442 1398 
3236 203 1424 1435 1464 
3237 203 1437 1415 1460 
3238 203 1401 1400 1408 
3239 203 1443 1451 1465 
3240 203 1414 1440 1396 
3241 203 1448 1391 1444 
3242 203 1435 1434 1463 
3243 203 1449 1405 1425 
3244 203 1422 1413 1464 
3245 203 1446 1399 1465 
3246 203 1418 1432 1466 
3247 203 1423 1418 1466 
3248 203 1432 1431 1466 
3249 203 1445 1406 1447 
3250 203 1425 1405 1450 
3251 203 1398 1442 1467 
3252 203 1424 1464 1468 
3253 203 1458 1424 1468 
3254 203 1464 1413 1468 
3255 203 1397 1396 1440 
3256 203 1399 1398 1467 
3257 203 1454 1389 1469 
3258 203 1428 1450 1421 
3259 203 1452 1461 1470 
3260 203 1453 1452 1470 
3261 203 1461 1426 1470 
3262 203 1461 1446 1451 
3263 203 1456 1388 1471 
3264 203 1388 1454 1471 
3265 203 1457 1390 1472 
3266 203 1390 1458 1472 
3267 203 1435 1463 1464 
3268 203 1417 1416 1473 
3269 203 1419 1420 1474 
3270 203 1421 1417 1475 
3271 203 1463 1422 1464 
3272 203 1440 1441 1397 
3273 203 1420 1463 1474 
3274 203 1416 1423 1476 
3275 203 1392 1437 1460 
3276 203 1426 1457 1470 
3277 203 1413 1456 1468 
3278 203 1429 1428 1475 
3279 203 1430 1429 1473 
3280 203 1431 1430 1476 
3281 203 1434 1433 1474 
3282 203 1459 1387 1477 
3283 203 1387 1453 1477 
3284 203 1391 1459 1469 
3285 203 1417 1473 1475 
3286 203 1442 1443 1467 
3287 203 1389 1444 1469 
3288 203 1463 1434 1474 
3289 203 1429 1475 1473 
3290 203 1451 1446 1465 
3291 203 1416 1476 1473 
3292 203 1476 1430 1473 
3293 203 1458 1468 1478 
3294 203 1472 1458 1478 
3295 203 1468 1456 1478 
3296 203 1444 1391 1469 
3297 203 1428 1421 1475 
3298 203 1443 1465 1467 
3299 203 1453 1470 1479 
3300 203 1477 1453 1479 
3301 203 1470 1457 1479 
3302 203 1433 1419 1474 
3303 203 1476 1423 1466 
3304 203 1454 1469 1480 
3305 203 1471 1454 1480 
3306 203 1469 1459 1480 
3307 203 1467 1465 1399 
3308 203 1431 1476 1466 
3309 203 1479 1457 1472 
3310 203 1480 1459 1477 
3311 203 1478 1456 1471 
3312 203 1455 1462 1460 
3313 203 1472 1478 1481 
3314 203 1479 1472 1481 
3315 203 1478 1471 1481 
3316 203 1480 1477 1481 
3317 203 1392 1460 1462 
3318 203 1477 1479 1481 
3319 203 1471 1480 1481 
