667 1334
1 0.00000000000000e+00 0.00000000000000e+00 0.00000000000000e+00
2 5.00000000000000e+00 0.00000000000000e+00 0.00000000000000e+00
3 0.00000000000000e+00 1.00000000000000e+00 0.00000000000000e+00
4 5.00000000000000e+00 1.00000000000000e+00 0.00000000000000e+00
5 1.12500000000000e+00 5.00000000000000e-01 0.00000000000000e+00
6 1.00000000000000e-01 0.00000000000000e+00 0.00000000000000e+00
7 2.00000000000000e-01 0.00000000000000e+00 0.00000000000000e+00
8 3.00000000000000e-01 0.00000000000000e+00 0.00000000000000e+00
9 4.00000000000000e-01 0.00000000000000e+00 0.00000000000000e+00
10 5.00000000000000e-01 0.00000000000000e+00 0.00000000000000e+00
11 6.00000000000000e-01 0.00000000000000e+00 0.00000000000000e+00
12 7.00000000000000e-01 0.00000000000000e+00 0.00000000000000e+00
13 8.00000000000000e-01 0.00000000000000e+00 0.00000000000000e+00
14 9.00000000000000e-01 0.00000000000000e+00 0.00000000000000e+00
15 1.00000000000000e+00 0.00000000000000e+00 0.00000000000000e+00
16 1.10000000000000e+00 0.00000000000000e+00 0.00000000000000e+00
17 1.20000000000000e+00 0.00000000000000e+00 0.00000000000000e+00
18 1.30000000000000e+00 0.00000000000000e+00 0.00000000000000e+00
19 1.40000000000000e+00 0.00000000000000e+00 0.00000000000000e+00
20 1.50000000000000e+00 0.00000000000000e+00 0.00000000000000e+00
21 1.60000000000000e+00 0.00000000000000e+00 0.00000000000000e+00
22 1.70000000000000e+00 0.00000000000000e+00 0.00000000000000e+00
23 1.80000000000000e+00 0.00000000000000e+00 0.00000000000000e+00
24 1.90000000000000e+00 0.00000000000000e+00 0.00000000000000e+00
25 2.00000000000000e+00 0.00000000000000e+00 0.00000000000000e+00
26 2.10000000000000e+00 0.00000000000000e+00 0.00000000000000e+00
27 2.20000000000000e+00 0.00000000000000e+00 0.00000000000000e+00
28 2.30000000000000e+00 0.00000000000000e+00 0.00000000000000e+00
29 2.40000000000000e+00 0.00000000000000e+00 0.00000000000000e+00
30 2.50000000000000e+00 0.00000000000000e+00 0.00000000000000e+00
31 2.60000000000000e+00 0.00000000000000e+00 0.00000000000000e+00
32 2.70000000000000e+00 0.00000000000000e+00 0.00000000000000e+00
33 2.80000000000000e+00 0.00000000000000e+00 0.00000000000000e+00
34 2.90000000000000e+00 0.00000000000000e+00 0.00000000000000e+00
35 3.00000000000000e+00 0.00000000000000e+00 0.00000000000000e+00
36 3.10000000000000e+00 0.00000000000000e+00 0.00000000000000e+00
37 3.20000000000000e+00 0.00000000000000e+00 0.00000000000000e+00
38 3.30000000000000e+00 0.00000000000000e+00 0.00000000000000e+00
39 3.40000000000000e+00 0.00000000000000e+00 0.00000000000000e+00
40 3.50000000000000e+00 0.00000000000000e+00 0.00000000000000e+00
41 3.60000000000000e+00 0.00000000000000e+00 0.00000000000000e+00
42 3.70000000000000e+00 0.00000000000000e+00 0.00000000000000e+00
43 3.80000000000000e+00 0.00000000000000e+00 0.00000000000000e+00
44 3.90000000000000e+00 0.00000000000000e+00 0.00000000000000e+00
45 4.00000000000000e+00 0.00000000000000e+00 0.00000000000000e+00
46 4.10000000000000e+00 0.00000000000000e+00 0.00000000000000e+00
47 4.20000000000000e+00 0.00000000000000e+00 0.00000000000000e+00
48 4.30000000000000e+00 0.00000000000000e+00 0.00000000000000e+00
49 4.40000000000000e+00 0.00000000000000e+00 0.00000000000000e+00
50 4.50000000000000e+00 0.00000000000000e+00 0.00000000000000e+00
51 4.60000000000000e+00 0.00000000000000e+00 0.00000000000000e+00
52 4.70000000000000e+00 0.00000000000000e+00 0.00000000000000e+00
53 4.80000000000000e+00 0.00000000000000e+00 0.00000000000000e+00
54 4.90000000000000e+00 0.00000000000000e+00 0.00000000000000e+00
55 0.00000000000000e+00 9.00000000000000e-01 0.00000000000000e+00
56 0.00000000000000e+00 8.00000000000000e-01 0.00000000000000e+00
57 0.00000000000000e+00 7.00000000000000e-01 0.00000000000000e+00
58 0.00000000000000e+00 6.00000000000000e-01 0.00000000000000e+00
59 0.00000000000000e+00 5.00000000000000e-01 0.00000000000000e+00
60 0.00000000000000e+00 4.00000000000000e-01 0.00000000000000e+00
61 0.00000000000000e+00 3.00000000000000e-01 0.00000000000000e+00
62 0.00000000000000e+00 2.00000000000000e-01 0.00000000000000e+00
63 0.00000000000000e+00 1.00000000000000e-01 0.00000000000000e+00
64 5.00000000000000e+00 1.00000000000000e-01 0.00000000000000e+00
65 5.00000000000000e+00 2.00000000000000e-01 0.00000000000000e+00
66 5.00000000000000e+00 3.00000000000000e-01 0.00000000000000e+00
67 5.00000000000000e+00 4.00000000000000e-01 0.00000000000000e+00
68 5.00000000000000e+00 5.00000000000000e-01 0.00000000000000e+00
69 5.00000000000000e+00 6.00000000000000e-01 0.00000000000000e+00
70 5.00000000000000e+00 7.00000000000000e-01 0.00000000000000e+00
71 5.00000000000000e+00 8.00000000000000e-01 0.00000000000000e+00
72 5.00000000000000e+00 9.00000000000000e-01 0.00000000000000e+00
73 4.90000000000000e+00 1.00000000000000e+00 0.00000000000000e+00
74 4.80000000000000e+00 1.00000000000000e+00 0.00000000000000e+00
75 4.70000000000000e+00 1.00000000000000e+00 0.00000000000000e+00
76 4.60000000000000e+00 1.00000000000000e+00 0.00000000000000e+00
77 4.50000000000000e+00 1.00000000000000e+00 0.00000000000000e+00
78 4.40000000000000e+00 1.00000000000000e+00 0.00000000000000e+00
79 4.30000000000000e+00 1.00000000000000e+00 0.00000000000000e+00
80 4.20000000000000e+00 1.00000000000000e+00 0.00000000000000e+00
81 4.10000000000000e+00 1.00000000000000e+00 0.00000000000000e+00
82 4.00000000000000e+00 1.00000000000000e+00 0.00000000000000e+00
83 3.90000000000000e+00 1.00000000000000e+00 0.00000000000000e+00
84 3.80000000000000e+00 1.00000000000000e+00 0.00000000000000e+00
85 3.70000000000000e+00 1.00000000000000e+00 0.00000000000000e+00
86 3.60000000000000e+00 1.00000000000000e+00 0.00000000000000e+00
87 3.50000000000000e+00 1.00000000000000e+00 0.00000000000000e+00
88 3.40000000000000e+00 1.00000000000000e+00 0.00000000000000e+00
89 3.30000000000000e+00 1.00000000000000e+00 0.00000000000000e+00
90 3.20000000000000e+00 1.00000000000000e+00 0.00000000000000e+00
91 3.10000000000000e+00 1.00000000000000e+00 0.00000000000000e+00
92 3.00000000000000e+00 1.00000000000000e+00 0.00000000000000e+00
93 2.90000000000000e+00 1.00000000000000e+00 0.00000000000000e+00
94 2.80000000000000e+00 1.00000000000000e+00 0.00000000000000e+00
95 2.70000000000000e+00 1.00000000000000e+00 0.00000000000000e+00
96 2.60000000000000e+00 1.00000000000000e+00 0.00000000000000e+00
97 2.50000000000000e+00 1.00000000000000e+00 0.00000000000000e+00
98 2.40000000000000e+00 1.00000000000000e+00 0.00000000000000e+00
99 2.30000000000000e+00 1.00000000000000e+00 0.00000000000000e+00
100 2.20000000000000e+00 1.00000000000000e+00 0.00000000000000e+00
101 2.10000000000000e+00 1.00000000000000e+00 0.00000000000000e+00
102 2.00000000000000e+00 1.00000000000000e+00 0.00000000000000e+00
103 1.90000000000000e+00 1.00000000000000e+00 0.00000000000000e+00
104 1.80000000000000e+00 1.00000000000000e+00 0.00000000000000e+00
105 1.70000000000000e+00 1.00000000000000e+00 0.00000000000000e+00
106 1.60000000000000e+00 1.00000000000000e+00 0.00000000000000e+00
107 1.50000000000000e+00 1.00000000000000e+00 0.00000000000000e+00
108 1.40000000000000e+00 1.00000000000000e+00 0.00000000000000e+00
109 1.30000000000000e+00 1.00000000000000e+00 0.00000000000000e+00
110 1.20000000000000e+00 1.00000000000000e+00 0.00000000000000e+00
111 1.10000000000000e+00 1.00000000000000e+00 0.00000000000000e+00
112 9.99999999999998e-01 1.00000000000000e+00 0.00000000000000e+00
113 8.99999999999999e-01 1.00000000000000e+00 0.00000000000000e+00
114 7.99999999999999e-01 1.00000000000000e+00 0.00000000000000e+00
115 6.99999999999999e-01 1.00000000000000e+00 0.00000000000000e+00
116 6.00000000000000e-01 1.00000000000000e+00 0.00000000000000e+00
117 5.00000000000000e-01 1.00000000000000e+00 0.00000000000000e+00
118 4.00000000000000e-01 1.00000000000000e+00 0.00000000000000e+00
119 3.00000000000001e-01 1.00000000000000e+00 0.00000000000000e+00
120 2.00000000000001e-01 1.00000000000000e+00 0.00000000000000e+00
121 1.00000000000001e-01 1.00000000000000e+00 0.00000000000000e+00
122 1.08838834764832e+00 5.88388347648318e-01 0.00000000000000e+00
123 1.00000000000000e+00 6.25000000000000e-01 0.00000000000000e+00
124 9.11611652351682e-01 5.88388347648318e-01 0.00000000000000e+00
125 8.75000000000000e-01 5.00000000000000e-01 0.00000000000000e+00
126 9.11611652351682e-01 4.11611652351682e-01 0.00000000000000e+00
127 1.00000000000000e+00 3.75000000000000e-01 0.00000000000000e+00
128 1.08838834764832e+00 4.11611652351682e-01 0.00000000000000e+00
129 4.78163930350914e-01 6.00469698761253e-01 0.00000000000000e+00
130 6.79844705845129e-01 2.50971422808374e-01 0.00000000000000e+00
131 2.75425697323032e-01 2.50669862667673e-01 0.00000000000000e+00
132 2.09561092795953e+00 6.00470321089089e-01 0.00000000000000e+00
133 1.28540353667086e+00 6.01259773065053e-01 0.00000000000000e+00
134 1.48807408946321e+00 2.50626374218721e-01 0.00000000000000e+00
135 1.08460865637495e+00 2.48450242480949e-01 0.00000000000000e+00
136 2.29664582936663e+00 2.50584846180771e-01 0.00000000000000e+00
137 1.89232030014383e+00 2.50625026961865e-01 0.00000000000000e+00
138 3.71311042274614e+00 6.00470297928529e-01 0.00000000000000e+00
139 2.90438867855337e+00 6.00470629825826e-01 0.00000000000000e+00
140 3.10767474928315e+00 2.50623540678397e-01 0.00000000000000e+00
141 2.70335613436937e+00 2.50584819655884e-01 0.00000000000000e+00
142 3.91617425339442e+00 2.50623539054754e-01 0.00000000000000e+00
143 3.51192839163284e+00 2.50625027788985e-01 0.00000000000000e+00
144 4.52182989956036e+00 6.00470994249041e-01 0.00000000000000e+00
145 4.72458793440711e+00 2.50666459339236e-01 0.00000000000000e+00
146 4.32042684181880e+00 2.50625026123014e-01 0.00000000000000e+00
147 4.91315135902522e+00 6.00353436496642e-01 0.00000000000000e+00
148 4.73506848896810e+00 9.33983422914291e-01 0.00000000000000e+00
149 4.33275949064713e+00 9.34157075539622e-01 0.00000000000000e+00
150 3.52780517204624e+00 9.34156889323442e-01 0.00000000000000e+00
151 3.93027203101665e+00 9.34167533419926e-01 0.00000000000000e+00
152 2.72256094345290e+00 9.34294506520023e-01 0.00000000000000e+00
153 3.12534037128947e+00 9.34146081643525e-01 0.00000000000000e+00
154 1.87467227377445e+00 9.34156890858107e-01 0.00000000000000e+00
155 2.27745406078819e+00 9.34305400678169e-01 0.00000000000000e+00
156 1.06972444179381e+00 9.34176518297346e-01 0.00000000000000e+00
157 1.47218388230042e+00 9.34146161668070e-01 0.00000000000000e+00
158 2.64929640797960e-01 9.33994591555576e-01 0.00000000000000e+00
159 6.67245721057531e-01 9.34163960920900e-01 0.00000000000000e+00
160 8.68296491770013e-02 6.00327269325806e-01 0.00000000000000e+00
161 8.59285579316823e-01 5.94852667263272e-01 0.00000000000000e+00
162 3.30874646653469e+00 6.00473221581934e-01 0.00000000000000e+00
163 4.11746968878420e+00 6.00471823006338e-01 0.00000000000000e+00
164 1.69125349985768e+00 6.00473250643199e-01 0.00000000000000e+00
165 2.49999988959541e+00 6.00477027411225e-01 0.00000000000000e+00
166 4.92660322248947e+00 9.27100311497066e-01 0.00000000000000e+00
167 4.82477212603729e+00 7.72864264657248e-01 0.00000000000000e+00
168 4.62359133313097e+00 7.74590660258017e-01 0.00000000000000e+00
169 4.72372332358252e+00 6.00499310904405e-01 0.00000000000000e+00
170 4.62291007324366e+00 4.25420871052880e-01 0.00000000000000e+00
171 4.42074095591065e+00 4.25403607763243e-01 0.00000000000000e+00
172 4.52251283770521e+00 2.50608213015131e-01 0.00000000000000e+00
173 4.83425866733024e+00 8.09015675493749e-02 0.00000000000000e+00
174 4.63458835497988e+00 8.05350224341490e-02 0.00000000000000e+00
175 4.43337305026300e+00 8.05393598706723e-02 0.00000000000000e+00
176 4.23212185088199e+00 8.05344350704712e-02 0.00000000000000e+00
177 4.92573569586572e+00 2.50674600979409e-01 0.00000000000000e+00
178 4.82438794949422e+00 4.27028372518197e-01 0.00000000000000e+00
179 3.32654429293595e+00 9.34177405852788e-01 0.00000000000000e+00
180 3.61299474458153e+00 7.74582898120023e-01 0.00000000000000e+00
181 3.41078926866713e+00 7.74662098379085e-01 0.00000000000000e+00
182 3.51092194037821e+00 6.00478069752330e-01 0.00000000000000e+00
183 3.20868397041213e+00 7.74639431989727e-01 0.00000000000000e+00
184 3.00659582374539e+00 7.74606469300219e-01 0.00000000000000e+00
185 3.10656050566294e+00 6.00477932432793e-01 0.00000000000000e+00
186 3.81420001006153e+00 4.25403646263814e-01 0.00000000000000e+00
187 3.61201927244658e+00 4.25403752559033e-01 0.00000000000000e+00
188 3.71400261321339e+00 2.50608093334678e-01 0.00000000000000e+00
189 4.03090060499091e+00 8.05414421466720e-02 0.00000000000000e+00
190 3.82963547239759e+00 8.05321813811222e-02 0.00000000000000e+00
191 3.62841691930007e+00 8.05393577682871e-02 0.00000000000000e+00
192 3.42716222541685e+00 8.05344350798115e-02 0.00000000000000e+00
193 3.00547831378920e+00 4.25403792203676e-01 0.00000000000000e+00
194 2.80329740094465e+00 4.25403351425422e-01 0.00000000000000e+00
195 2.90549164722106e+00 2.50607780324358e-01 0.00000000000000e+00
196 3.22594593511680e+00 8.05414421486108e-02 0.00000000000000e+00
197 3.02467424686307e+00 8.05321776613022e-02 0.00000000000000e+00
198 2.82344243188661e+00 8.05279743468115e-02 0.00000000000000e+00
199 2.61935180841244e+00 7.89437155874304e-02 0.00000000000000e+00
200 3.30970063170880e+00 2.50594168824821e-01 0.00000000000000e+00
201 3.20765056579377e+00 4.25401468992055e-01 0.00000000000000e+00
202 3.40983192355696e+00 4.25401615209818e-01 0.00000000000000e+00
203 4.11822090599440e+00 2.50594169316934e-01 0.00000000000000e+00
204 4.01637389840423e+00 4.25401323275779e-01 0.00000000000000e+00
205 3.91528430376734e+00 6.00477160109060e-01 0.00000000000000e+00
206 4.21855515159497e+00 4.25401461197000e-01 0.00000000000000e+00
207 4.31964627841881e+00 6.00476584305400e-01 0.00000000000000e+00
208 3.81510810096386e+00 7.74595674424755e-01 0.00000000000000e+00
209 3.72903199267116e+00 9.34168084435610e-01 0.00000000000000e+00
210 4.42148940710980e+00 7.74586519234412e-01 0.00000000000000e+00
211 4.53397843656159e+00 9.34181783502859e-01 0.00000000000000e+00
212 4.13150293311605e+00 9.34177925695302e-01 0.00000000000000e+00
213 4.21930467774370e+00 7.74662110141108e-01 0.00000000000000e+00
214 4.01718146748644e+00 7.74653225062885e-01 0.00000000000000e+00
215 1.67345569091668e+00 9.34177406858717e-01 0.00000000000000e+00
216 1.99337615693769e+00 7.74582938240691e-01 0.00000000000000e+00
217 1.79134161823019e+00 7.74662099214049e-01 0.00000000000000e+00
218 1.89343972211308e+00 6.00478069909606e-01 0.00000000000000e+00
219 1.58918676250898e+00 7.74639632913931e-01 0.00000000000000e+00
220 1.38698680563613e+00 7.74619199578686e-01 0.00000000000000e+00
221 1.48906298344573e+00 6.00484766226262e-01 0.00000000000000e+00
222 2.19670232692375e+00 4.25403439901229e-01 0.00000000000000e+00
223 1.99452197615355e+00 4.25403750962829e-01 0.00000000000000e+00
224 2.09450819863760e+00 2.50607858906206e-01 0.00000000000000e+00
225 2.38063466925750e+00 7.89475808784075e-02 0.00000000000000e+00
226 2.17658287531525e+00 8.05218957281282e-02 0.00000000000000e+00
227 1.97530005827972e+00 8.05393476079693e-02 0.00000000000000e+00
228 1.77407828104340e+00 8.05344351387884e-02 0.00000000000000e+00
229 1.38787473421013e+00 4.25595193105383e-01 0.00000000000000e+00
230 1.18091698616996e+00 4.35109398708375e-01 0.00000000000000e+00
231 1.28590673937464e+00 2.50669958991537e-01 0.00000000000000e+00
232 1.57281509971578e+00 8.05414535091692e-02 0.00000000000000e+00
233 1.37160505175166e+00 8.05319413218005e-02 0.00000000000000e+00
234 1.17035023764327e+00 8.05177264972804e-02 0.00000000000000e+00
235 9.69180241018953e-01 8.04600209651797e-02 0.00000000000000e+00
236 1.69029898348037e+00 2.50594178255594e-01 0.00000000000000e+00
237 1.59016802813946e+00 4.25402052746598e-01 0.00000000000000e+00
238 1.79234892256830e+00 4.25401616721578e-01 0.00000000000000e+00
239 7.33582936077295e-02 9.27105277971505e-01 0.00000000000000e+00
240 3.76397210481338e-01 7.74562310311491e-01 0.00000000000000e+00
241 1.75235722684384e-01 7.72861187288803e-01 0.00000000000000e+00
242 2.76261861154842e-01 6.00473931133749e-01 0.00000000000000e+00
243 5.79192043801697e-01 4.25444596863158e-01 0.00000000000000e+00
244 3.77087888688672e-01 4.25418263964812e-01 0.00000000000000e+00
245 4.77489569097667e-01 2.50610484214071e-01 0.00000000000000e+00
246 7.67913062007318e-01 8.05679662573134e-02 0.00000000000000e+00
247 5.66646236512601e-01 8.05342425816720e-02 0.00000000000000e+00
248 3.65397853376928e-01 8.05424813672249e-02 0.00000000000000e+00
249 1.65702061068327e-01 8.09033651297592e-02 0.00000000000000e+00
250 7.42737356501779e-02 2.50685228859295e-01 0.00000000000000e+00
251 1.75610240115211e-01 4.27003351988110e-01 0.00000000000000e+00
252 8.84346427057727e-01 2.50443629307195e-01 0.00000000000000e+00
253 7.75994693760127e-01 4.28346236556083e-01 0.00000000000000e+00
254 6.79546222534942e-01 6.00350865712212e-01 0.00000000000000e+00
255 1.08709170341864e+00 6.37490077713335e-01 0.00000000000000e+00
256 5.78503629520497e-01 7.74590596621842e-01 0.00000000000000e+00
257 4.66009501712944e-01 9.34167661064585e-01 0.00000000000000e+00
258 1.18467682074542e+00 7.75334961577240e-01 0.00000000000000e+00
259 1.27097817456602e+00 9.34185033866103e-01 0.00000000000000e+00
260 8.68490055265486e-01 9.34148256207625e-01 0.00000000000000e+00
261 9.82837833432610e-01 7.74158670048581e-01 0.00000000000000e+00
262 7.80254308088183e-01 7.74277866985098e-01 0.00000000000000e+00
263 2.50000394048752e+00 2.50262275553046e-01 0.00000000000000e+00
264 2.39889930292124e+00 4.25398447869287e-01 0.00000000000000e+00
265 2.29780228387118e+00 6.00477887360626e-01 0.00000000000000e+00
266 2.60110075657889e+00 4.25398482018971e-01 0.00000000000000e+00
267 2.70219762417770e+00 6.00477519676086e-01 0.00000000000000e+00
268 2.19552460322828e+00 7.74599201140348e-01 0.00000000000000e+00
269 2.07592421930544e+00 9.34168557627542e-01 0.00000000000000e+00
270 2.80448589625016e+00 7.74589957463158e-01 0.00000000000000e+00
271 2.92405780327907e+00 9.34182646038272e-01 0.00000000000000e+00
272 2.50000218948984e+00 9.43515324894349e-01 0.00000000000000e+00
273 2.60183542895074e+00 7.74829366857472e-01 0.00000000000000e+00
274 2.39816528666685e+00 7.74822596012040e-01 0.00000000000000e+00
275 4.83438901879110e+00 9.32428818508556e-01 0.00000000000000e+00
276 4.94540567654029e+00 6.72022583919236e-01 0.00000000000000e+00
277 4.77729636273285e+00 8.57186069650395e-01 0.00000000000000e+00
278 4.67694545673086e+00 8.57837946266650e-01 0.00000000000000e+00
279 4.72472533122753e+00 7.73866287096282e-01 0.00000000000000e+00
280 4.86976311196485e+00 6.84388778549494e-01 0.00000000000000e+00
281 4.77371633178469e+00 6.87137033709287e-01 0.00000000000000e+00
282 4.82217734330605e+00 6.00305516467156e-01 0.00000000000000e+00
283 4.67349331296015e+00 6.87643700454205e-01 0.00000000000000e+00
284 4.57250305343455e+00 6.87803067473290e-01 0.00000000000000e+00
285 4.62289364800652e+00 6.00428947557558e-01 0.00000000000000e+00
286 4.92489087718707e+00 7.64808793277294e-01 0.00000000000000e+00
287 4.87357167375263e+00 8.54246859888411e-01 0.00000000000000e+00
288 4.94750106723159e+00 8.51640837837463e-01 0.00000000000000e+00
289 4.57235813113619e+00 5.12942328626345e-01 0.00000000000000e+00
290 4.47127537229597e+00 5.12941858676892e-01 0.00000000000000e+00
291 4.52183119391351e+00 4.25405617981328e-01 0.00000000000000e+00
292 4.67355365412967e+00 3.37952261855714e-01 0.00000000000000e+00
293 4.57250652541596e+00 3.37922925654412e-01 0.00000000000000e+00
294 4.62363183828331e+00 2.50649048041975e-01 0.00000000000000e+00
295 4.47142766211074e+00 3.37918798420393e-01 0.00000000000000e+00
296 4.37034553701083e+00 3.37918740963601e-01 0.00000000000000e+00
297 4.42154394777399e+00 2.50647842419202e-01 0.00000000000000e+00
298 4.77720456905147e+00 1.64409893351650e-01 0.00000000000000e+00
299 4.67696226197673e+00 1.64441118711183e-01 0.00000000000000e+00
300 4.73550628173588e+00 8.08400912244959e-02 0.00000000000000e+00
301 4.37411267628917e+00 1.64384340683119e-01 0.00000000000000e+00
302 4.27324152794258e+00 1.64414420202816e-01 0.00000000000000e+00
303 4.33337265340831e+00 8.07911174731664e-02 0.00000000000000e+00
304 4.53428479326551e+00 8.06679635174884e-02 0.00000000000000e+00
305 4.47539290860651e+00 1.64524353000317e-01 0.00000000000000e+00
306 4.57649869091349e+00 1.64609383022677e-01 0.00000000000000e+00
307 4.92670667102855e+00 8.32471199118816e-02 0.00000000000000e+00
308 4.87371695459066e+00 1.64332070395432e-01 0.00000000000000e+00
309 4.82503133133490e+00 2.50937411771402e-01 0.00000000000000e+00
310 4.94766566334325e+00 1.59551613987870e-01 0.00000000000000e+00
311 4.77428631411384e+00 3.38324098172810e-01 0.00000000000000e+00
312 4.72385937217858e+00 4.25680355229197e-01 0.00000000000000e+00
313 4.67335594345680e+00 5.13006109336181e-01 0.00000000000000e+00
314 4.77362253129880e+00 5.13456528105742e-01 0.00000000000000e+00
315 4.86985527986927e+00 5.16143992599853e-01 0.00000000000000e+00
316 4.94515484731546e+00 5.28488163626653e-01 0.00000000000000e+00
317 4.92480451250223e+00 4.34942806047231e-01 0.00000000000000e+00
318 4.94739670927181e+00 3.44103398106971e-01 0.00000000000000e+00
319 4.87163644743821e+00 3.40227546356648e-01 0.00000000000000e+00
320 3.42760467907671e+00 9.33758566377672e-01 0.00000000000000e+00
321 3.22641552693357e+00 9.33734515687317e-01 0.00000000000000e+00
322 3.56649068311169e+00 8.58139716188396e-01 0.00000000000000e+00
323 3.46597836590393e+00 8.57714006739038e-01 0.00000000000000e+00
324 3.51234422764137e+00 7.74181954730076e-01 0.00000000000000e+00
325 3.66274350187830e+00 6.87835483598779e-01 0.00000000000000e+00
326 3.56174178483308e+00 6.87752955743872e-01 0.00000000000000e+00
327 3.61205301896572e+00 6.00437416894543e-01 0.00000000000000e+00
328 3.46066029767103e+00 6.87750556419347e-01 0.00000000000000e+00
329 3.35949477842271e+00 6.87828520873912e-01 0.00000000000000e+00
330 3.40987459247319e+00 6.00436839263653e-01 0.00000000000000e+00
331 3.16302711883691e+00 8.57843814024338e-01 0.00000000000000e+00
332 3.06197015196091e+00 8.57937935021552e-01 0.00000000000000e+00
333 3.10814925793749e+00 7.74173386617930e-01 0.00000000000000e+00
334 3.25840139465051e+00 6.87837091482380e-01 0.00000000000000e+00
335 3.15740496232160e+00 6.87758476719276e-01 0.00000000000000e+00
336 3.20769469682269e+00 6.00438550565903e-01 0.00000000000000e+00
337 3.05633887278125e+00 6.87742739685898e-01 0.00000000000000e+00
338 2.95517167703106e+00 6.87814809483833e-01 0.00000000000000e+00
339 3.00552085520874e+00 6.00434233960639e-01 0.00000000000000e+00
340 3.30982719072732e+00 7.74566246351284e-01 0.00000000000000e+00
341 3.26422016984897e+00 8.57618931860726e-01 0.00000000000000e+00
342 3.36541924139871e+00 8.57363257445016e-01 0.00000000000000e+00
343 3.76364206237514e+00 5.12941985882607e-01 0.00000000000000e+00
344 3.66255614980782e+00 5.12937602000671e-01 0.00000000000000e+00
345 3.71311288793094e+00 4.25403399321720e-01 0.00000000000000e+00
346 3.86490743280208e+00 3.37913694074628e-01 0.00000000000000e+00
347 3.76383277133921e+00 3.37916965655970e-01 0.00000000000000e+00
348 3.81515806885655e+00 2.50639804976589e-01 0.00000000000000e+00
349 3.66275031922642e+00 3.37917977938805e-01 0.00000000000000e+00
350 3.56166787123528e+00 3.37918685774494e-01 0.00000000000000e+00
351 3.61306168845515e+00 2.50647741583757e-01 0.00000000000000e+00
352 3.97027387617151e+00 1.64365528835935e-01 0.00000000000000e+00
353 3.86950548843386e+00 1.64428297719156e-01 0.00000000000000e+00
354 3.93098239004312e+00 8.07905960418370e-02 0.00000000000000e+00
355 3.56653823513303e+00 1.64384329562515e-01 0.00000000000000e+00
356 3.46568834903823e+00 1.64414419316631e-01 0.00000000000000e+00
357 3.52859456376035e+00 8.07911160613105e-02 0.00000000000000e+00
358 3.72942030616985e+00 8.06676667008084e-02 0.00000000000000e+00
359 3.66791763004134e+00 1.64524288385239e-01 0.00000000000000e+00
360 3.76909283791504e+00 1.64606809808551e-01 0.00000000000000e+00
361 2.95492272099301e+00 5.12937467311869e-01 0.00000000000000e+00
362 2.85382791909055e+00 5.12941299926068e-01 0.00000000000000e+00
363 2.90439204070839e+00 4.25403254513371e-01 0.00000000000000e+00
364 3.05622615287867e+00 3.37913718740316e-01 0.00000000000000e+00
365 2.95515380270691e+00 3.37916903295028e-01 0.00000000000000e+00
366 3.00667001336445e+00 2.50639768542292e-01 0.00000000000000e+00
367 2.85407139591078e+00 3.37917488695833e-01 0.00000000000000e+00
368 2.75297986866795e+00 3.37913123736336e-01 0.00000000000000e+00
369 2.80456590298462e+00 2.50640257507429e-01 0.00000000000000e+00
370 3.16268611820418e+00 1.64365528950413e-01 0.00000000000000e+00
371 3.06196211425647e+00 1.64428292569888e-01 0.00000000000000e+00
372 3.12620392760857e+00 8.07905951661119e-02 0.00000000000000e+00
373 2.75889803653616e+00 1.64346479636255e-01 0.00000000000000e+00
374 2.65747084090586e+00 1.64052102240794e-01 0.00000000000000e+00
375 2.72341577446429e+00 8.05650003572270e-02 0.00000000000000e+00
376 2.92455303502618e+00 8.06665063179386e-02 0.00000000000000e+00
377 2.86043206968809e+00 1.64518413258046e-01 0.00000000000000e+00
378 2.96167445845979e+00 1.64606066525596e-01 0.00000000000000e+00
379 3.32699551470658e+00 8.06700377117187e-02 0.00000000000000e+00
380 3.26410841002726e+00 1.64503553366282e-01 0.00000000000000e+00
381 3.20918565586750e+00 2.50754456711661e-01 0.00000000000000e+00
382 3.36531289938566e+00 1.64585020079900e-01 0.00000000000000e+00
383 3.41133866548834e+00 2.50769840695062e-01 0.00000000000000e+00
384 3.15740777328945e+00 3.37941427877546e-01 0.00000000000000e+00
385 3.10660527439109e+00 4.25414302808189e-01 0.00000000000000e+00
386 3.05601794595100e+00 5.12938856166941e-01 0.00000000000000e+00
387 3.15710748515534e+00 5.12939218293791e-01 0.00000000000000e+00
388 3.25819348048091e+00 5.12937336199292e-01 0.00000000000000e+00
389 3.46066439422677e+00 3.37943874446657e-01 0.00000000000000e+00
390 3.51096510819082e+00 4.25415076211347e-01 0.00000000000000e+00
391 3.35928353548602e+00 5.12936974533235e-01 0.00000000000000e+00
392 3.46037840051944e+00 5.12938947112968e-01 0.00000000000000e+00
393 3.56147100294028e+00 5.12938759823351e-01 0.00000000000000e+00
394 3.30874440241666e+00 4.25400397358240e-01 0.00000000000000e+00
395 3.35957848384029e+00 3.37943163916273e-01 0.00000000000000e+00
396 3.25851790305176e+00 3.37949042529254e-01 0.00000000000000e+00
397 4.13185923804165e+00 8.06700377007689e-02 0.00000000000000e+00
398 4.07159855277026e+00 1.64503553340726e-01 0.00000000000000e+00
399 4.01759257086077e+00 2.50754455899553e-01 0.00000000000000e+00
400 4.17274542623248e+00 1.64585020157442e-01 0.00000000000000e+00
401 4.21973469986345e+00 2.50769840007847e-01 0.00000000000000e+00
402 3.96606945295479e+00 3.37941398986120e-01 0.00000000000000e+00
403 3.91531955189819e+00 4.25414127614007e-01 0.00000000000000e+00
404 3.86473603823382e+00 5.12943693488401e-01 0.00000000000000e+00
405 3.81419988110409e+00 6.00472388838300e-01 0.00000000000000e+00
406 3.96582622787275e+00 5.12943740549046e-01 0.00000000000000e+00
407 4.06691323069401e+00 5.12941781000870e-01 0.00000000000000e+00
408 4.01637884552855e+00 6.00473697461219e-01 0.00000000000000e+00
409 4.26932433175118e+00 3.37943852812245e-01 0.00000000000000e+00
410 4.31967880810923e+00 4.25414909742010e-01 0.00000000000000e+00
411 4.16800355998701e+00 5.12941520222255e-01 0.00000000000000e+00
412 4.26909749774296e+00 5.12943479235348e-01 0.00000000000000e+00
413 4.21856015740479e+00 6.00472806594398e-01 0.00000000000000e+00
414 4.37018935776115e+00 5.12943697809921e-01 0.00000000000000e+00
415 4.42074079153605e+00 6.00472316362614e-01 0.00000000000000e+00
416 4.11746613162762e+00 4.25401280950082e-01 0.00000000000000e+00
417 4.16823869479923e+00 3.37943235850606e-01 0.00000000000000e+00
418 4.06717393490905e+00 3.37949121503305e-01 0.00000000000000e+00
419 3.76383930912237e+00 6.87824064621885e-01 0.00000000000000e+00
420 3.71414253049119e+00 7.74494342369637e-01 0.00000000000000e+00
421 3.66766605706089e+00 8.57905588233935e-01 0.00000000000000e+00
422 3.62919863639959e+00 9.33377839651764e-01 0.00000000000000e+00
423 3.76864101013337e+00 8.57879380922040e-01 0.00000000000000e+00
424 3.86950156505216e+00 8.57961437536808e-01 0.00000000000000e+00
425 3.83041498327476e+00 9.33355796935414e-01 0.00000000000000e+00
426 4.47143082359392e+00 6.87821043858939e-01 0.00000000000000e+00
427 4.52260605618058e+00 7.74505853008900e-01 0.00000000000000e+00
428 4.37407581993162e+00 8.58141519849421e-01 0.00000000000000e+00
429 4.47518604486103e+00 8.57922813853548e-01 0.00000000000000e+00
430 4.43397261493929e+00 9.33381323117153e-01 0.00000000000000e+00
431 4.57626924514676e+00 8.57700789359000e-01 0.00000000000000e+00
432 4.63517075360927e+00 9.33303738665611e-01 0.00000000000000e+00
433 4.23246818378793e+00 9.33758590099387e-01 0.00000000000000e+00
434 4.03125828850889e+00 9.33750922378414e-01 0.00000000000000e+00
435 4.27346751313797e+00 8.57714177552156e-01 0.00000000000000e+00
436 4.32074954380617e+00 7.74182615607570e-01 0.00000000000000e+00
437 4.37040447411753e+00 6.87750457736041e-01 0.00000000000000e+00
438 4.26932221698931e+00 6.87748932448037e-01 0.00000000000000e+00
439 4.16817452485898e+00 6.87826918516852e-01 0.00000000000000e+00
440 3.97069233161597e+00 8.57684923076393e-01 0.00000000000000e+00
441 3.91656730130899e+00 7.74159489765215e-01 0.00000000000000e+00
442 4.06708173199454e+00 6.87837044083855e-01 0.00000000000000e+00
443 3.96606813001273e+00 6.87757740881556e-01 0.00000000000000e+00
444 3.86501335058883e+00 6.87726294072351e-01 0.00000000000000e+00
445 4.11832025651433e+00 7.74566742158591e-01 0.00000000000000e+00
446 4.07170158188695e+00 8.57603852098815e-01 0.00000000000000e+00
447 4.17282984659733e+00 8.57361724613428e-01 0.00000000000000e+00
448 1.77361165171742e+00 9.33758566641640e-01 0.00000000000000e+00
449 1.57237050272858e+00 9.33734535279345e-01 0.00000000000000e+00
450 1.93825537826733e+00 8.58139737319221e-01 0.00000000000000e+00
451 1.83682375721076e+00 8.57714009142534e-01 0.00000000000000e+00
452 1.89185978338075e+00 7.74181961278877e-01 0.00000000000000e+00
453 2.04485178459414e+00 6.87835520392720e-01 0.00000000000000e+00
454 1.94367184022844e+00 6.87752964191226e-01 0.00000000000000e+00
455 1.99448268915707e+00 6.00437423659891e-01 0.00000000000000e+00
456 1.84258517382893e+00 6.87750558778012e-01 0.00000000000000e+00
457 1.74158795941299e+00 6.87828532558940e-01 0.00000000000000e+00
458 1.79230319646504e+00 6.00436844167017e-01 0.00000000000000e+00
459 1.53415227432044e+00 8.57843980699972e-01 0.00000000000000e+00
460 1.43329345007522e+00 8.57939727862216e-01 0.00000000000000e+00
461 1.48763818759211e+00 7.74175965818449e-01 0.00000000000000e+00
462 1.64051277036512e+00 6.87837215357927e-01 0.00000000000000e+00
463 1.53934153832211e+00 6.87760466065333e-01 0.00000000000000e+00
464 1.59012477262586e+00 6.00439569213535e-01 0.00000000000000e+00
465 1.43820519931741e+00 6.87756850492972e-01 0.00000000000000e+00
466 1.33687830000937e+00 6.87976866844773e-01 0.00000000000000e+00
467 1.38771583421755e+00 6.00576150041648e-01 0.00000000000000e+00
468 1.69017244808560e+00 7.74566280236397e-01 0.00000000000000e+00
469 1.63486012152980e+00 8.57618974191983e-01 0.00000000000000e+00
470 1.73550720612181e+00 8.57363265533275e-01 0.00000000000000e+00
471 2.14617321400486e+00 5.12941973017094e-01 0.00000000000000e+00
472 2.04507705752424e+00 5.12937602260904e-01 0.00000000000000e+00
473 2.09560810121017e+00 4.25403362034911e-01 0.00000000000000e+00
474 2.24703789820522e+00 3.37908494914602e-01 0.00000000000000e+00
475 2.14593225575727e+00 3.37916234423330e-01 0.00000000000000e+00
476 2.19546170997248e+00 2.50633642715244e-01 0.00000000000000e+00
477 2.04484196693479e+00 3.37917876640629e-01 0.00000000000000e+00
478 1.94375566132327e+00 3.37918674965246e-01 0.00000000000000e+00
479 1.99330154874715e+00 2.50647701740555e-01 0.00000000000000e+00
480 2.34272215629625e+00 1.64003008258531e-01 0.00000000000000e+00
481 2.24095722335069e+00 1.64375339267725e-01 0.00000000000000e+00
482 2.27659046959164e+00 8.05626030377556e-02 0.00000000000000e+00
483 1.93818958188464e+00 1.64384319790266e-01 0.00000000000000e+00
484 1.83713839224261e+00 1.64414418287664e-01 0.00000000000000e+00
485 1.87379339871567e+00 8.07911139709303e-02 0.00000000000000e+00
486 2.07544675617197e+00 8.06665761640409e-02 0.00000000000000e+00
487 2.03863293244815e+00 1.64524093643290e-01 0.00000000000000e+00
488 2.13926842277686e+00 1.64599548403308e-01 0.00000000000000e+00
489 1.33724770374437e+00 5.13501147952930e-01 0.00000000000000e+00
490 1.23718199073804e+00 5.16505511772768e-01 0.00000000000000e+00
491 1.28614899405625e+00 4.27257060616053e-01 0.00000000000000e+00
492 1.43832101152470e+00 3.37951828852511e-01 0.00000000000000e+00
493 1.33705952554980e+00 3.38238385474996e-01 0.00000000000000e+00
494 1.38692893776350e+00 2.50684924722970e-01 0.00000000000000e+00
495 1.23538271956545e+00 3.39089377371228e-01 0.00000000000000e+00
496 1.13545873686823e+00 3.35447392520269e-01 0.00000000000000e+00
497 1.18485472698104e+00 2.50203151857748e-01 0.00000000000000e+00
498 1.53446289780893e+00 1.64365885071481e-01 0.00000000000000e+00
499 1.43331516276348e+00 1.64433244818662e-01 0.00000000000000e+00
500 1.47140574454136e+00 8.07911157427104e-02 0.00000000000000e+00
501 1.13073195851785e+00 1.64037550512951e-01 0.00000000000000e+00
502 1.02990891418633e+00 1.63793007589404e-01 0.00000000000000e+00
503 1.06906895096755e+00 8.06774528707236e-02 0.00000000000000e+00
504 1.27058005110932e+00 8.06625471810483e-02 0.00000000000000e+00
505 1.23116399328495e+00 1.64440068560102e-01 0.00000000000000e+00
506 1.33182573024138e+00 1.64608899576757e-01 0.00000000000000e+00
507 1.67300437298597e+00 8.06700394623487e-02 0.00000000000000e+00
508 1.63496209426437e+00 1.64503597882562e-01 0.00000000000000e+00
509 1.58871131470350e+00 2.50754850339899e-01 0.00000000000000e+00
510 1.73562160070217e+00 1.64585025584717e-01 0.00000000000000e+00
511 1.79076175877750e+00 2.50769842233262e-01 0.00000000000000e+00
512 1.53934009683272e+00 3.37946117439024e-01 0.00000000000000e+00
513 1.48902148401082e+00 4.25440014574971e-01 0.00000000000000e+00
514 1.43847009505575e+00 5.13035663409975e-01 0.00000000000000e+00
515 1.53961181808783e+00 5.12952636297877e-01 0.00000000000000e+00
516 1.64071499842168e+00 5.12938863947176e-01 0.00000000000000e+00
517 1.84258375739939e+00 3.37943873800812e-01 0.00000000000000e+00
518 1.89339197131941e+00 4.25415075090281e-01 0.00000000000000e+00
519 1.74180670559317e+00 5.12937133033350e-01 0.00000000000000e+00
520 1.84289266819790e+00 5.12938963606584e-01 0.00000000000000e+00
521 1.94398053450717e+00 5.12938761926509e-01 0.00000000000000e+00
522 1.69125540408077e+00 4.25400628390931e-01 0.00000000000000e+00
523 1.74150115068280e+00 3.37943190441543e-01 0.00000000000000e+00
524 1.64040064714706e+00 3.37949642331676e-01 0.00000000000000e+00
525 1.65569213246967e-01 9.32464301762159e-01 0.00000000000000e+00
526 3.23149932963916e-01 8.58069060793555e-01 0.00000000000000e+00
527 2.22564177721223e-01 8.57058665769256e-01 0.00000000000000e+00
528 2.75284042930337e-01 7.73862304907548e-01 0.00000000000000e+00
529 4.27498485338362e-01 6.87829481520964e-01 0.00000000000000e+00
530 3.26461707628941e-01 6.87679617067097e-01 0.00000000000000e+00
531 3.77097397927889e-01 6.00431081937496e-01 0.00000000000000e+00
532 2.26066988991118e-01 6.87191867349342e-01 0.00000000000000e+00
533 1.29901097554297e-01 6.84467180659561e-01 0.00000000000000e+00
534 1.77684800822679e-01 6.00286623140194e-01 0.00000000000000e+00
535 5.48018067913945e-02 6.71903515933639e-01 0.00000000000000e+00
536 7.50567960218618e-02 7.64812006248220e-01 0.00000000000000e+00
537 5.24111056734156e-02 8.52088194132549e-01 0.00000000000000e+00
538 1.26652107174699e-01 8.53967234139215e-01 0.00000000000000e+00
539 5.28687803772798e-01 5.12946184595046e-01 0.00000000000000e+00
540 4.27634150496582e-01 5.12940975274043e-01 0.00000000000000e+00
541 4.78158074827355e-01 4.25410543764551e-01 0.00000000000000e+00
542 6.29743806424371e-01 3.38139700049871e-01 0.00000000000000e+00
543 5.28576400507786e-01 3.37947412861601e-01 0.00000000000000e+00
544 5.78515013536669e-01 2.50705499918369e-01 0.00000000000000e+00
545 4.27489309812683e-01 3.37926377682279e-01 0.00000000000000e+00
546 3.26442231091586e-01 3.37957517256037e-01 0.00000000000000e+00
547 3.76356107253547e-01 2.50657851358217e-01 0.00000000000000e+00
548 7.27084657948921e-01 1.64570092471071e-01 0.00000000000000e+00
549 6.25832343803218e-01 1.64494839068678e-01 0.00000000000000e+00
550 6.66661495109268e-01 8.08222310223750e-02 0.00000000000000e+00
551 3.23103216146373e-01 1.64395631136561e-01 0.00000000000000e+00
552 2.22655700719287e-01 1.64468191867367e-01 0.00000000000000e+00
553 2.64478629193423e-01 8.08426495376776e-02 0.00000000000000e+00
554 4.65715656576506e-01 8.06683675628804e-02 0.00000000000000e+00
555 4.23691528978788e-01 1.64527230820613e-01 0.00000000000000e+00
556 5.24433247908549e-01 1.64621333111454e-01 0.00000000000000e+00
557 7.32574035402420e-02 8.32540583045534e-02 0.00000000000000e+00
558 5.22707710355483e-02 1.59466875131691e-01 0.00000000000000e+00
559 1.26520246783928e-01 1.64359662116760e-01 0.00000000000000e+00
560 1.75042887336081e-01 2.50956942905993e-01 0.00000000000000e+00
561 5.45944224702963e-02 5.28393479415822e-01 0.00000000000000e+00
562 2.25766002425046e-01 3.38332048612254e-01 0.00000000000000e+00
563 2.76131104978048e-01 4.25666490935368e-01 0.00000000000000e+00
564 1.30408617710938e-01 5.16239006603055e-01 0.00000000000000e+00
565 2.26566974984657e-01 5.13513699403601e-01 0.00000000000000e+00
566 3.26705916225668e-01 5.13028511116567e-01 0.00000000000000e+00
567 7.52360017554237e-02 4.34950265898451e-01 0.00000000000000e+00
568 1.28104576019604e-01 3.40126637611688e-01 0.00000000000000e+00
569 5.27923050119590e-02 3.44220545676241e-01 0.00000000000000e+00
570 8.68214220474780e-01 8.06475107513755e-02 0.00000000000000e+00
571 8.27978658936388e-01 1.64631804495172e-01 0.00000000000000e+00
572 7.81896278923265e-01 2.52272978613657e-01 0.00000000000000e+00
573 9.28771742088384e-01 1.64208626772733e-01 0.00000000000000e+00
574 9.84461579236507e-01 2.47648715648471e-01 0.00000000000000e+00
575 7.31330096300177e-01 3.39838650171942e-01 0.00000000000000e+00
576 6.79498425192948e-01 4.25987193408222e-01 0.00000000000000e+00
577 6.29364077778797e-01 5.12987642399226e-01 0.00000000000000e+00
578 5.79117704992397e-01 6.00461860955723e-01 0.00000000000000e+00
579 7.27667059072426e-01 5.13099583838482e-01 0.00000000000000e+00
580 8.14081079911261e-01 5.12073017720141e-01 0.00000000000000e+00
581 7.75313174699495e-01 5.99390672942211e-01 0.00000000000000e+00
582 1.03849945613567e+00 3.25749327969379e-01 0.00000000000000e+00
583 1.15991897807079e+00 5.27037646262508e-01 0.00000000000000e+00
584 1.17573533801153e+00 6.05619702410743e-01 0.00000000000000e+00
585 8.46704157575201e-01 4.38542679071172e-01 0.00000000000000e+00
586 9.42116426055971e-01 3.27290218041658e-01 0.00000000000000e+00
587 8.39275457199573e-01 3.48638729269242e-01 0.00000000000000e+00
588 5.28546962312400e-01 6.87819960746368e-01 0.00000000000000e+00
589 4.77377207348510e-01 7.74490607967426e-01 0.00000000000000e+00
590 4.23867739860651e-01 8.57895543705128e-01 0.00000000000000e+00
591 3.64855200780488e-01 9.33352605242107e-01 0.00000000000000e+00
592 5.24788302444843e-01 8.57877042398210e-01 0.00000000000000e+00
593 6.25780466920902e-01 8.57955748066353e-01 0.00000000000000e+00
594 5.66007768439569e-01 9.33354585704782e-01 0.00000000000000e+00
595 1.23444237389492e+00 6.89109753007183e-01 0.00000000000000e+00
596 1.28559920861348e+00 7.74743475671631e-01 0.00000000000000e+00
597 1.13068136362779e+00 8.58356817549076e-01 0.00000000000000e+00
598 1.23135873855269e+00 8.58049634456916e-01 0.00000000000000e+00
599 1.16960681775295e+00 9.33419136891243e-01 0.00000000000000e+00
600 1.33210783937927e+00 8.57752472592349e-01 0.00000000000000e+00
601 1.37075049479909e+00 9.33336891432356e-01 0.00000000000000e+00
602 9.68749398845169e-01 9.33748730487073e-01 0.00000000000000e+00
603 7.67518570850757e-01 9.33733163167192e-01 0.00000000000000e+00
604 1.02936767448395e+00 8.57786246358685e-01 0.00000000000000e+00
605 1.08370028623663e+00 7.75576219720788e-01 0.00000000000000e+00
606 1.13408934540716e+00 6.94450475273417e-01 0.00000000000000e+00
607 1.03643361099486e+00 6.96080582093936e-01 0.00000000000000e+00
608 9.29614062055820e-01 6.77781654179836e-01 0.00000000000000e+00
609 7.26452298414345e-01 8.57627684487301e-01 0.00000000000000e+00
610 6.79116447625773e-01 7.74090167934781e-01 0.00000000000000e+00
611 8.27512817228702e-01 6.85429924183666e-01 0.00000000000000e+00
612 7.29327858905796e-01 6.87287415378107e-01 0.00000000000000e+00
613 6.29313564573342e-01 6.87652341457634e-01 0.00000000000000e+00
614 8.80733491521803e-01 7.72800393959688e-01 0.00000000000000e+00
615 8.27221641726269e-01 8.57330847668448e-01 0.00000000000000e+00
616 9.27983152572007e-01 8.57065313857448e-01 0.00000000000000e+00
617 2.50000190998267e+00 6.92943144099892e-02 0.00000000000000e+00
618 2.44657447361415e+00 1.62568324268456e-01 0.00000000000000e+00
619 2.39779430045832e+00 2.50449104624454e-01 0.00000000000000e+00
620 2.55332264840099e+00 1.62574663402953e-01 0.00000000000000e+00
621 2.60221654646957e+00 2.50455266807541e-01 0.00000000000000e+00
622 2.34809024272633e+00 3.37901968007684e-01 0.00000000000000e+00
623 2.29776189825059e+00 4.25409181825509e-01 0.00000000000000e+00
624 2.24726047775833e+00 5.12943260488800e-01 0.00000000000000e+00
625 2.19670282367890e+00 6.00472530277617e-01 0.00000000000000e+00
626 2.34835342587819e+00 5.12943199683486e-01 0.00000000000000e+00
627 2.44945193976556e+00 5.12941927110982e-01 0.00000000000000e+00
628 2.39889830671513e+00 6.00476924451903e-01 0.00000000000000e+00
629 2.65191293146597e+00 3.37903122036481e-01 0.00000000000000e+00
630 2.70224022083268e+00 4.25409769951151e-01 0.00000000000000e+00
631 2.55054688641326e+00 5.12941765639175e-01 0.00000000000000e+00
632 2.65164578203695e+00 5.12943021662225e-01 0.00000000000000e+00
633 2.60110120500095e+00 6.00476374070677e-01 0.00000000000000e+00
634 2.75274067350142e+00 5.12943147786180e-01 0.00000000000000e+00
635 2.80329735392866e+00 6.00472406073362e-01 0.00000000000000e+00
636 2.49999988339873e+00 4.25397562999427e-01 0.00000000000000e+00
637 2.55069442267828e+00 3.37867845630127e-01 0.00000000000000e+00
638 2.44932016995124e+00 3.37868613550356e-01 0.00000000000000e+00
639 2.14592363091843e+00 6.87824560580138e-01 0.00000000000000e+00
640 2.09433393171877e+00 7.74494970524809e-01 0.00000000000000e+00
641 2.03892580235667e+00 8.57905902803808e-01 0.00000000000000e+00
642 1.97438364687748e+00 9.33377921005710e-01 0.00000000000000e+00
643 2.13984954072106e+00 8.57882194595782e-01 0.00000000000000e+00
644 2.24096018781270e+00 8.57997689726511e-01 0.00000000000000e+00
645 2.17559149491079e+00 9.33374313352232e-01 0.00000000000000e+00
646 2.85407823764429e+00 6.87822721316183e-01 0.00000000000000e+00
647 2.90564753650553e+00 7.74509385698360e-01 0.00000000000000e+00
648 2.75882507201714e+00 8.58177303665090e-01 0.00000000000000e+00
649 2.86010321457417e+00 8.57927694092641e-01 0.00000000000000e+00
650 2.82437872577548e+00 9.33399996569857e-01 0.00000000000000e+00
651 2.96130249051993e+00 8.57714049147547e-01 0.00000000000000e+00
652 3.02566849441570e+00 9.33332549068491e-01 0.00000000000000e+00
653 2.61960177574138e+00 9.35148102016288e-01 0.00000000000000e+00
654 2.38040181365052e+00 9.35142901170337e-01 0.00000000000000e+00
655 2.65775417427103e+00 8.58034768162698e-01 0.00000000000000e+00
656 2.70380332508144e+00 7.74239250764587e-01 0.00000000000000e+00
657 2.75306714026586e+00 6.87757499036640e-01 0.00000000000000e+00
658 2.65192918854612e+00 6.87775894876742e-01 0.00000000000000e+00
659 2.55065363871686e+00 6.87872897899181e-01 0.00000000000000e+00
660 2.34222466961567e+00 8.58008295946350e-01 0.00000000000000e+00
661 2.29617099376083e+00 7.74216516169350e-01 0.00000000000000e+00
662 2.44938062492080e+00 6.87883253568198e-01 0.00000000000000e+00
663 2.34809011031833e+00 6.87786603823054e-01 0.00000000000000e+00
664 2.24690908412417e+00 6.87735673188449e-01 0.00000000000000e+00
665 2.50000597907703e+00 7.74855649562537e-01 0.00000000000000e+00
666 2.44644880852284e+00 8.59205251206182e-01 0.00000000000000e+00
667 2.55341555113708e+00 8.59027265589188e-01 0.00000000000000e+00
1 102 1 6 
2 102 6 7 
3 102 7 8 
4 102 8 9 
5 102 9 10 
6 102 10 11 
7 102 11 12 
8 102 12 13 
9 102 13 14 
10 102 14 15 
11 102 15 16 
12 102 16 17 
13 102 17 18 
14 102 18 19 
15 102 19 20 
16 102 20 21 
17 102 21 22 
18 102 22 23 
19 102 23 24 
20 102 24 25 
21 102 25 26 
22 102 26 27 
23 102 27 28 
24 102 28 29 
25 102 29 30 
26 102 30 31 
27 102 31 32 
28 102 32 33 
29 102 33 34 
30 102 34 35 
31 102 35 36 
32 102 36 37 
33 102 37 38 
34 102 38 39 
35 102 39 40 
36 102 40 41 
37 102 41 42 
38 102 42 43 
39 102 43 44 
40 102 44 45 
41 102 45 46 
42 102 46 47 
43 102 47 48 
44 102 48 49 
45 102 49 50 
46 102 50 51 
47 102 51 52 
48 102 52 53 
49 102 53 54 
50 102 54 2 
51 102 3 55 
52 102 55 56 
53 102 56 57 
54 102 57 58 
55 102 58 59 
56 102 59 60 
57 102 60 61 
58 102 61 62 
59 102 62 63 
60 102 63 1 
61 102 2 64 
62 102 64 65 
63 102 65 66 
64 102 66 67 
65 102 67 68 
66 102 68 69 
67 102 69 70 
68 102 70 71 
69 102 71 72 
70 102 72 4 
71 102 4 73 
72 102 73 74 
73 102 74 75 
74 102 75 76 
75 102 76 77 
76 102 77 78 
77 102 78 79 
78 102 79 80 
79 102 80 81 
80 102 81 82 
81 102 82 83 
82 102 83 84 
83 102 84 85 
84 102 85 86 
85 102 86 87 
86 102 87 88 
87 102 88 89 
88 102 89 90 
89 102 90 91 
90 102 91 92 
91 102 92 93 
92 102 93 94 
93 102 94 95 
94 102 95 96 
95 102 96 97 
96 102 97 98 
97 102 98 99 
98 102 99 100 
99 102 100 101 
100 102 101 102 
101 102 102 103 
102 102 103 104 
103 102 104 105 
104 102 105 106 
105 102 106 107 
106 102 107 108 
107 102 108 109 
108 102 109 110 
109 102 110 111 
110 102 111 112 
111 102 112 113 
112 102 113 114 
113 102 114 115 
114 102 115 116 
115 102 116 117 
116 102 117 118 
117 102 118 119 
118 102 119 120 
119 102 120 121 
120 102 121 3 
121 102 5 122 
122 102 122 123 
123 102 123 124 
124 102 124 125 
125 102 125 126 
126 102 126 127 
127 102 127 128 
128 102 128 5 
129 203 166 73 275 
130 203 275 74 148 
131 203 275 73 74 
132 203 166 4 73 
133 203 276 69 70 
134 203 147 69 276 
135 203 278 277 148 
136 203 279 167 277 
137 203 168 279 278 
138 203 277 278 279 
139 203 281 280 167 
140 203 282 147 280 
141 203 169 282 281 
142 203 280 281 282 
143 203 284 283 168 
144 203 285 169 283 
145 203 144 285 284 
146 203 283 284 285 
147 203 281 283 169 
148 203 279 168 283 
149 203 167 279 281 
150 203 283 281 279 
151 203 276 280 147 
152 203 286 167 280 
153 203 276 70 286 
154 203 280 276 286 
155 203 287 277 167 
156 203 275 148 277 
157 203 166 275 287 
158 203 277 287 275 
159 203 72 288 71 
160 203 288 72 166 
161 203 287 288 166 
162 203 4 166 72 
163 203 167 286 287 
164 203 286 70 71 
165 203 288 286 71 
166 203 288 287 286 
167 203 290 289 144 
168 203 291 170 289 
169 203 171 291 290 
170 203 289 290 291 
171 203 293 292 170 
172 203 294 145 292 
173 203 172 294 293 
174 203 292 293 294 
175 203 296 295 171 
176 203 297 172 295 
177 203 146 297 296 
178 203 295 296 297 
179 203 293 295 172 
180 203 291 171 295 
181 203 170 291 293 
182 203 295 293 291 
183 203 299 298 145 
184 203 300 173 298 
185 203 174 300 299 
186 203 298 299 300 
187 203 54 173 53 
188 203 173 300 53 
189 203 52 174 51 
190 203 174 304 51 
191 203 302 301 146 
192 203 53 300 52 
193 203 300 174 52 
194 203 303 175 301 
195 203 176 303 302 
196 203 301 302 303 
197 203 50 175 49 
198 203 175 303 49 
199 203 48 176 47 
200 203 176 397 47 
201 203 49 303 48 
202 203 303 176 48 
203 203 305 301 175 
204 203 51 304 50 
205 203 304 175 50 
206 203 297 146 301 
207 203 172 297 305 
208 203 301 305 297 
209 203 299 306 174 
210 203 294 172 306 
211 203 145 294 299 
212 203 306 299 294 
213 203 305 306 172 
214 203 304 174 306 
215 203 175 304 305 
216 203 306 305 304 
217 203 308 298 173 
218 203 2 307 54 
219 203 307 173 54 
220 203 309 145 298 
221 203 177 309 308 
222 203 298 308 309 
223 203 65 310 64 
224 203 310 65 177 
225 203 308 310 177 
226 203 66 177 65 
227 203 173 307 308 
228 203 307 2 64 
229 203 310 307 64 
230 203 310 308 307 
231 203 311 292 145 
232 203 312 170 292 
233 203 178 312 311 
234 203 292 311 312 
235 203 313 289 170 
236 203 285 144 289 
237 203 169 285 313 
238 203 289 313 285 
239 203 315 314 178 
240 203 282 169 314 
241 203 147 282 315 
242 203 314 315 282 
243 203 313 314 169 
244 203 312 178 314 
245 203 170 312 313 
246 203 314 313 312 
247 203 316 317 68 
248 203 147 316 69 
249 203 316 68 69 
250 203 315 316 147 
251 203 317 67 68 
252 203 178 317 315 
253 203 316 315 317 
254 203 311 319 178 
255 203 67 318 66 
256 203 318 177 66 
257 203 309 177 319 
258 203 145 309 311 
259 203 319 311 309 
260 203 318 319 177 
261 203 317 178 319 
262 203 319 318 317 
263 203 317 318 67 
264 203 150 87 320 
265 203 320 88 179 
266 203 320 87 88 
267 203 179 89 321 
268 203 90 91 153 
269 203 153 321 90 
270 203 321 89 90 
271 203 179 88 89 
272 203 323 322 150 
273 203 324 180 322 
274 203 181 324 323 
275 203 322 323 324 
276 203 326 325 180 
277 203 327 138 325 
278 203 182 327 326 
279 203 325 326 327 
280 203 329 328 181 
281 203 330 182 328 
282 203 162 330 329 
283 203 328 329 330 
284 203 326 328 182 
285 203 324 181 328 
286 203 180 324 326 
287 203 328 326 324 
288 203 332 331 153 
289 203 333 183 331 
290 203 184 333 332 
291 203 331 332 333 
292 203 335 334 183 
293 203 336 162 334 
294 203 185 336 335 
295 203 334 335 336 
296 203 338 337 184 
297 203 339 185 337 
298 203 139 339 338 
299 203 337 338 339 
300 203 335 337 185 
301 203 333 184 337 
302 203 183 333 335 
303 203 337 335 333 
304 203 329 334 162 
305 203 340 183 334 
306 203 181 340 329 
307 203 334 329 340 
308 203 341 331 183 
309 203 321 153 331 
310 203 179 321 341 
311 203 331 341 321 
312 203 323 342 181 
313 203 320 179 342 
314 203 150 320 323 
315 203 342 323 320 
316 203 341 342 179 
317 203 340 181 342 
318 203 183 340 341 
319 203 342 341 340 
320 203 344 343 138 
321 203 345 186 343 
322 203 187 345 344 
323 203 343 344 345 
324 203 347 346 186 
325 203 348 142 346 
326 203 188 348 347 
327 203 346 347 348 
328 203 350 349 187 
329 203 351 188 349 
330 203 143 351 350 
331 203 349 350 351 
332 203 347 349 188 
333 203 345 187 349 
334 203 186 345 347 
335 203 349 347 345 
336 203 353 352 142 
337 203 354 189 352 
338 203 190 354 353 
339 203 352 353 354 
340 203 46 189 45 
341 203 189 354 45 
342 203 44 190 43 
343 203 356 355 143 
344 203 45 354 44 
345 203 354 190 44 
346 203 357 191 355 
347 203 192 357 356 
348 203 355 356 357 
349 203 42 358 191 
350 203 40 357 192 
351 203 192 39 40 
352 203 357 40 41 
353 203 41 191 357 
354 203 191 41 42 
355 203 358 42 43 
356 203 359 355 191 
357 203 43 190 358 
358 203 351 143 355 
359 203 188 351 359 
360 203 355 359 351 
361 203 353 360 190 
362 203 348 188 360 
363 203 142 348 353 
364 203 360 353 348 
365 203 359 360 188 
366 203 358 190 360 
367 203 191 358 359 
368 203 360 359 358 
369 203 362 361 139 
370 203 363 193 361 
371 203 194 363 362 
372 203 361 362 363 
373 203 365 364 193 
374 203 366 140 364 
375 203 195 366 365 
376 203 364 365 366 
377 203 368 367 194 
378 203 369 195 367 
379 203 141 369 368 
380 203 367 368 369 
381 203 365 367 195 
382 203 363 194 367 
383 203 193 363 365 
384 203 367 365 363 
385 203 371 370 140 
386 203 372 196 370 
387 203 197 372 371 
388 203 370 371 372 
389 203 38 379 196 
390 203 36 372 197 
391 203 197 35 36 
392 203 372 36 37 
393 203 374 373 141 
394 203 37 196 372 
395 203 375 198 373 
396 203 199 375 374 
397 203 373 374 375 
398 203 34 376 198 
399 203 32 375 199 
400 203 199 31 32 
401 203 375 32 33 
402 203 33 198 375 
403 203 198 33 34 
404 203 376 34 35 
405 203 377 373 198 
406 203 35 197 376 
407 203 369 141 373 
408 203 195 369 377 
409 203 373 377 369 
410 203 371 378 197 
411 203 366 195 378 
412 203 140 366 371 
413 203 378 371 366 
414 203 377 378 195 
415 203 376 197 378 
416 203 198 376 377 
417 203 378 377 376 
418 203 196 37 38 
419 203 379 38 39 
420 203 380 370 196 
421 203 39 192 379 
422 203 381 140 370 
423 203 200 381 380 
424 203 370 380 381 
425 203 356 382 192 
426 203 383 200 382 
427 203 143 383 356 
428 203 382 356 383 
429 203 380 382 200 
430 203 379 192 382 
431 203 196 379 380 
432 203 382 380 379 
433 203 384 364 140 
434 203 385 193 364 
435 203 201 385 384 
436 203 364 384 385 
437 203 386 361 193 
438 203 339 139 361 
439 203 185 339 386 
440 203 361 386 339 
441 203 388 387 201 
442 203 336 185 387 
443 203 162 336 388 
444 203 387 388 336 
445 203 386 387 185 
446 203 385 201 387 
447 203 193 385 386 
448 203 387 386 385 
449 203 350 389 143 
450 203 390 202 389 
451 203 187 390 350 
452 203 389 350 390 
453 203 392 391 202 
454 203 330 162 391 
455 203 182 330 392 
456 203 391 392 330 
457 203 344 393 187 
458 203 327 182 393 
459 203 138 327 344 
460 203 393 344 327 
461 203 392 393 182 
462 203 390 187 393 
463 203 202 390 392 
464 203 393 392 390 
465 203 388 391 162 
466 203 394 202 391 
467 203 201 394 388 
468 203 391 388 394 
469 203 395 389 202 
470 203 383 143 389 
471 203 200 383 395 
472 203 389 395 383 
473 203 384 396 201 
474 203 381 200 396 
475 203 140 381 384 
476 203 396 384 381 
477 203 395 396 200 
478 203 394 201 396 
479 203 202 394 395 
480 203 396 395 394 
481 203 398 352 189 
482 203 47 397 46 
483 203 397 189 46 
484 203 399 142 352 
485 203 203 399 398 
486 203 352 398 399 
487 203 302 400 176 
488 203 401 203 400 
489 203 146 401 302 
490 203 400 302 401 
491 203 398 400 203 
492 203 397 176 400 
493 203 189 397 398 
494 203 400 398 397 
495 203 402 346 142 
496 203 403 186 346 
497 203 204 403 402 
498 203 346 402 403 
499 203 404 343 186 
500 203 405 138 343 
501 203 205 405 404 
502 203 343 404 405 
503 203 407 406 204 
504 203 408 205 406 
505 203 163 408 407 
506 203 406 407 408 
507 203 404 406 205 
508 203 403 204 406 
509 203 186 403 404 
510 203 406 404 403 
511 203 296 409 146 
512 203 410 206 409 
513 203 171 410 296 
514 203 409 296 410 
515 203 412 411 206 
516 203 413 163 411 
517 203 207 413 412 
518 203 411 412 413 
519 203 290 414 171 
520 203 415 207 414 
521 203 144 415 290 
522 203 414 290 415 
523 203 412 414 207 
524 203 410 171 414 
525 203 206 410 412 
526 203 414 412 410 
527 203 407 411 163 
528 203 416 206 411 
529 203 204 416 407 
530 203 411 407 416 
531 203 417 409 206 
532 203 401 146 409 
533 203 203 401 417 
534 203 409 417 401 
535 203 402 418 204 
536 203 399 203 418 
537 203 142 399 402 
538 203 418 402 399 
539 203 417 418 203 
540 203 416 204 418 
541 203 206 416 417 
542 203 418 417 416 
543 203 419 325 138 
544 203 420 180 325 
545 203 208 420 419 
546 203 325 419 420 
547 203 421 322 180 
548 203 422 150 322 
549 203 209 422 421 
550 203 322 421 422 
551 203 424 423 208 
552 203 425 209 423 
553 203 151 425 424 
554 203 423 424 425 
555 203 421 423 209 
556 203 420 208 423 
557 203 180 420 421 
558 203 423 421 420 
559 203 150 86 87 
560 203 151 82 83 
561 203 151 83 425 
562 203 425 84 209 
563 203 425 83 84 
564 203 209 85 422 
565 203 422 86 150 
566 203 422 85 86 
567 203 209 84 85 
568 203 284 426 144 
569 203 427 210 426 
570 203 168 427 284 
571 203 426 284 427 
572 203 429 428 210 
573 203 430 149 428 
574 203 211 430 429 
575 203 428 429 430 
576 203 278 431 168 
577 203 432 211 431 
578 203 148 432 278 
579 203 431 278 432 
580 203 429 431 211 
581 203 427 168 431 
582 203 210 427 429 
583 203 431 429 427 
584 203 149 78 79 
585 203 148 74 75 
586 203 148 75 432 
587 203 432 76 211 
588 203 432 75 76 
589 203 211 77 430 
590 203 430 78 149 
591 203 430 77 78 
592 203 211 76 77 
593 203 149 79 433 
594 203 433 80 212 
595 203 433 79 80 
596 203 212 81 434 
597 203 434 82 151 
598 203 434 81 82 
599 203 212 80 81 
600 203 435 428 149 
601 203 436 210 428 
602 203 213 436 435 
603 203 428 435 436 
604 203 437 426 210 
605 203 415 144 426 
606 203 207 415 437 
607 203 426 437 415 
608 203 439 438 213 
609 203 413 207 438 
610 203 163 413 439 
611 203 438 439 413 
612 203 437 438 207 
613 203 436 213 438 
614 203 210 436 437 
615 203 438 437 436 
616 203 424 440 151 
617 203 441 214 440 
618 203 208 441 424 
619 203 440 424 441 
620 203 443 442 214 
621 203 408 163 442 
622 203 205 408 443 
623 203 442 443 408 
624 203 419 444 208 
625 203 405 205 444 
626 203 138 405 419 
627 203 444 419 405 
628 203 443 444 205 
629 203 441 208 444 
630 203 214 441 443 
631 203 444 443 441 
632 203 439 442 163 
633 203 445 214 442 
634 203 213 445 439 
635 203 442 439 445 
636 203 446 440 214 
637 203 434 151 440 
638 203 212 434 446 
639 203 440 446 434 
640 203 435 447 213 
641 203 433 212 447 
642 203 149 433 435 
643 203 447 435 433 
644 203 446 447 212 
645 203 445 213 447 
646 203 214 445 446 
647 203 447 446 445 
648 203 154 103 104 
649 203 448 104 105 
650 203 448 154 104 
651 203 215 105 106 
652 203 449 106 107 
653 203 449 215 106 
654 203 215 448 105 
655 203 451 450 154 
656 203 452 216 450 
657 203 217 452 451 
658 203 450 451 452 
659 203 454 453 216 
660 203 455 132 453 
661 203 218 455 454 
662 203 453 454 455 
663 203 457 456 217 
664 203 458 218 456 
665 203 164 458 457 
666 203 456 457 458 
667 203 454 456 218 
668 203 452 217 456 
669 203 216 452 454 
670 203 456 454 452 
671 203 460 459 157 
672 203 461 219 459 
673 203 220 461 460 
674 203 459 460 461 
675 203 463 462 219 
676 203 464 164 462 
677 203 221 464 463 
678 203 462 463 464 
679 203 466 465 220 
680 203 467 221 465 
681 203 133 467 466 
682 203 465 466 467 
683 203 463 465 221 
684 203 461 220 465 
685 203 219 461 463 
686 203 465 463 461 
687 203 457 462 164 
688 203 468 219 462 
689 203 217 468 457 
690 203 462 457 468 
691 203 469 459 219 
692 203 449 157 459 
693 203 215 449 469 
694 203 459 469 449 
695 203 451 470 217 
696 203 448 215 470 
697 203 154 448 451 
698 203 470 451 448 
699 203 469 470 215 
700 203 468 217 470 
701 203 219 468 469 
702 203 470 469 468 
703 203 472 471 132 
704 203 473 222 471 
705 203 223 473 472 
706 203 471 472 473 
707 203 475 474 222 
708 203 476 136 474 
709 203 224 476 475 
710 203 474 475 476 
711 203 478 477 223 
712 203 479 224 477 
713 203 137 479 478 
714 203 477 478 479 
715 203 475 477 224 
716 203 473 223 477 
717 203 222 473 475 
718 203 477 475 473 
719 203 481 480 136 
720 203 482 225 480 
721 203 226 482 481 
722 203 480 481 482 
723 203 617 225 29 
724 203 482 226 27 
725 203 27 28 482 
726 203 28 29 225 
727 203 484 483 137 
728 203 225 482 28 
729 203 485 227 483 
730 203 228 485 484 
731 203 483 484 485 
732 203 486 227 25 
733 203 485 228 23 
734 203 23 24 485 
735 203 24 25 227 
736 203 227 485 24 
737 203 25 26 486 
738 203 26 27 226 
739 203 487 483 227 
740 203 226 486 26 
741 203 479 137 483 
742 203 224 479 487 
743 203 483 487 479 
744 203 481 488 226 
745 203 476 224 488 
746 203 136 476 481 
747 203 488 481 476 
748 203 487 488 224 
749 203 486 226 488 
750 203 227 486 487 
751 203 488 487 486 
752 203 490 489 133 
753 203 491 229 489 
754 203 230 491 490 
755 203 489 490 491 
756 203 493 492 229 
757 203 494 134 492 
758 203 231 494 493 
759 203 492 493 494 
760 203 496 495 230 
761 203 497 231 495 
762 203 135 497 496 
763 203 495 496 497 
764 203 493 495 231 
765 203 491 230 495 
766 203 229 491 493 
767 203 495 493 491 
768 203 499 498 134 
769 203 500 232 498 
770 203 233 500 499 
771 203 498 499 500 
772 203 507 232 21 
773 203 500 233 19 
774 203 19 20 500 
775 203 20 21 232 
776 203 502 501 135 
777 203 232 500 20 
778 203 503 234 501 
779 203 235 503 502 
780 203 501 502 503 
781 203 504 234 17 
782 203 16 503 15 
783 203 235 15 503 
784 203 503 16 234 
785 203 17 234 16 
786 203 17 18 504 
787 203 18 19 233 
788 203 505 501 234 
789 203 233 504 18 
790 203 497 135 501 
791 203 231 497 505 
792 203 501 505 497 
793 203 499 506 233 
794 203 494 231 506 
795 203 134 494 499 
796 203 506 499 494 
797 203 505 506 231 
798 203 504 233 506 
799 203 234 504 505 
800 203 506 505 504 
801 203 21 22 507 
802 203 22 23 228 
803 203 508 498 232 
804 203 228 507 22 
805 203 509 134 498 
806 203 236 509 508 
807 203 498 508 509 
808 203 484 510 228 
809 203 511 236 510 
810 203 137 511 484 
811 203 510 484 511 
812 203 508 510 236 
813 203 507 228 510 
814 203 232 507 508 
815 203 510 508 507 
816 203 512 492 134 
817 203 513 229 492 
818 203 237 513 512 
819 203 492 512 513 
820 203 514 489 229 
821 203 467 133 489 
822 203 221 467 514 
823 203 489 514 467 
824 203 516 515 237 
825 203 464 221 515 
826 203 164 464 516 
827 203 515 516 464 
828 203 514 515 221 
829 203 513 237 515 
830 203 229 513 514 
831 203 515 514 513 
832 203 478 517 137 
833 203 518 238 517 
834 203 223 518 478 
835 203 517 478 518 
836 203 520 519 238 
837 203 458 164 519 
838 203 218 458 520 
839 203 519 520 458 
840 203 472 521 223 
841 203 455 218 521 
842 203 132 455 472 
843 203 521 472 455 
844 203 520 521 218 
845 203 518 223 521 
846 203 238 518 520 
847 203 521 520 518 
848 203 516 519 164 
849 203 522 238 519 
850 203 237 522 516 
851 203 519 516 522 
852 203 523 517 238 
853 203 511 137 517 
854 203 236 511 523 
855 203 517 523 511 
856 203 512 524 237 
857 203 509 236 524 
858 203 134 509 512 
859 203 524 512 509 
860 203 523 524 236 
861 203 522 237 524 
862 203 238 522 523 
863 203 524 523 522 
864 203 158 119 120 
865 203 525 120 121 
866 203 525 158 120 
867 203 239 121 3 
868 203 55 239 3 
869 203 239 525 121 
870 203 527 526 158 
871 203 528 240 526 
872 203 241 528 527 
873 203 526 527 528 
874 203 530 529 240 
875 203 531 129 529 
876 203 242 531 530 
877 203 529 530 531 
878 203 533 532 241 
879 203 534 242 532 
880 203 160 534 533 
881 203 532 533 534 
882 203 530 532 242 
883 203 528 241 532 
884 203 240 528 530 
885 203 532 530 528 
886 203 535 57 58 
887 203 535 536 57 
888 203 533 535 160 
889 203 536 56 57 
890 203 241 536 533 
891 203 535 533 536 
892 203 527 538 241 
893 203 56 537 55 
894 203 537 239 55 
895 203 525 239 538 
896 203 158 525 527 
897 203 538 527 525 
898 203 537 538 239 
899 203 536 241 538 
900 203 538 537 536 
901 203 536 537 56 
902 203 540 539 129 
903 203 541 243 539 
904 203 244 541 540 
905 203 539 540 541 
906 203 543 542 243 
907 203 544 130 542 
908 203 245 544 543 
909 203 542 543 544 
910 203 546 545 244 
911 203 547 245 545 
912 203 131 547 546 
913 203 545 546 547 
914 203 543 545 245 
915 203 541 244 545 
916 203 243 541 543 
917 203 545 543 541 
918 203 549 548 130 
919 203 550 246 548 
920 203 247 550 549 
921 203 548 549 550 
922 203 14 570 13 
923 203 12 550 11 
924 203 247 11 550 
925 203 550 12 246 
926 203 552 551 131 
927 203 13 246 12 
928 203 553 248 551 
929 203 249 553 552 
930 203 551 552 553 
931 203 10 554 9 
932 203 8 553 7 
933 203 249 7 553 
934 203 553 8 248 
935 203 9 248 8 
936 203 248 9 554 
937 203 554 10 247 
938 203 555 551 248 
939 203 11 247 10 
940 203 547 131 551 
941 203 245 547 555 
942 203 551 555 547 
943 203 549 556 247 
944 203 544 245 556 
945 203 130 544 549 
946 203 556 549 544 
947 203 555 556 245 
948 203 554 247 556 
949 203 248 554 555 
950 203 556 555 554 
951 203 6 557 1 
952 203 557 63 1 
953 203 557 6 249 
954 203 7 249 6 
955 203 552 559 249 
956 203 63 558 62 
957 203 558 250 62 
958 203 560 250 559 
959 203 131 560 552 
960 203 559 552 560 
961 203 558 559 250 
962 203 557 249 559 
963 203 559 558 557 
964 203 557 558 63 
965 203 561 58 59 
966 203 160 535 58 
967 203 561 160 58 
968 203 546 562 131 
969 203 563 251 562 
970 203 244 563 546 
971 203 562 546 563 
972 203 565 564 251 
973 203 534 160 564 
974 203 242 534 565 
975 203 564 565 534 
976 203 540 566 244 
977 203 531 242 566 
978 203 129 531 540 
979 203 566 540 531 
980 203 565 566 242 
981 203 563 244 566 
982 203 251 563 565 
983 203 566 565 563 
984 203 561 564 160 
985 203 567 251 564 
986 203 561 59 567 
987 203 564 561 567 
988 203 568 562 251 
989 203 560 131 562 
990 203 250 560 568 
991 203 562 568 560 
992 203 61 569 60 
993 203 569 61 250 
994 203 568 569 250 
995 203 62 250 61 
996 203 251 567 568 
997 203 567 59 60 
998 203 569 567 60 
999 203 569 568 567 
1000 203 246 13 570 
1001 203 570 14 235 
1002 203 571 548 246 
1003 203 15 235 14 
1004 203 572 130 548 
1005 203 252 572 571 
1006 203 548 571 572 
1007 203 502 573 235 
1008 203 574 252 573 
1009 203 135 574 502 
1010 203 573 502 574 
1011 203 571 573 252 
1012 203 570 235 573 
1013 203 246 570 571 
1014 203 573 571 570 
1015 203 575 542 130 
1016 203 576 243 542 
1017 203 253 576 575 
1018 203 542 575 576 
1019 203 577 539 243 
1020 203 578 129 539 
1021 203 254 578 577 
1022 203 539 577 578 
1023 203 580 579 253 
1024 203 581 254 579 
1025 203 161 581 580 
1026 203 579 580 581 
1027 203 577 579 254 
1028 203 576 253 579 
1029 203 243 576 577 
1030 203 579 577 576 
1031 203 496 582 135 
1032 203 582 496 128 
1033 203 496 230 128 
1034 203 123 608 124 
1035 203 580 125 161 
1036 203 490 583 230 
1037 203 255 122 584 
1038 203 133 584 490 
1039 203 583 490 584 
1040 203 583 5 230 
1041 203 583 584 122 
1042 203 124 161 125 
1043 203 583 122 5 
1044 203 128 230 5 
1045 203 125 585 126 
1046 203 253 585 580 
1047 203 574 135 582 
1048 203 580 585 125 
1049 203 586 582 127 
1050 203 582 128 127 
1051 203 252 574 586 
1052 203 582 586 574 
1053 203 575 587 253 
1054 203 572 252 587 
1055 203 130 572 575 
1056 203 587 575 572 
1057 203 586 587 252 
1058 203 585 253 587 
1059 203 586 126 587 
1060 203 585 587 126 
1061 203 586 127 126 
1062 203 588 529 129 
1063 203 589 240 529 
1064 203 256 589 588 
1065 203 529 588 589 
1066 203 590 526 240 
1067 203 591 158 526 
1068 203 257 591 590 
1069 203 526 590 591 
1070 203 593 592 256 
1071 203 594 257 592 
1072 203 159 594 593 
1073 203 592 593 594 
1074 203 590 592 257 
1075 203 589 256 592 
1076 203 240 589 590 
1077 203 592 590 589 
1078 203 158 591 119 
1079 203 116 594 159 
1080 203 159 603 115 
1081 203 159 115 116 
1082 203 594 116 117 
1083 203 257 117 118 
1084 203 591 118 119 
1085 203 591 257 118 
1086 203 257 594 117 
1087 203 466 595 133 
1088 203 596 258 595 
1089 203 220 596 466 
1090 203 595 466 596 
1091 203 598 597 258 
1092 203 599 156 597 
1093 203 259 599 598 
1094 203 597 598 599 
1095 203 460 600 220 
1096 203 601 259 600 
1097 203 157 601 460 
1098 203 600 460 601 
1099 203 598 600 259 
1100 203 596 220 600 
1101 203 258 596 598 
1102 203 600 598 596 
1103 203 156 599 111 
1104 203 108 601 157 
1105 203 157 449 107 
1106 203 157 107 108 
1107 203 601 108 109 
1108 203 259 109 110 
1109 203 599 110 111 
1110 203 110 599 259 
1111 203 259 601 109 
1112 203 156 111 112 
1113 203 602 112 113 
1114 203 602 156 112 
1115 203 260 113 114 
1116 203 603 114 115 
1117 203 114 603 260 
1118 203 260 602 113 
1119 203 604 597 156 
1120 203 605 258 597 
1121 203 261 605 604 
1122 203 597 604 605 
1123 203 606 595 258 
1124 203 584 133 595 
1125 203 255 584 606 
1126 203 595 606 584 
1127 203 608 607 261 
1128 203 161 124 608 
1129 203 122 255 123 
1130 203 255 607 123 
1131 203 607 608 123 
1132 203 606 607 255 
1133 203 605 261 607 
1134 203 258 605 606 
1135 203 607 606 605 
1136 203 593 609 159 
1137 203 610 262 609 
1138 203 256 610 593 
1139 203 609 593 610 
1140 203 612 611 262 
1141 203 581 161 611 
1142 203 254 581 612 
1143 203 611 612 581 
1144 203 588 613 256 
1145 203 578 254 613 
1146 203 129 578 588 
1147 203 613 588 578 
1148 203 612 613 254 
1149 203 610 256 613 
1150 203 262 610 612 
1151 203 613 612 610 
1152 203 608 611 161 
1153 203 614 262 611 
1154 203 261 614 608 
1155 203 611 608 614 
1156 203 615 609 262 
1157 203 603 159 609 
1158 203 260 603 615 
1159 203 609 615 603 
1160 203 604 616 261 
1161 203 602 260 616 
1162 203 156 602 604 
1163 203 616 604 602 
1164 203 615 616 260 
1165 203 614 261 616 
1166 203 262 614 615 
1167 203 616 615 614 
1168 203 29 30 617 
1169 203 617 30 31 
1170 203 618 480 225 
1171 203 31 199 617 
1172 203 619 136 480 
1173 203 263 619 618 
1174 203 480 618 619 
1175 203 374 620 199 
1176 203 621 263 620 
1177 203 141 621 374 
1178 203 620 374 621 
1179 203 618 620 263 
1180 203 617 199 620 
1181 203 225 617 618 
1182 203 620 618 617 
1183 203 622 474 136 
1184 203 623 222 474 
1185 203 264 623 622 
1186 203 474 622 623 
1187 203 624 471 222 
1188 203 625 132 471 
1189 203 265 625 624 
1190 203 471 624 625 
1191 203 627 626 264 
1192 203 628 265 626 
1193 203 165 628 627 
1194 203 626 627 628 
1195 203 624 626 265 
1196 203 623 264 626 
1197 203 222 623 624 
1198 203 626 624 623 
1199 203 368 629 141 
1200 203 630 266 629 
1201 203 194 630 368 
1202 203 629 368 630 
1203 203 632 631 266 
1204 203 633 165 631 
1205 203 267 633 632 
1206 203 631 632 633 
1207 203 362 634 194 
1208 203 635 267 634 
1209 203 139 635 362 
1210 203 634 362 635 
1211 203 632 634 267 
1212 203 630 194 634 
1213 203 266 630 632 
1214 203 634 632 630 
1215 203 627 631 165 
1216 203 636 266 631 
1217 203 264 636 627 
1218 203 631 627 636 
1219 203 637 629 266 
1220 203 621 141 629 
1221 203 263 621 637 
1222 203 629 637 621 
1223 203 622 638 264 
1224 203 619 263 638 
1225 203 136 619 622 
1226 203 638 622 619 
1227 203 637 638 263 
1228 203 636 264 638 
1229 203 266 636 637 
1230 203 638 637 636 
1231 203 639 453 132 
1232 203 640 216 453 
1233 203 268 640 639 
1234 203 453 639 640 
1235 203 641 450 216 
1236 203 642 154 450 
1237 203 269 642 641 
1238 203 450 641 642 
1239 203 644 643 268 
1240 203 645 269 643 
1241 203 155 645 644 
1242 203 643 644 645 
1243 203 641 643 269 
1244 203 640 268 643 
1245 203 216 640 641 
1246 203 643 641 640 
1247 203 154 642 103 
1248 203 155 654 99 
1249 203 99 100 155 
1250 203 100 101 645 
1251 203 645 155 100 
1252 203 269 101 102 
1253 203 642 102 103 
1254 203 102 642 269 
1255 203 269 645 101 
1256 203 338 646 139 
1257 203 647 270 646 
1258 203 184 647 338 
1259 203 646 338 647 
1260 203 649 648 270 
1261 203 650 152 648 
1262 203 271 650 649 
1263 203 648 649 650 
1264 203 332 651 184 
1265 203 652 271 651 
1266 203 153 652 332 
1267 203 651 332 652 
1268 203 649 651 271 
1269 203 647 184 651 
1270 203 270 647 649 
1271 203 651 649 647 
1272 203 650 94 152 
1273 203 153 91 652 
1274 203 652 92 271 
1275 203 652 91 92 
1276 203 271 93 650 
1277 203 95 152 94 
1278 203 650 93 94 
1279 203 271 92 93 
1280 203 152 95 653 
1281 203 653 96 272 
1282 203 653 95 96 
1283 203 272 97 98 
1284 203 654 98 99 
1285 203 654 272 98 
1286 203 272 96 97 
1287 203 655 648 152 
1288 203 656 270 648 
1289 203 273 656 655 
1290 203 648 655 656 
1291 203 657 646 270 
1292 203 635 139 646 
1293 203 267 635 657 
1294 203 646 657 635 
1295 203 659 658 273 
1296 203 633 267 658 
1297 203 165 633 659 
1298 203 658 659 633 
1299 203 657 658 267 
1300 203 656 273 658 
1301 203 270 656 657 
1302 203 658 657 656 
1303 203 644 660 155 
1304 203 661 274 660 
1305 203 268 661 644 
1306 203 660 644 661 
1307 203 663 662 274 
1308 203 628 165 662 
1309 203 265 628 663 
1310 203 662 663 628 
1311 203 639 664 268 
1312 203 625 265 664 
1313 203 132 625 639 
1314 203 664 639 625 
1315 203 663 664 265 
1316 203 661 268 664 
1317 203 274 661 663 
1318 203 664 663 661 
1319 203 659 662 165 
1320 203 665 274 662 
1321 203 273 665 659 
1322 203 662 659 665 
1323 203 666 660 274 
1324 203 654 155 660 
1325 203 272 654 666 
1326 203 660 666 654 
1327 203 655 667 273 
1328 203 653 272 667 
1329 203 152 653 655 
1330 203 667 655 653 
1331 203 666 667 272 
1332 203 665 273 667 
1333 203 274 665 666 
1334 203 667 666 665 
