627 1254
1 8.75000000000000e-01 5.00000000000000e-01 0.00000000000000e+00
2 5.00000000000000e+00 1.00000000000000e+00 0.00000000000000e+00
3 0.00000000000000e+00 1.00000000000000e+00 0.00000000000000e+00
4 5.00000000000000e+00 0.00000000000000e+00 0.00000000000000e+00
5 0.00000000000000e+00 0.00000000000000e+00 0.00000000000000e+00
6 9.99999999999985e-02 0.00000000000000e+00 0.00000000000000e+00
7 1.99999999999997e-01 0.00000000000000e+00 0.00000000000000e+00
8 2.99999999999996e-01 0.00000000000000e+00 0.00000000000000e+00
9 3.99999999999995e-01 0.00000000000000e+00 0.00000000000000e+00
10 4.99999999999994e-01 0.00000000000000e+00 0.00000000000000e+00
11 5.99999999999993e-01 0.00000000000000e+00 0.00000000000000e+00
12 6.99999999999991e-01 0.00000000000000e+00 0.00000000000000e+00
13 7.99999999999990e-01 0.00000000000000e+00 0.00000000000000e+00
14 8.99999999999989e-01 0.00000000000000e+00 0.00000000000000e+00
15 9.99999999999987e-01 0.00000000000000e+00 0.00000000000000e+00
16 1.09999999999999e+00 0.00000000000000e+00 0.00000000000000e+00
17 1.19999999999999e+00 0.00000000000000e+00 0.00000000000000e+00
18 1.29999999999998e+00 0.00000000000000e+00 0.00000000000000e+00
19 1.39999999999998e+00 0.00000000000000e+00 0.00000000000000e+00
20 1.49999999999998e+00 0.00000000000000e+00 0.00000000000000e+00
21 1.59999999999998e+00 0.00000000000000e+00 0.00000000000000e+00
22 1.69999999999998e+00 0.00000000000000e+00 0.00000000000000e+00
23 1.79999999999998e+00 0.00000000000000e+00 0.00000000000000e+00
24 1.89999999999998e+00 0.00000000000000e+00 0.00000000000000e+00
25 1.99999999999998e+00 0.00000000000000e+00 0.00000000000000e+00
26 2.09999999999998e+00 0.00000000000000e+00 0.00000000000000e+00
27 2.19999999999998e+00 0.00000000000000e+00 0.00000000000000e+00
28 2.29999999999998e+00 0.00000000000000e+00 0.00000000000000e+00
29 2.39999999999998e+00 0.00000000000000e+00 0.00000000000000e+00
30 2.49999999999998e+00 0.00000000000000e+00 0.00000000000000e+00
31 2.59999999999998e+00 0.00000000000000e+00 0.00000000000000e+00
32 2.69999999999998e+00 0.00000000000000e+00 0.00000000000000e+00
33 2.79999999999998e+00 0.00000000000000e+00 0.00000000000000e+00
34 2.89999999999998e+00 0.00000000000000e+00 0.00000000000000e+00
35 2.99999999999999e+00 0.00000000000000e+00 0.00000000000000e+00
36 3.09999999999999e+00 0.00000000000000e+00 0.00000000000000e+00
37 3.19999999999999e+00 0.00000000000000e+00 0.00000000000000e+00
38 3.29999999999999e+00 0.00000000000000e+00 0.00000000000000e+00
39 3.39999999999999e+00 0.00000000000000e+00 0.00000000000000e+00
40 3.49999999999999e+00 0.00000000000000e+00 0.00000000000000e+00
41 3.59999999999999e+00 0.00000000000000e+00 0.00000000000000e+00
42 3.69999999999999e+00 0.00000000000000e+00 0.00000000000000e+00
43 3.79999999999999e+00 0.00000000000000e+00 0.00000000000000e+00
44 3.89999999999999e+00 0.00000000000000e+00 0.00000000000000e+00
45 3.99999999999999e+00 0.00000000000000e+00 0.00000000000000e+00
46 4.09999999999999e+00 0.00000000000000e+00 0.00000000000000e+00
47 4.19999999999999e+00 0.00000000000000e+00 0.00000000000000e+00
48 4.30000000000000e+00 0.00000000000000e+00 0.00000000000000e+00
49 4.40000000000000e+00 0.00000000000000e+00 0.00000000000000e+00
50 4.50000000000000e+00 0.00000000000000e+00 0.00000000000000e+00
51 4.60000000000000e+00 0.00000000000000e+00 0.00000000000000e+00
52 4.70000000000000e+00 0.00000000000000e+00 0.00000000000000e+00
53 4.80000000000000e+00 0.00000000000000e+00 0.00000000000000e+00
54 4.90000000000000e+00 0.00000000000000e+00 0.00000000000000e+00
55 0.00000000000000e+00 9.00000000000002e-01 0.00000000000000e+00
56 0.00000000000000e+00 8.00000000000003e-01 0.00000000000000e+00
57 0.00000000000000e+00 7.00000000000003e-01 0.00000000000000e+00
58 0.00000000000000e+00 6.00000000000003e-01 0.00000000000000e+00
59 0.00000000000000e+00 5.00000000000003e-01 0.00000000000000e+00
60 0.00000000000000e+00 4.00000000000002e-01 0.00000000000000e+00
61 0.00000000000000e+00 3.00000000000002e-01 0.00000000000000e+00
62 0.00000000000000e+00 2.00000000000001e-01 0.00000000000000e+00
63 0.00000000000000e+00 1.00000000000001e-01 0.00000000000000e+00
64 5.00000000000000e+00 9.99999999999983e-02 0.00000000000000e+00
65 5.00000000000000e+00 1.99999999999997e-01 0.00000000000000e+00
66 5.00000000000000e+00 2.99999999999997e-01 0.00000000000000e+00
67 5.00000000000000e+00 3.99999999999997e-01 0.00000000000000e+00
68 5.00000000000000e+00 4.99999999999998e-01 0.00000000000000e+00
69 5.00000000000000e+00 5.99999999999998e-01 0.00000000000000e+00
70 5.00000000000000e+00 6.99999999999999e-01 0.00000000000000e+00
71 5.00000000000000e+00 7.99999999999999e-01 0.00000000000000e+00
72 5.00000000000000e+00 8.99999999999999e-01 0.00000000000000e+00
73 4.90000000000000e+00 1.00000000000000e+00 0.00000000000000e+00
74 4.80000000000000e+00 1.00000000000000e+00 0.00000000000000e+00
75 4.70000000000000e+00 1.00000000000000e+00 0.00000000000000e+00
76 4.60000000000001e+00 1.00000000000000e+00 0.00000000000000e+00
77 4.50000000000001e+00 1.00000000000000e+00 0.00000000000000e+00
78 4.40000000000001e+00 1.00000000000000e+00 0.00000000000000e+00
79 4.30000000000001e+00 1.00000000000000e+00 0.00000000000000e+00
80 4.20000000000001e+00 1.00000000000000e+00 0.00000000000000e+00
81 4.10000000000001e+00 1.00000000000000e+00 0.00000000000000e+00
82 4.00000000000002e+00 1.00000000000000e+00 0.00000000000000e+00
83 3.90000000000002e+00 1.00000000000000e+00 0.00000000000000e+00
84 3.80000000000002e+00 1.00000000000000e+00 0.00000000000000e+00
85 3.70000000000002e+00 1.00000000000000e+00 0.00000000000000e+00
86 3.60000000000002e+00 1.00000000000000e+00 0.00000000000000e+00
87 3.50000000000002e+00 1.00000000000000e+00 0.00000000000000e+00
88 3.40000000000002e+00 1.00000000000000e+00 0.00000000000000e+00
89 3.30000000000002e+00 1.00000000000000e+00 0.00000000000000e+00
90 3.20000000000002e+00 1.00000000000000e+00 0.00000000000000e+00
91 3.10000000000002e+00 1.00000000000000e+00 0.00000000000000e+00
92 3.00000000000002e+00 1.00000000000000e+00 0.00000000000000e+00
93 2.90000000000002e+00 1.00000000000000e+00 0.00000000000000e+00
94 2.80000000000002e+00 1.00000000000000e+00 0.00000000000000e+00
95 2.70000000000002e+00 1.00000000000000e+00 0.00000000000000e+00
96 2.60000000000002e+00 1.00000000000000e+00 0.00000000000000e+00
97 2.50000000000002e+00 1.00000000000000e+00 0.00000000000000e+00
98 2.40000000000002e+00 1.00000000000000e+00 0.00000000000000e+00
99 2.30000000000002e+00 1.00000000000000e+00 0.00000000000000e+00
100 2.20000000000002e+00 1.00000000000000e+00 0.00000000000000e+00
101 2.10000000000002e+00 1.00000000000000e+00 0.00000000000000e+00
102 2.00000000000002e+00 1.00000000000000e+00 0.00000000000000e+00
103 1.90000000000002e+00 1.00000000000000e+00 0.00000000000000e+00
104 1.80000000000001e+00 1.00000000000000e+00 0.00000000000000e+00
105 1.70000000000001e+00 1.00000000000000e+00 0.00000000000000e+00
106 1.60000000000001e+00 1.00000000000000e+00 0.00000000000000e+00
107 1.50000000000001e+00 1.00000000000000e+00 0.00000000000000e+00
108 1.40000000000001e+00 1.00000000000000e+00 0.00000000000000e+00
109 1.30000000000001e+00 1.00000000000000e+00 0.00000000000000e+00
110 1.20000000000001e+00 1.00000000000000e+00 0.00000000000000e+00
111 1.10000000000001e+00 1.00000000000000e+00 0.00000000000000e+00
112 1.00000000000001e+00 1.00000000000000e+00 0.00000000000000e+00
113 9.00000000000007e-01 1.00000000000000e+00 0.00000000000000e+00
114 8.00000000000008e-01 1.00000000000000e+00 0.00000000000000e+00
115 7.00000000000005e-01 1.00000000000000e+00 0.00000000000000e+00
116 6.00000000000005e-01 1.00000000000000e+00 0.00000000000000e+00
117 5.00000000000004e-01 1.00000000000000e+00 0.00000000000000e+00
118 4.00000000000004e-01 1.00000000000000e+00 0.00000000000000e+00
119 3.00000000000002e-01 1.00000000000000e+00 0.00000000000000e+00
120 2.00000000000002e-01 1.00000000000000e+00 0.00000000000000e+00
121 1.00000000000001e-01 1.00000000000000e+00 0.00000000000000e+00
122 8.93979360331291e-01 5.66216493143610e-01 0.00000000000000e+00
123 9.47061310859035e-01 6.13236456991714e-01 0.00000000000000e+00
124 1.01455946621240e+00 6.24149192279330e-01 0.00000000000000e+00
125 1.07910078067422e+00 5.96788772575795e-01 0.00000000000000e+00
126 1.11889761508544e+00 5.38579231809296e-01 0.00000000000000e+00
127 1.12125617559576e+00 4.69636537089943e-01 0.00000000000000e+00
128 1.08312096452693e+00 4.06640987279684e-01 0.00000000000000e+00
129 1.01983096405198e+00 3.76583093278233e-01 0.00000000000000e+00
130 9.49273420163807e-01 3.85755463596186e-01 0.00000000000000e+00
131 8.95926594359986e-01 4.30763259475267e-01 0.00000000000000e+00
132 1.38295096669764e-01 8.80452400011761e-02 0.00000000000000e+00
133 3.49462149525180e-01 8.65105743668734e-02 0.00000000000000e+00
134 5.52002967654795e-01 8.55590678152385e-02 0.00000000000000e+00
135 7.53082816423864e-01 8.42387863559880e-02 0.00000000000000e+00
136 9.55567354332631e-01 8.45151559441143e-02 0.00000000000000e+00
137 1.15249239050393e+00 8.18890216042484e-02 0.00000000000000e+00
138 1.34920563226772e+00 9.22381678193590e-02 0.00000000000000e+00
139 1.55061400362867e+00 9.12511727278422e-02 0.00000000000000e+00
140 1.75110702121264e+00 8.93403970223099e-02 0.00000000000000e+00
141 1.95043348073275e+00 8.75458553897710e-02 0.00000000000000e+00
142 2.14958488357349e+00 8.74725411225363e-02 0.00000000000000e+00
143 2.34868531602230e+00 8.89934823477697e-02 0.00000000000000e+00
144 2.54856026291644e+00 9.02672318886492e-02 0.00000000000000e+00
145 2.74934131338031e+00 9.13988901949002e-02 0.00000000000000e+00
146 2.95015327567411e+00 9.10804130811039e-02 0.00000000000000e+00
147 3.15035568309000e+00 8.89487921670996e-02 0.00000000000000e+00
148 3.35002294752469e+00 8.74996240396554e-02 0.00000000000000e+00
149 3.54953932050442e+00 8.87569302126803e-02 0.00000000000000e+00
150 3.74912306811854e+00 9.01737426352114e-02 0.00000000000000e+00
151 3.94900054425808e+00 8.91918210313333e-02 0.00000000000000e+00
152 4.14946675850633e+00 8.86879012130566e-02 0.00000000000000e+00
153 4.34911340112836e+00 8.95284885396552e-02 0.00000000000000e+00
154 4.54816828116571e+00 9.01567213761255e-02 0.00000000000000e+00
155 4.74539883254544e+00 9.67486048163079e-02 0.00000000000000e+00
156 8.30550304924587e-02 8.58773897965595e-01 0.00000000000000e+00
157 8.63919453207118e-02 6.51450541799003e-01 0.00000000000000e+00
158 8.73026482183095e-02 4.53079894457151e-01 0.00000000000000e+00
159 8.91515808097312e-02 2.53846050189732e-01 0.00000000000000e+00
160 4.91218174075289e+00 1.40514176974063e-01 0.00000000000000e+00
161 4.91479525809876e+00 3.48342066069338e-01 0.00000000000000e+00
162 4.91567694932686e+00 5.47628181427066e-01 0.00000000000000e+00
163 4.91348344688972e+00 7.46461457041377e-01 0.00000000000000e+00
164 4.86201878918749e+00 9.11187809194272e-01 0.00000000000000e+00
165 4.65158453344227e+00 9.09495655065340e-01 0.00000000000000e+00
166 4.44980189462143e+00 9.11966467756289e-01 0.00000000000000e+00
167 4.25011073959962e+00 9.10909674595287e-01 0.00000000000000e+00
168 4.05076032541693e+00 9.10343661943756e-01 0.00000000000000e+00
169 3.85090862369994e+00 9.11632258147862e-01 0.00000000000000e+00
170 3.65069850667500e+00 9.10896004711475e-01 0.00000000000000e+00
171 3.45038471041321e+00 9.09107376479950e-01 0.00000000000000e+00
172 3.24981115971921e+00 9.09142718451285e-01 0.00000000000000e+00
173 3.04968319872640e+00 9.11117059208988e-01 0.00000000000000e+00
174 2.85011209008249e+00 9.12590703642276e-01 0.00000000000000e+00
175 2.65090739903398e+00 9.11659058478520e-01 0.00000000000000e+00
176 2.45143148254844e+00 9.10355532369500e-01 0.00000000000000e+00
177 2.25102224583584e+00 9.09195335534978e-01 0.00000000000000e+00
178 2.05007894929636e+00 9.08481069223497e-01 0.00000000000000e+00
179 1.84912179167684e+00 9.09258021336632e-01 0.00000000000000e+00
180 1.64857807678127e+00 9.10696053379465e-01 0.00000000000000e+00
181 1.44802701962399e+00 9.11994646421845e-01 0.00000000000000e+00
182 1.24784848108495e+00 9.14389621428379e-01 0.00000000000000e+00
183 1.05177871282323e+00 9.18569123312579e-01 0.00000000000000e+00
184 8.52808156848819e-01 9.18084789582159e-01 0.00000000000000e+00
185 6.51379670299350e-01 9.11343411717220e-01 0.00000000000000e+00
186 4.52473366313312e-01 9.10276950513993e-01 0.00000000000000e+00
187 2.61898658063823e-01 9.17694279238856e-01 0.00000000000000e+00
188 1.67976849377887e-01 9.04785943334241e-01 0.00000000000000e+00
189 8.26752424764200e-01 5.52083859049883e-01 0.00000000000000e+00
190 8.81465512536316e-01 6.33547277290830e-01 0.00000000000000e+00
191 9.68544283454146e-01 6.79832443564322e-01 0.00000000000000e+00
192 1.07633304566859e+00 6.71838576390583e-01 0.00000000000000e+00
193 1.16535381890381e+00 5.91678974520939e-01 0.00000000000000e+00
194 1.19114583330607e+00 5.16093341174375e-01 0.00000000000000e+00
195 1.15160720201240e+00 4.05308637133145e-01 0.00000000000000e+00
196 1.07737788334956e+00 3.30393771567953e-01 0.00000000000000e+00
197 9.50735265117669e-01 3.15856007093693e-01 0.00000000000000e+00
198 8.83334092149907e-01 3.48945450462570e-01 0.00000000000000e+00
199 8.24063019595754e-01 4.49779005238755e-01 0.00000000000000e+00
200 2.44684935108092e-01 9.07011098343583e-02 0.00000000000000e+00
201 4.51495845305050e-01 8.52795050224396e-02 0.00000000000000e+00
202 6.52234970760191e-01 8.51225742135314e-02 0.00000000000000e+00
203 8.53860999239384e-01 8.30980067291177e-02 0.00000000000000e+00
204 1.05355484794752e+00 8.20574855755556e-02 0.00000000000000e+00
205 1.24962716340265e+00 8.93244712404241e-02 0.00000000000000e+00
206 1.44992138631373e+00 9.22812196892538e-02 0.00000000000000e+00
207 1.65111541230569e+00 9.03278197221332e-02 0.00000000000000e+00
208 1.85084408306235e+00 8.83931552739206e-02 0.00000000000000e+00
209 2.05002088938279e+00 8.71612586698632e-02 0.00000000000000e+00
210 2.24913305414571e+00 8.82004331278115e-02 0.00000000000000e+00
211 2.44854715252002e+00 8.95965313192573e-02 0.00000000000000e+00
212 2.64894416044965e+00 9.07926550139126e-02 0.00000000000000e+00
213 2.84981798236285e+00 9.14269232986107e-02 0.00000000000000e+00
214 3.05036003299066e+00 9.00466819135192e-02 0.00000000000000e+00
215 3.25020255391033e+00 8.79173218603185e-02 0.00000000000000e+00
216 3.44982487972626e+00 8.78221710011506e-02 0.00000000000000e+00
217 3.64931960569622e+00 8.96494779231884e-02 0.00000000000000e+00
218 3.84902866163434e+00 8.98909086756043e-02 0.00000000000000e+00
219 4.04925775207475e+00 8.85568992996842e-02 0.00000000000000e+00
220 4.24952958479973e+00 8.92214483656776e-02 0.00000000000000e+00
221 4.44841516575041e+00 8.89310121854480e-02 0.00000000000000e+00
222 4.64788857430801e+00 9.43727087979369e-02 0.00000000000000e+00
223 4.83489353828569e+00 8.82272623965999e-02 0.00000000000000e+00
224 8.25951662650621e-02 7.51844500298760e-01 0.00000000000000e+00
225 8.80346130699747e-02 5.52466661215961e-01 0.00000000000000e+00
226 8.72004577160825e-02 3.52835780362407e-01 0.00000000000000e+00
227 8.42167980829549e-02 1.64609774513706e-01 0.00000000000000e+00
228 4.91206499667646e+00 2.45377685143228e-01 0.00000000000000e+00
229 4.91301971643942e+00 4.47782622912093e-01 0.00000000000000e+00
230 4.91662916851878e+00 6.48063828022326e-01 0.00000000000000e+00
231 4.91648015286237e+00 8.35065456381625e-01 0.00000000000000e+00
232 4.75579469585252e+00 9.06569054808152e-01 0.00000000000000e+00
233 4.55012379935580e+00 9.11269364403585e-01 0.00000000000000e+00
234 4.34989884818035e+00 9.11668903723093e-01 0.00000000000000e+00
235 4.15046401237311e+00 9.10229232383612e-01 0.00000000000000e+00
236 3.95098406558297e+00 9.10987572705374e-01 0.00000000000000e+00
237 3.75076961242168e+00 9.11597366994783e-01 0.00000000000000e+00
238 3.55062490228220e+00 9.09832709967864e-01 0.00000000000000e+00
239 3.35009937309961e+00 9.08741243824933e-01 0.00000000000000e+00
240 3.14965990830624e+00 9.09928369374569e-01 0.00000000000000e+00
241 2.94987456075377e+00 9.12092963816975e-01 0.00000000000000e+00
242 2.75049371861367e+00 9.12342296769005e-01 0.00000000000000e+00
243 2.55133252226823e+00 9.10896522902814e-01 0.00000000000000e+00
244 2.35138118819122e+00 9.09716804867199e-01 0.00000000000000e+00
245 2.15058069195478e+00 9.08580149990894e-01 0.00000000000000e+00
246 1.94958679941565e+00 9.08695059144370e-01 0.00000000000000e+00
247 1.74884338098876e+00 9.10064218958795e-01 0.00000000000000e+00
248 1.54844997609072e+00 9.11391355200785e-01 0.00000000000000e+00
249 1.34754941343723e+00 9.12537429043570e-01 0.00000000000000e+00
250 1.15066397152879e+00 9.19927734813253e-01 0.00000000000000e+00
251 9.54335278405037e-01 9.16018108331506e-01 0.00000000000000e+00
252 7.51649213760608e-01 9.15402639442971e-01 0.00000000000000e+00
253 5.51445430633614e-01 9.09509703702653e-01 0.00000000000000e+00
254 3.55942536928315e-01 9.13397174496605e-01 0.00000000000000e+00
255 9.05761887930033e-01 6.90241210345070e-01 0.00000000000000e+00
256 8.19078981886721e-01 6.13676634482015e-01 0.00000000000000e+00
257 1.02547009415911e+00 7.23213058992719e-01 0.00000000000000e+00
258 1.14607130776779e+00 6.68600679448983e-01 0.00000000000000e+00
259 1.21175170518802e+00 4.45281210845522e-01 0.00000000000000e+00
260 1.14434724819148e+00 3.35797149158237e-01 0.00000000000000e+00
261 1.02370151516683e+00 2.78337566105336e-01 0.00000000000000e+00
262 8.66874947088978e-01 2.53513506074748e-01 0.00000000000000e+00
263 8.12260078376246e-01 3.86291101781766e-01 0.00000000000000e+00
264 7.81635083778351e-01 5.03668966525938e-01 0.00000000000000e+00
265 4.59885688714821e+00 8.21641428327924e-01 0.00000000000000e+00
266 6.04195004086113e-01 1.71563261660064e-01 0.00000000000000e+00
267 1.72674332375498e-01 4.06378721923616e-01 0.00000000000000e+00
268 8.07773571790479e-01 1.67309130483479e-01 0.00000000000000e+00
269 4.03819106621798e-01 1.69496327410048e-01 0.00000000000000e+00
270 1.01693195685171e+00 1.76202138010200e-01 0.00000000000000e+00
271 1.19481467047635e+00 1.75091532195871e-01 0.00000000000000e+00
272 1.39893261015582e+00 1.85519630792406e-01 0.00000000000000e+00
273 1.60272491227097e+00 1.81380266512481e-01 0.00000000000000e+00
274 1.80280608562712e+00 1.77933900033115e-01 0.00000000000000e+00
275 2.00061904500715e+00 1.74346951408190e-01 0.00000000000000e+00
276 2.19826442227810e+00 1.75725092401524e-01 0.00000000000000e+00
277 2.39654453583571e+00 1.78755230185015e-01 0.00000000000000e+00
278 2.59689646356192e+00 1.80968625201012e-01 0.00000000000000e+00
279 2.79911008442583e+00 1.83165077445446e-01 0.00000000000000e+00
280 3.00119395153391e+00 1.81425310580832e-01 0.00000000000000e+00
281 3.20113012885288e+00 1.76737676856946e-01 0.00000000000000e+00
282 3.39973741749292e+00 1.74832840012686e-01 0.00000000000000e+00
283 3.59822080340032e+00 1.78756536207023e-01 0.00000000000000e+00
284 3.79806482112052e+00 1.80818765816975e-01 0.00000000000000e+00
285 3.99823016362371e+00 1.77351969938654e-01 0.00000000000000e+00
286 4.19890906038244e+00 1.77863633333998e-01 0.00000000000000e+00
287 4.39802423049875e+00 1.79498939101797e-01 0.00000000000000e+00
288 4.59474491871075e+00 1.82587255062539e-01 0.00000000000000e+00
289 4.80819687239561e+00 1.96262267640724e-01 0.00000000000000e+00
290 1.70136147254853e-01 7.02750919763012e-01 0.00000000000000e+00
291 5.04018034389966e-01 1.70951333859000e-01 0.00000000000000e+00
292 1.76673795381733e-01 5.05804273618638e-01 0.00000000000000e+00
293 1.85552522970629e-01 1.90922872119453e-01 0.00000000000000e+00
294 4.83556959067010e+00 2.99000355008236e-01 0.00000000000000e+00
295 9.07837052884798e-01 1.63859575423701e-01 0.00000000000000e+00
296 4.70145908548116e+00 8.17667254846583e-01 0.00000000000000e+00
297 4.82665065701360e+00 4.97138382162114e-01 0.00000000000000e+00
298 4.83290212918413e+00 6.97315378279963e-01 0.00000000000000e+00
299 2.99957027404392e-01 1.74107634385607e-01 0.00000000000000e+00
300 1.59931794314017e-01 8.00838667835963e-01 0.00000000000000e+00
301 4.39966750618825e+00 8.24165926513064e-01 0.00000000000000e+00
302 4.20091919849179e+00 8.20594796279232e-01 0.00000000000000e+00
303 4.00176160480793e+00 8.20909052776810e-01 0.00000000000000e+00
304 3.80174339990890e+00 8.23863719276451e-01 0.00000000000000e+00
305 3.60203335674553e+00 8.20685522742225e-01 0.00000000000000e+00
306 3.40067184028564e+00 8.17327192705207e-01 0.00000000000000e+00
307 3.19886855778405e+00 8.18620941360777e-01 0.00000000000000e+00
308 2.99896833618418e+00 8.23299474410719e-01 0.00000000000000e+00
309 2.80062434504890e+00 8.25307667472744e-01 0.00000000000000e+00
310 2.60290385061231e+00 8.22281330883698e-01 0.00000000000000e+00
311 2.40348252863992e+00 8.20094413463272e-01 0.00000000000000e+00
312 2.20203429043543e+00 8.17725243650315e-01 0.00000000000000e+00
313 1.99946177885973e+00 8.16798513856764e-01 0.00000000000000e+00
314 1.79733823184233e+00 8.19332475576515e-01 0.00000000000000e+00
315 1.59670052621570e+00 8.22072612818429e-01 0.00000000000000e+00
316 1.39532945114325e+00 8.24836457033851e-01 0.00000000000000e+00
317 1.19224776945447e+00 8.30701591341382e-01 0.00000000000000e+00
318 1.01363908730982e+00 8.22990774964498e-01 0.00000000000000e+00
319 8.05361881166489e-01 8.36539989168421e-01 0.00000000000000e+00
320 6.03172652060862e-01 8.18597533186076e-01 0.00000000000000e+00
321 4.03077626440117e-01 8.20549407165648e-01 0.00000000000000e+00
322 4.81593181656779e+00 8.06323400843594e-01 0.00000000000000e+00
323 1.25227237933195e+00 5.75634922984363e-01 0.00000000000000e+00
324 7.04867071015720e-01 1.68854793111324e-01 0.00000000000000e+00
325 4.82358817203337e+00 3.94372931259173e-01 0.00000000000000e+00
326 1.10614120158415e+00 1.54453117873330e-01 0.00000000000000e+00
327 1.29574975028746e+00 1.84687947469427e-01 0.00000000000000e+00
328 1.50146419515138e+00 1.83592590805307e-01 0.00000000000000e+00
329 1.70327468606962e+00 1.79780413342176e-01 0.00000000000000e+00
330 1.90174280276398e+00 1.75888176108119e-01 0.00000000000000e+00
331 2.09951609745445e+00 1.74279394906171e-01 0.00000000000000e+00
332 2.29715323813955e+00 1.77473640357904e-01 0.00000000000000e+00
333 2.49629162818773e+00 1.79991554636193e-01 0.00000000000000e+00
334 2.69782960173342e+00 1.82424369196525e-01 0.00000000000000e+00
335 2.90026086635190e+00 1.83063841918501e-01 0.00000000000000e+00
336 3.10149190389373e+00 1.79115978863703e-01 0.00000000000000e+00
337 3.30043508167544e+00 1.74952915360225e-01 0.00000000000000e+00
338 3.49892227316149e+00 1.76487639885839e-01 0.00000000000000e+00
339 3.69807969502200e+00 1.80372665213594e-01 0.00000000000000e+00
340 3.89804543415583e+00 1.79381052401676e-01 0.00000000000000e+00
341 4.09871929805324e+00 1.76601137944228e-01 0.00000000000000e+00
342 4.29893983438528e+00 1.79430334417050e-01 0.00000000000000e+00
343 4.49546674747121e+00 1.76347707410359e-01 0.00000000000000e+00
344 4.69568514739717e+00 1.97042633691516e-01 0.00000000000000e+00
345 1.77178242878448e-01 6.04831103582958e-01 0.00000000000000e+00
346 1.74290985915142e-01 3.03898695270924e-01 0.00000000000000e+00
347 4.83592876090474e+00 5.96156159181043e-01 0.00000000000000e+00
348 4.49909036284330e+00 8.23842561950312e-01 0.00000000000000e+00
349 3.90191000776483e+00 8.22943547156256e-01 0.00000000000000e+00
350 4.10137569715092e+00 8.19710646977004e-01 0.00000000000000e+00
351 4.30036913220225e+00 8.22563405225467e-01 0.00000000000000e+00
352 3.70194194118941e+00 8.22730792232670e-01 0.00000000000000e+00
353 3.50156417184780e+00 8.18587055650923e-01 0.00000000000000e+00
354 3.29969367783033e+00 8.17429744442680e-01 0.00000000000000e+00
355 3.09857494019031e+00 8.20934319641252e-01 0.00000000000000e+00
356 2.89971228869557e+00 8.25129061972553e-01 0.00000000000000e+00
357 2.70183396363688e+00 8.23971758779821e-01 0.00000000000000e+00
358 2.50348359695767e+00 8.21038702204323e-01 0.00000000000000e+00
359 2.30308377563093e+00 8.18844451635612e-01 0.00000000000000e+00
360 2.10081008747589e+00 8.16625143806749e-01 0.00000000000000e+00
361 1.89823752419938e+00 8.17824300295901e-01 0.00000000000000e+00
362 1.69685219090797e+00 8.20746503747746e-01 0.00000000000000e+00
363 1.49632134800357e+00 8.23487388225378e-01 0.00000000000000e+00
364 1.29284212695416e+00 8.25328628735679e-01 0.00000000000000e+00
365 1.10362561114148e+00 8.47552593415336e-01 0.00000000000000e+00
366 9.06103571031585e-01 8.37886220157057e-01 0.00000000000000e+00
367 7.04413696098222e-01 8.25820931789248e-01 0.00000000000000e+00
368 5.01092604472090e-01 8.18357547746444e-01 0.00000000000000e+00
369 3.10921353517936e-01 8.29429496584222e-01 0.00000000000000e+00
370 1.28049333920548e+00 4.93257451602041e-01 0.00000000000000e+00
371 2.29379495246052e-01 8.41552521215145e-01 0.00000000000000e+00
372 8.26768435485152e-01 6.88287783162033e-01 0.00000000000000e+00
373 1.11342706010281e+00 7.55935200368778e-01 0.00000000000000e+00
374 1.21978570652824e+00 6.47426932020095e-01 0.00000000000000e+00
375 1.21343847281477e+00 3.67683550200187e-01 0.00000000000000e+00
376 1.11487439279527e+00 2.47525049652274e-01 0.00000000000000e+00
377 8.06630023047486e-01 3.13827645156301e-01 0.00000000000000e+00
378 7.41242540707282e-01 4.36140533531794e-01 0.00000000000000e+00
379 7.51964111320366e-01 5.76711890311301e-01 0.00000000000000e+00
380 9.47598710228597e-01 7.56728536811156e-01 0.00000000000000e+00
381 4.73396948440806e+00 3.17337741755065e-01 0.00000000000000e+00
382 1.55576070772046e+00 2.73684061596960e-01 0.00000000000000e+00
383 1.75668926115857e+00 2.68988595351761e-01 0.00000000000000e+00
384 1.23331645153266e+00 2.77742645376491e-01 0.00000000000000e+00
385 4.74449551998131e+00 5.54461520367159e-01 0.00000000000000e+00
386 1.45311798530219e+00 2.77438396759340e-01 0.00000000000000e+00
387 1.65683426880831e+00 2.71183563947079e-01 0.00000000000000e+00
388 2.71652352665491e-01 5.58816907144570e-01 0.00000000000000e+00
389 2.05012804986912e+00 2.60288000798013e-01 0.00000000000000e+00
390 3.43944825700865e-01 7.32445933937590e-01 0.00000000000000e+00
391 2.24509887948540e+00 2.65650871797611e-01 0.00000000000000e+00
392 2.44275038176967e+00 2.69670021581236e-01 0.00000000000000e+00
393 2.64455132612511e+00 2.72854929189576e-01 0.00000000000000e+00
394 2.84970285182707e+00 2.76467125598497e-01 0.00000000000000e+00
395 3.05393562773596e+00 2.71344089288486e-01 0.00000000000000e+00
396 3.25211377065827e+00 2.63187352250500e-01 0.00000000000000e+00
397 3.44819399022014e+00 2.62968933038519e-01 0.00000000000000e+00
398 3.64565422321135e+00 2.70451387113070e-01 0.00000000000000e+00
399 3.84722210643314e+00 2.72213672038287e-01 0.00000000000000e+00
400 4.04759230201552e+00 2.64014896007144e-01 0.00000000000000e+00
401 4.24774452956674e+00 2.68800923675565e-01 0.00000000000000e+00
402 4.44901081104354e+00 2.70099094210840e-01 0.00000000000000e+00
403 4.62568002157548e+00 2.87950064357117e-01 0.00000000000000e+00
404 4.64261967518731e+00 7.30074016992039e-01 0.00000000000000e+00
405 2.53230211915577e-01 3.62196279728887e-01 0.00000000000000e+00
406 4.73225868676897e+00 4.47398205338587e-01 0.00000000000000e+00
407 1.95260543754542e+00 2.62264230879020e-01 0.00000000000000e+00
408 2.05022092599512e+00 7.23586553436006e-01 0.00000000000000e+00
409 2.25541422939664e+00 7.26861522265168e-01 0.00000000000000e+00
410 3.85273251085096e+00 7.36485009079660e-01 0.00000000000000e+00
411 2.66714281153988e-01 6.60288309522715e-01 0.00000000000000e+00
412 3.95263518010070e+00 7.32662607055069e-01 0.00000000000000e+00
413 3.45270804362982e+00 7.25591363005235e-01 0.00000000000000e+00
414 4.05242206156971e+00 7.28185954853720e-01 0.00000000000000e+00
415 2.65512363017794e+00 7.33944410148105e-01 0.00000000000000e+00
416 3.65468520756937e+00 7.32095800576389e-01 0.00000000000000e+00
417 3.55437608573488e+00 7.28872376084363e-01 0.00000000000000e+00
418 4.25243187369348e+00 7.31448299950061e-01 0.00000000000000e+00
419 3.24788878446740e+00 7.25571264066120e-01 0.00000000000000e+00
420 3.04630707173398e+00 7.32703026157294e-01 0.00000000000000e+00
421 2.75245610238417e+00 7.37346074778009e-01 0.00000000000000e+00
422 2.85010411115204e+00 7.39047778499043e-01 0.00000000000000e+00
423 2.45715286841564e+00 7.30142848005333e-01 0.00000000000000e+00
424 2.35664104825161e+00 7.28923546808060e-01 0.00000000000000e+00
425 2.15301261457234e+00 7.24593582500831e-01 0.00000000000000e+00
426 2.63084127615605e-01 2.64233890651764e-01 0.00000000000000e+00
427 1.84517492612724e+00 7.27203122849244e-01 0.00000000000000e+00
428 1.64372231433229e+00 7.31523674350593e-01 0.00000000000000e+00
429 1.44413522264188e+00 7.36476891767624e-01 0.00000000000000e+00
430 1.22998463663918e+00 7.35963064631460e-01 0.00000000000000e+00
431 7.63859314196463e-01 7.51594438480205e-01 0.00000000000000e+00
432 5.48992968357350e-01 7.28950151416353e-01 0.00000000000000e+00
433 4.15271326333637e+00 7.28061681622224e-01 0.00000000000000e+00
434 3.54620403780106e+00 2.67067402103097e-01 0.00000000000000e+00
435 4.35086673345927e+00 7.35596439753420e-01 0.00000000000000e+00
436 1.34696721281083e+00 2.81635054747213e-01 0.00000000000000e+00
437 2.14760407616198e+00 2.62142500533184e-01 0.00000000000000e+00
438 9.52784804919127e-01 2.35553966235966e-01 0.00000000000000e+00
439 4.45813450940745e-01 7.23742380856796e-01 0.00000000000000e+00
440 4.73910781974960e+00 7.25857291676069e-01 0.00000000000000e+00
441 4.44893081303122e+00 7.37342271858089e-01 0.00000000000000e+00
442 3.35016797817727e+00 2.61001036601950e-01 0.00000000000000e+00
443 1.30147140401978e+00 3.86603614257834e-01 0.00000000000000e+00
444 8.58491843608653e-01 7.63126735460703e-01 0.00000000000000e+00
445 1.85531314412787e+00 2.66120685726256e-01 0.00000000000000e+00
446 2.34344251294114e+00 2.68039775004029e-01 0.00000000000000e+00
447 2.54302676324781e+00 2.71181536321155e-01 0.00000000000000e+00
448 2.74685242883403e+00 2.75510549122829e-01 0.00000000000000e+00
449 2.95225366230518e+00 2.74612411399936e-01 0.00000000000000e+00
450 3.15382310464167e+00 2.67408834969978e-01 0.00000000000000e+00
451 7.44666274246994e-01 6.62613804352649e-01 0.00000000000000e+00
452 3.74631237123829e+00 2.72888878957806e-01 0.00000000000000e+00
453 3.94740835124296e+00 2.67564800224755e-01 0.00000000000000e+00
454 4.14765714275488e+00 2.65060203175336e-01 0.00000000000000e+00
455 4.34876442225674e+00 2.71804874349174e-01 0.00000000000000e+00
456 4.53851330628377e+00 2.56946602499972e-01 0.00000000000000e+00
457 4.56351945282479e-01 2.55074602412091e-01 0.00000000000000e+00
458 2.62641778405341e-01 4.58631982308368e-01 0.00000000000000e+00
459 1.94749991250157e+00 7.24730753011154e-01 0.00000000000000e+00
460 2.47843710099941e-01 7.56997771069163e-01 0.00000000000000e+00
461 2.55648413019330e+00 7.31715392468443e-01 0.00000000000000e+00
462 4.54645845672962e+00 7.34409903075078e-01 0.00000000000000e+00
463 3.75357447798960e+00 7.35627724685652e-01 0.00000000000000e+00
464 3.35031544265450e+00 7.24085142514990e-01 0.00000000000000e+00
465 3.14621386319024e+00 7.28800959600853e-01 0.00000000000000e+00
466 2.94804994738632e+00 7.36847009785362e-01 0.00000000000000e+00
467 4.76617815695867e+00 6.42433810749217e-01 0.00000000000000e+00
468 1.74416865919799e+00 7.29687316290967e-01 0.00000000000000e+00
469 1.54374355099835e+00 7.33672099761427e-01 0.00000000000000e+00
470 1.34284214590208e+00 7.38970561843452e-01 0.00000000000000e+00
471 6.60213038326330e-01 7.22376722151719e-01 0.00000000000000e+00
472 1.34123197422969e+00 5.66967134803777e-01 0.00000000000000e+00
473 7.14559555040302e-01 3.45581099581759e-01 0.00000000000000e+00
474 6.90757517412562e-01 5.16516015629416e-01 0.00000000000000e+00
475 7.57782948392785e-01 2.47705828910307e-01 0.00000000000000e+00
476 1.30075866881697e+00 6.54731237403130e-01 0.00000000000000e+00
477 6.56575990950320e-01 2.57988800884063e-01 0.00000000000000e+00
478 3.60635906533932e-01 2.50578861026002e-01 0.00000000000000e+00
479 5.54684085846604e-01 2.58626902330410e-01 0.00000000000000e+00
480 5.90783880743809e-01 6.47196346270184e-01 0.00000000000000e+00
481 1.37372640360509e+00 4.72147442274309e-01 0.00000000000000e+00
482 3.79544848272200e+00 3.68127271508196e-01 0.00000000000000e+00
483 1.49039521602522e+00 6.45576408592101e-01 0.00000000000000e+00
484 2.09779233143799e+00 3.45795846180778e-01 0.00000000000000e+00
485 3.30250392423104e+00 3.46738383884760e-01 0.00000000000000e+00
486 1.90894812249170e+00 3.53730138835390e-01 0.00000000000000e+00
487 3.25072901545053e-01 3.23893295653597e-01 0.00000000000000e+00
488 1.58901575626113e+00 6.42076170033404e-01 0.00000000000000e+00
489 2.20877089650163e+00 6.33168763260235e-01 0.00000000000000e+00
490 3.61119000542719e-01 5.03229445885147e-01 0.00000000000000e+00
491 4.52274215808609e+00 3.59842839596809e-01 0.00000000000000e+00
492 4.40281476862978e+00 3.67300806595769e-01 0.00000000000000e+00
493 3.49242931324284e+00 3.54759772514212e-01 0.00000000000000e+00
494 3.69155878138069e+00 3.64323990730163e-01 0.00000000000000e+00
495 2.58838354296199e+00 3.63291659652756e-01 0.00000000000000e+00
496 2.79663966604165e+00 3.71544563612635e-01 0.00000000000000e+00
497 4.09612353258289e+00 3.49521310436785e-01 0.00000000000000e+00
498 4.29488410126317e+00 3.62689325352162e-01 0.00000000000000e+00
499 4.63753101100352e+00 3.98435533264068e-01 0.00000000000000e+00
500 3.41933641470886e-01 4.06477812837108e-01 0.00000000000000e+00
501 2.48715904436097e+00 3.61672784797697e-01 0.00000000000000e+00
502 2.00267378694075e+00 3.45878424359540e-01 0.00000000000000e+00
503 3.10955568480498e+00 3.60663005995735e-01 0.00000000000000e+00
504 4.40135450613759e+00 6.51398707371649e-01 0.00000000000000e+00
505 1.81189670344744e+00 3.58511556174751e-01 0.00000000000000e+00
506 3.90256457199091e+00 6.48575867236798e-01 0.00000000000000e+00
507 3.20794085927516e+00 3.54973290525388e-01 0.00000000000000e+00
508 3.09067953889876e+00 6.39650975672629e-01 0.00000000000000e+00
509 3.19240026674003e+00 6.34815242321416e-01 0.00000000000000e+00
510 1.71281084003985e+00 3.61294314880724e-01 0.00000000000000e+00
511 1.51179442610132e+00 3.67584121363451e-01 0.00000000000000e+00
512 1.61286991932797e+00 3.63864548327712e-01 0.00000000000000e+00
513 2.41258598835640e+00 6.38196417058601e-01 0.00000000000000e+00
514 1.78941575831296e+00 6.36970360277193e-01 0.00000000000000e+00
515 2.61142743563087e+00 6.41866974828450e-01 0.00000000000000e+00
516 2.69107644510239e+00 3.66726224214915e-01 0.00000000000000e+00
517 3.61012075743158e+00 6.39245890245431e-01 0.00000000000000e+00
518 2.89776504380705e+00 6.53145309249767e-01 0.00000000000000e+00
519 3.29741926002455e+00 6.29215637540372e-01 0.00000000000000e+00
520 2.51236939310476e+00 6.39754010474686e-01 0.00000000000000e+00
521 4.49668935606809e+00 6.50615337023200e-01 0.00000000000000e+00
522 4.59043579823944e+00 6.39027234769780e-01 0.00000000000000e+00
523 1.89201391731417e+00 6.33520336086769e-01 0.00000000000000e+00
524 1.68882834968031e+00 6.39691034716043e-01 0.00000000000000e+00
525 2.99229392113229e+00 6.45183628711924e-01 0.00000000000000e+00
526 1.39369264756204e+00 6.50518655293849e-01 0.00000000000000e+00
527 3.40332603397740e+00 6.28947340694452e-01 0.00000000000000e+00
528 3.59057623705435e+00 3.60012186730676e-01 0.00000000000000e+00
529 3.70892386046079e+00 6.44240780115875e-01 0.00000000000000e+00
530 3.79674143786296e-01 6.19277737516065e-01 0.00000000000000e+00
531 6.43252994001701e-01 4.36679482520841e-01 0.00000000000000e+00
532 3.00787075205491e+00 3.65413231703224e-01 0.00000000000000e+00
533 3.99763483672928e+00 3.51661268739676e-01 0.00000000000000e+00
534 4.68255323817523e+00 6.36457075988325e-01 0.00000000000000e+00
535 2.38735603684106e+00 3.60063018050281e-01 0.00000000000000e+00
536 1.99731645395999e+00 6.28354753941387e-01 0.00000000000000e+00
537 4.64067790937166e+00 5.27313364914898e-01 0.00000000000000e+00
538 4.10425793099577e+00 6.32282421143820e-01 0.00000000000000e+00
539 2.31139863123332e+00 6.36557131240706e-01 0.00000000000000e+00
540 2.70835135799612e+00 6.45998338696137e-01 0.00000000000000e+00
541 3.50828273132262e+00 6.34857852393892e-01 0.00000000000000e+00
542 4.20714689152873e+00 6.37275273817333e-01 0.00000000000000e+00
543 4.00147629090974e+00 6.36178552102442e-01 0.00000000000000e+00
544 2.28869513528766e+00 3.57811244220635e-01 0.00000000000000e+00
545 6.69152112347500e-01 6.10601317443232e-01 0.00000000000000e+00
546 5.01323557805114e-01 3.45574002440063e-01 0.00000000000000e+00
547 2.10334558207923e+00 6.28424496817645e-01 0.00000000000000e+00
548 3.89844201507385e+00 3.64132533370642e-01 0.00000000000000e+00
549 3.39808406992239e+00 3.46701601334558e-01 0.00000000000000e+00
550 4.19330715111189e+00 3.56791490457299e-01 0.00000000000000e+00
551 1.40879896134675e+00 3.73860801199750e-01 0.00000000000000e+00
552 4.98571813330428e-01 6.30859216203034e-01 0.00000000000000e+00
553 2.90282270606619e+00 3.71460927104154e-01 0.00000000000000e+00
554 2.19158548825796e+00 3.53465348923487e-01 0.00000000000000e+00
555 4.07446321386715e-01 3.36085709794087e-01 0.00000000000000e+00
556 1.43486720844540e+00 5.57971361717979e-01 0.00000000000000e+00
557 3.80485157054844e+00 6.50877220099203e-01 0.00000000000000e+00
558 2.80244460864967e+00 6.53393012486674e-01 0.00000000000000e+00
559 5.83887750827190e-01 5.42878069691200e-01 0.00000000000000e+00
560 4.30642481325459e+00 6.43370849403967e-01 0.00000000000000e+00
561 6.02485919610140e-01 3.47768920098517e-01 0.00000000000000e+00
562 2.96464274471858e+00 4.61755300701273e-01 0.00000000000000e+00
563 3.95993160763057e+00 4.49916285291138e-01 0.00000000000000e+00
564 3.35039102079502e+00 5.23626931644017e-01 0.00000000000000e+00
565 2.84986774841290e+00 5.77728676654685e-01 0.00000000000000e+00
566 4.36549421130582e+00 5.56518985635514e-01 0.00000000000000e+00
567 3.53131466481066e+00 4.49684289467455e-01 0.00000000000000e+00
568 2.16480607769559e+00 5.37420101165174e-01 0.00000000000000e+00
569 3.73541911717665e+00 4.60070250949862e-01 0.00000000000000e+00
570 1.53214745884512e+00 5.52276041660312e-01 0.00000000000000e+00
571 3.03116068223701e+00 5.50549027545772e-01 0.00000000000000e+00
572 4.55732726934164e+00 4.60734610342011e-01 0.00000000000000e+00
573 4.23297073862380e+00 4.51777095655152e-01 0.00000000000000e+00
574 2.57021369862135e+00 5.48413833416100e-01 0.00000000000000e+00
575 2.73510407065013e+00 4.62416609652250e-01 0.00000000000000e+00
576 1.96630608685577e+00 4.40544111292442e-01 0.00000000000000e+00
577 3.85294481950257e+00 5.73937183729019e-01 0.00000000000000e+00
578 2.23045478201840e+00 4.48221341142117e-01 0.00000000000000e+00
579 4.67527204023691e-01 5.29347881243620e-01 0.00000000000000e+00
580 2.52966535971544e+00 4.54457568825179e-01 0.00000000000000e+00
581 1.67150740663431e+00 4.54905011807965e-01 0.00000000000000e+00
582 1.87031882831308e+00 4.48361660299319e-01 0.00000000000000e+00
583 3.43464606240664e+00 4.41739572347632e-01 0.00000000000000e+00
584 3.84961196987037e+00 4.72029797109037e-01 0.00000000000000e+00
585 4.45127838905621e+00 4.73294126393993e-01 0.00000000000000e+00
586 3.26606391889384e+00 4.41471969745021e-01 0.00000000000000e+00
587 2.63095805093821e+00 4.56908491930771e-01 0.00000000000000e+00
588 3.13191332469484e+00 5.45298165963640e-01 0.00000000000000e+00
589 1.77124507446632e+00 4.52400938800143e-01 0.00000000000000e+00
590 5.40005594444290e-01 4.40470550656079e-01 0.00000000000000e+00
591 2.37008884508292e+00 5.45307574952494e-01 0.00000000000000e+00
592 3.56881716723987e+00 5.44774342489862e-01 0.00000000000000e+00
593 1.73110501051685e+00 5.46434702770603e-01 0.00000000000000e+00
594 2.84983357777894e+00 4.76628693430870e-01 0.00000000000000e+00
595 4.33723853820369e+00 4.58958074385506e-01 0.00000000000000e+00
596 4.13404786324793e+00 4.43676377470574e-01 0.00000000000000e+00
597 3.35036355165699e+00 4.21941603705133e-01 0.00000000000000e+00
598 4.37819205202376e-01 4.29086330238219e-01 0.00000000000000e+00
599 2.47036496256840e+00 5.46641956559610e-01 0.00000000000000e+00
600 4.44988875411398e+00 5.75601451368242e-01 0.00000000000000e+00
601 2.13422920160357e+00 4.40352010899959e-01 0.00000000000000e+00
602 3.16923893428677e+00 4.50093883093198e-01 0.00000000000000e+00
603 1.47217345675638e+00 4.62749282185630e-01 0.00000000000000e+00
604 1.83218693601116e+00 5.43183526081466e-01 0.00000000000000e+00
605 1.63116522448027e+00 5.48848263342748e-01 0.00000000000000e+00
606 2.42941475338458e+00 4.53045026178407e-01 0.00000000000000e+00
607 2.93423623256321e+00 5.58279955073409e-01 0.00000000000000e+00
608 1.57169145737035e+00 4.57715890791707e-01 0.00000000000000e+00
609 3.63181110876886e+00 4.54495342380451e-01 0.00000000000000e+00
610 3.66960656493357e+00 5.49634944198167e-01 0.00000000000000e+00
611 3.06854713922402e+00 4.55302566620784e-01 0.00000000000000e+00
612 4.04740022465391e+00 4.26234474064014e-01 0.00000000000000e+00
613 1.93589215913935e+00 5.37709678460377e-01 0.00000000000000e+00
614 2.32945512195660e+00 4.51463280427200e-01 0.00000000000000e+00
615 2.66945092886376e+00 5.51575889007781e-01 0.00000000000000e+00
616 3.46497103624989e+00 5.38640443068240e-01 0.00000000000000e+00
617 4.16487542794254e+00 5.40682357528704e-01 0.00000000000000e+00
618 2.26870289519450e+00 5.42857340635988e-01 0.00000000000000e+00
619 4.53486261626331e+00 5.54299938934567e-01 0.00000000000000e+00
620 3.23576601139561e+00 5.38677564886196e-01 0.00000000000000e+00
621 2.05025943469501e+00 4.21020952428441e-01 0.00000000000000e+00
622 2.76576870413452e+00 5.58896931509934e-01 0.00000000000000e+00
623 4.26797401168553e+00 5.47743339464832e-01 0.00000000000000e+00
624 3.76700126135952e+00 5.56718595583904e-01 0.00000000000000e+00
625 2.05031780793459e+00 5.22925911303395e-01 0.00000000000000e+00
626 4.05062154010107e+00 5.28106272457951e-01 0.00000000000000e+00
627 3.94030201462660e+00 5.50187326350227e-01 0.00000000000000e+00
1 102 5 6 
2 102 6 7 
3 102 7 8 
4 102 8 9 
5 102 9 10 
6 102 10 11 
7 102 11 12 
8 102 12 13 
9 102 13 14 
10 102 14 15 
11 102 15 16 
12 102 16 17 
13 102 17 18 
14 102 18 19 
15 102 19 20 
16 102 20 21 
17 102 21 22 
18 102 22 23 
19 102 23 24 
20 102 24 25 
21 102 25 26 
22 102 26 27 
23 102 27 28 
24 102 28 29 
25 102 29 30 
26 102 30 31 
27 102 31 32 
28 102 32 33 
29 102 33 34 
30 102 34 35 
31 102 35 36 
32 102 36 37 
33 102 37 38 
34 102 38 39 
35 102 39 40 
36 102 40 41 
37 102 41 42 
38 102 42 43 
39 102 43 44 
40 102 44 45 
41 102 45 46 
42 102 46 47 
43 102 47 48 
44 102 48 49 
45 102 49 50 
46 102 50 51 
47 102 51 52 
48 102 52 53 
49 102 53 54 
50 102 54 4 
51 102 3 55 
52 102 55 56 
53 102 56 57 
54 102 57 58 
55 102 58 59 
56 102 59 60 
57 102 60 61 
58 102 61 62 
59 102 62 63 
60 102 63 5 
61 102 4 64 
62 102 64 65 
63 102 65 66 
64 102 66 67 
65 102 67 68 
66 102 68 69 
67 102 69 70 
68 102 70 71 
69 102 71 72 
70 102 72 2 
71 102 2 73 
72 102 73 74 
73 102 74 75 
74 102 75 76 
75 102 76 77 
76 102 77 78 
77 102 78 79 
78 102 79 80 
79 102 80 81 
80 102 81 82 
81 102 82 83 
82 102 83 84 
83 102 84 85 
84 102 85 86 
85 102 86 87 
86 102 87 88 
87 102 88 89 
88 102 89 90 
89 102 90 91 
90 102 91 92 
91 102 92 93 
92 102 93 94 
93 102 94 95 
94 102 95 96 
95 102 96 97 
96 102 97 98 
97 102 98 99 
98 102 99 100 
99 102 100 101 
100 102 101 102 
101 102 102 103 
102 102 103 104 
103 102 104 105 
104 102 105 106 
105 102 106 107 
106 102 107 108 
107 102 108 109 
108 102 109 110 
109 102 110 111 
110 102 111 112 
111 102 112 113 
112 102 113 114 
113 102 114 115 
114 102 115 116 
115 102 116 117 
116 102 117 118 
117 102 118 119 
118 102 119 120 
119 102 120 121 
120 102 121 3 
121 102 1 122 
122 102 122 123 
123 102 123 124 
124 102 124 125 
125 102 125 126 
126 102 126 127 
127 102 127 128 
128 102 128 129 
129 102 129 130 
130 102 130 131 
131 102 131 1 
132 203 5 6 63 
133 203 6 7 132 
134 203 8 9 133 
135 203 10 11 134 
136 203 12 13 135 
137 203 14 15 136 
138 203 16 17 137 
139 203 18 19 138 
140 203 20 21 139 
141 203 22 23 140 
142 203 24 25 141 
143 203 26 27 142 
144 203 28 29 143 
145 203 30 31 144 
146 203 32 33 145 
147 203 34 35 146 
148 203 36 37 147 
149 203 38 39 148 
150 203 40 41 149 
151 203 42 43 150 
152 203 44 45 151 
153 203 46 47 152 
154 203 48 49 153 
155 203 50 51 154 
156 203 52 53 155 
157 203 54 4 64 
158 203 3 55 121 
159 203 55 56 156 
160 203 57 58 157 
161 203 59 60 158 
162 203 61 62 159 
163 203 121 55 156 
164 203 64 65 160 
165 203 66 67 161 
166 203 68 69 162 
167 203 70 71 163 
168 203 72 2 73 
169 203 73 74 164 
170 203 75 76 165 
171 203 77 78 166 
172 203 79 80 167 
173 203 81 82 168 
174 203 83 84 169 
175 203 85 86 170 
176 203 87 88 171 
177 203 89 90 172 
178 203 91 92 173 
179 203 93 94 174 
180 203 95 96 175 
181 203 97 98 176 
182 203 99 100 177 
183 203 101 102 178 
184 203 103 104 179 
185 203 105 106 180 
186 203 107 108 181 
187 203 109 110 182 
188 203 111 112 183 
189 203 113 114 184 
190 203 115 116 185 
191 203 117 118 186 
192 203 119 120 187 
193 203 120 121 188 
194 203 187 120 188 
195 203 121 156 188 
196 203 1 122 189 
197 203 122 123 190 
198 203 123 124 191 
199 203 124 125 192 
200 203 125 126 193 
201 203 126 127 194 
202 203 127 128 195 
203 203 128 129 196 
204 203 129 130 197 
205 203 130 131 198 
206 203 131 1 199 
207 203 63 6 132 
208 203 54 64 160 
209 203 72 73 164 
210 203 7 8 200 
211 203 9 10 201 
212 203 11 12 202 
213 203 13 14 203 
214 203 15 16 204 
215 203 17 18 205 
216 203 19 20 206 
217 203 21 22 207 
218 203 23 24 208 
219 203 25 26 209 
220 203 27 28 210 
221 203 29 30 211 
222 203 31 32 212 
223 203 33 34 213 
224 203 35 36 214 
225 203 37 38 215 
226 203 39 40 216 
227 203 41 42 217 
228 203 43 44 218 
229 203 45 46 219 
230 203 47 48 220 
231 203 49 50 221 
232 203 51 52 222 
233 203 201 10 134 
234 203 53 54 223 
235 203 56 57 224 
236 203 58 59 225 
237 203 60 61 226 
238 203 62 63 227 
239 203 65 66 228 
240 203 67 68 229 
241 203 69 70 230 
242 203 200 8 133 
243 203 71 72 231 
244 203 7 200 132 
245 203 74 75 232 
246 203 76 77 233 
247 203 78 79 234 
248 203 80 81 235 
249 203 82 83 236 
250 203 84 85 237 
251 203 86 87 238 
252 203 88 89 239 
253 203 90 91 240 
254 203 92 93 241 
255 203 94 95 242 
256 203 96 97 243 
257 203 98 99 244 
258 203 100 101 245 
259 203 102 103 246 
260 203 104 105 247 
261 203 106 107 248 
262 203 108 109 249 
263 203 110 111 250 
264 203 112 113 251 
265 203 114 115 252 
266 203 116 117 253 
267 203 118 119 254 
268 203 190 123 255 
269 203 123 191 255 
270 203 126 194 193 
271 203 202 12 135 
272 203 133 9 201 
273 203 134 11 202 
274 203 135 13 203 
275 203 136 15 204 
276 203 137 17 205 
277 203 138 19 206 
278 203 139 21 207 
279 203 140 23 208 
280 203 141 25 209 
281 203 142 27 210 
282 203 143 29 211 
283 203 144 31 212 
284 203 145 33 213 
285 203 146 35 214 
286 203 147 37 215 
287 203 148 39 216 
288 203 149 41 217 
289 203 150 43 218 
290 203 151 45 219 
291 203 152 47 220 
292 203 153 49 221 
293 203 154 51 222 
294 203 155 53 223 
295 203 158 60 226 
296 203 159 62 227 
297 203 161 67 229 
298 203 162 69 230 
299 203 163 71 231 
300 203 165 76 233 
301 203 166 78 234 
302 203 167 80 235 
303 203 168 82 236 
304 203 169 84 237 
305 203 170 86 238 
306 203 171 88 239 
307 203 172 90 240 
308 203 173 92 241 
309 203 174 94 242 
310 203 175 96 243 
311 203 176 98 244 
312 203 177 100 245 
313 203 178 102 246 
314 203 179 104 247 
315 203 180 106 248 
316 203 181 108 249 
317 203 182 110 250 
318 203 183 112 251 
319 203 184 114 252 
320 203 185 116 253 
321 203 186 118 254 
322 203 189 122 256 
323 203 122 190 256 
324 203 191 124 257 
325 203 124 192 257 
326 203 192 125 258 
327 203 125 193 258 
328 203 194 127 259 
329 203 127 195 259 
330 203 195 128 260 
331 203 128 196 260 
332 203 196 129 261 
333 203 129 197 261 
334 203 130 198 197 
335 203 262 197 198 
336 203 198 131 263 
337 203 131 199 263 
338 203 199 1 264 
339 203 1 189 264 
340 203 203 14 136 
341 203 204 16 137 
342 203 205 18 138 
343 203 206 20 139 
344 203 207 22 140 
345 203 208 24 141 
346 203 209 26 142 
347 203 210 28 143 
348 203 211 30 144 
349 203 212 32 145 
350 203 213 34 146 
351 203 214 36 147 
352 203 215 38 148 
353 203 216 40 149 
354 203 217 42 150 
355 203 218 44 151 
356 203 219 46 152 
357 203 220 48 153 
358 203 221 50 154 
359 203 222 52 155 
360 203 224 57 157 
361 203 225 59 158 
362 203 226 61 159 
363 203 228 66 161 
364 203 229 68 162 
365 203 230 70 163 
366 203 233 77 166 
367 203 234 79 167 
368 203 235 81 168 
369 203 236 83 169 
370 203 237 85 170 
371 203 238 87 171 
372 203 239 89 172 
373 203 240 91 173 
374 203 241 93 174 
375 203 242 95 175 
376 203 243 97 176 
377 203 244 99 177 
378 203 245 101 178 
379 203 246 103 179 
380 203 247 105 180 
381 203 248 107 181 
382 203 249 109 182 
383 203 250 111 183 
384 203 251 113 184 
385 203 252 115 185 
386 203 253 117 186 
387 203 254 119 187 
388 203 74 232 164 
389 203 56 224 156 
390 203 58 225 157 
391 203 65 228 160 
392 203 232 75 165 
393 203 165 233 265 
394 203 134 202 266 
395 203 158 226 267 
396 203 135 203 268 
397 203 133 201 269 
398 203 136 204 270 
399 203 137 205 271 
400 203 138 206 272 
401 203 139 207 273 
402 203 140 208 274 
403 203 141 209 275 
404 203 142 210 276 
405 203 143 211 277 
406 203 144 212 278 
407 203 145 213 279 
408 203 146 214 280 
409 203 147 215 281 
410 203 148 216 282 
411 203 149 217 283 
412 203 150 218 284 
413 203 151 219 285 
414 203 152 220 286 
415 203 153 221 287 
416 203 154 222 288 
417 203 155 223 289 
418 203 224 157 290 
419 203 201 134 291 
420 203 269 201 291 
421 203 134 266 291 
422 203 223 54 160 
423 203 225 158 292 
424 203 158 267 292 
425 203 159 227 293 
426 203 228 161 294 
427 203 203 136 295 
428 203 268 203 295 
429 203 136 270 295 
430 203 232 165 296 
431 203 165 265 296 
432 203 229 162 297 
433 203 230 163 298 
434 203 200 133 299 
435 203 133 269 299 
436 203 231 72 164 
437 203 156 224 300 
438 203 188 156 300 
439 203 224 290 300 
440 203 166 234 301 
441 203 167 235 302 
442 203 168 236 303 
443 203 169 237 304 
444 203 170 238 305 
445 203 171 239 306 
446 203 172 240 307 
447 203 173 241 308 
448 203 174 242 309 
449 203 175 243 310 
450 203 176 244 311 
451 203 177 245 312 
452 203 178 246 313 
453 203 179 247 314 
454 203 180 248 315 
455 203 181 249 316 
456 203 182 250 317 
457 203 183 251 318 
458 203 184 252 319 
459 203 185 253 320 
460 203 186 254 321 
461 203 164 232 322 
462 203 232 296 322 
463 203 193 194 323 
464 203 63 132 227 
465 203 202 135 324 
466 203 266 202 324 
467 203 135 268 324 
468 203 223 160 289 
469 203 231 164 322 
470 203 227 132 293 
471 203 294 161 325 
472 203 161 229 325 
473 203 289 160 228 
474 203 204 137 326 
475 203 205 138 327 
476 203 206 139 328 
477 203 207 140 329 
478 203 208 141 330 
479 203 209 142 331 
480 203 210 143 332 
481 203 211 144 333 
482 203 212 145 334 
483 203 213 146 335 
484 203 214 147 336 
485 203 215 148 337 
486 203 216 149 338 
487 203 217 150 339 
488 203 218 151 340 
489 203 219 152 341 
490 203 220 153 342 
491 203 221 154 343 
492 203 222 155 344 
493 203 204 326 270 
494 203 157 225 345 
495 203 267 226 346 
496 203 226 159 346 
497 203 228 294 289 
498 203 298 163 322 
499 203 330 141 275 
500 203 225 292 345 
501 203 162 230 347 
502 203 200 299 293 
503 203 163 231 322 
504 203 233 166 348 
505 203 303 236 349 
506 203 236 169 349 
507 203 132 200 293 
508 203 302 235 350 
509 203 235 168 350 
510 203 265 233 348 
511 203 229 297 325 
512 203 234 167 351 
513 203 168 303 350 
514 203 169 304 349 
515 203 237 170 352 
516 203 238 171 353 
517 203 239 172 354 
518 203 240 173 355 
519 203 241 174 356 
520 203 242 175 357 
521 203 243 176 358 
522 203 244 177 359 
523 203 245 178 360 
524 203 246 179 361 
525 203 247 180 362 
526 203 248 181 363 
527 203 249 182 364 
528 203 250 183 365 
529 203 251 184 366 
530 203 252 185 367 
531 203 253 186 368 
532 203 254 187 369 
533 203 323 194 370 
534 203 194 259 370 
535 203 187 188 371 
536 203 369 187 371 
537 203 188 300 371 
538 203 234 351 301 
539 203 368 186 321 
540 203 367 185 320 
541 203 366 184 319 
542 203 365 183 318 
543 203 364 182 317 
544 203 363 181 316 
545 203 362 180 315 
546 203 361 179 314 
547 203 346 159 293 
548 203 344 155 289 
549 203 343 154 288 
550 203 342 153 287 
551 203 341 152 286 
552 203 340 151 285 
553 203 339 150 284 
554 203 256 190 372 
555 203 190 255 372 
556 203 257 192 373 
557 203 192 258 373 
558 203 258 193 374 
559 203 193 323 374 
560 203 259 195 375 
561 203 195 260 375 
562 203 331 142 276 
563 203 260 196 376 
564 203 196 261 376 
565 203 262 198 377 
566 203 198 263 377 
567 203 263 199 378 
568 203 199 264 378 
569 203 264 189 379 
570 203 189 256 379 
571 203 338 149 283 
572 203 337 148 282 
573 203 336 147 281 
574 203 335 146 280 
575 203 334 145 279 
576 203 333 144 278 
577 203 332 143 277 
578 203 321 254 369 
579 203 320 253 368 
580 203 319 252 367 
581 203 318 251 366 
582 203 317 250 365 
583 203 316 249 364 
584 203 315 248 363 
585 203 314 247 362 
586 203 313 246 361 
587 203 312 245 360 
588 203 311 244 359 
589 203 310 243 358 
590 203 309 242 357 
591 203 308 241 356 
592 203 307 240 355 
593 203 306 239 354 
594 203 305 238 353 
595 203 304 237 352 
596 203 290 157 345 
597 203 348 166 301 
598 203 288 222 344 
599 203 287 221 343 
600 203 286 220 342 
601 203 285 219 341 
602 203 284 218 340 
603 203 283 217 339 
604 203 282 216 338 
605 203 281 215 337 
606 203 280 214 336 
607 203 279 213 335 
608 203 278 212 334 
609 203 277 211 333 
610 203 276 210 332 
611 203 275 209 331 
612 203 274 208 330 
613 203 273 207 329 
614 203 272 206 328 
615 203 271 205 327 
616 203 255 191 380 
617 203 191 257 380 
618 203 327 138 272 
619 203 329 140 274 
620 203 326 137 271 
621 203 328 139 273 
622 203 162 347 297 
623 203 360 178 313 
624 203 347 230 298 
625 203 359 177 312 
626 203 358 176 311 
627 203 356 174 309 
628 203 355 173 308 
629 203 354 172 307 
630 203 351 167 302 
631 203 353 171 306 
632 203 352 170 305 
633 203 357 175 310 
634 203 344 289 381 
635 203 289 294 381 
636 203 328 273 382 
637 203 329 274 383 
638 203 271 327 384 
639 203 297 347 385 
640 203 272 328 386 
641 203 328 382 386 
642 203 326 271 376 
643 203 273 329 387 
644 203 329 383 387 
645 203 345 292 388 
646 203 275 331 389 
647 203 321 369 390 
648 203 276 332 391 
649 203 277 333 392 
650 203 278 334 393 
651 203 279 335 394 
652 203 280 336 395 
653 203 281 337 396 
654 203 282 338 397 
655 203 283 339 398 
656 203 284 340 399 
657 203 285 341 400 
658 203 286 342 401 
659 203 287 343 402 
660 203 270 326 376 
661 203 288 344 403 
662 203 344 381 403 
663 203 296 265 404 
664 203 267 346 405 
665 203 294 325 381 
666 203 325 297 406 
667 203 297 385 406 
668 203 330 275 407 
669 203 275 389 407 
670 203 360 313 408 
671 203 359 312 409 
672 203 349 304 410 
673 203 290 345 411 
674 203 345 388 411 
675 203 303 349 412 
676 203 349 410 412 
677 203 353 306 413 
678 203 350 303 414 
679 203 303 412 414 
680 203 357 310 415 
681 203 352 305 416 
682 203 305 353 417 
683 203 353 413 417 
684 203 351 302 418 
685 203 354 307 419 
686 203 355 308 420 
687 203 309 357 421 
688 203 357 415 421 
689 203 356 309 422 
690 203 309 421 422 
691 203 358 311 423 
692 203 311 359 424 
693 203 359 409 424 
694 203 312 360 425 
695 203 360 408 425 
696 203 346 293 426 
697 203 405 346 426 
698 203 293 299 426 
699 203 361 314 427 
700 203 362 315 428 
701 203 363 316 429 
702 203 364 317 430 
703 203 317 365 373 
704 203 365 318 373 
705 203 318 366 380 
706 203 319 367 431 
707 203 320 368 432 
708 203 302 350 433 
709 203 350 414 433 
710 203 338 283 434 
711 203 283 398 434 
712 203 301 351 435 
713 203 351 418 435 
714 203 327 272 436 
715 203 384 327 436 
716 203 272 386 436 
717 203 331 276 437 
718 203 276 391 437 
719 203 197 262 438 
720 203 368 321 439 
721 203 321 390 439 
722 203 261 197 438 
723 203 322 296 440 
724 203 298 322 440 
725 203 296 404 440 
726 203 348 301 441 
727 203 301 435 441 
728 203 397 338 434 
729 203 382 273 387 
730 203 396 337 442 
731 203 337 282 442 
732 203 259 375 443 
733 203 255 380 444 
734 203 372 255 444 
735 203 380 366 444 
736 203 271 384 376 
737 203 331 437 389 
738 203 274 330 445 
739 203 261 438 270 
740 203 332 277 446 
741 203 333 278 447 
742 203 334 279 448 
743 203 335 280 449 
744 203 336 281 450 
745 203 282 397 442 
746 203 259 443 370 
747 203 256 372 451 
748 203 339 284 452 
749 203 340 285 453 
750 203 341 286 454 
751 203 342 287 455 
752 203 343 288 456 
753 203 269 291 457 
754 203 295 270 438 
755 203 292 267 458 
756 203 267 405 458 
757 203 394 335 449 
758 203 381 325 406 
759 203 393 334 448 
760 203 288 403 456 
761 203 408 313 459 
762 203 313 361 459 
763 203 361 427 459 
764 203 392 333 447 
765 203 312 425 409 
766 203 391 332 446 
767 203 300 290 460 
768 203 371 300 460 
769 203 290 411 460 
770 203 274 445 383 
771 203 415 310 461 
772 203 310 358 461 
773 203 265 348 462 
774 203 304 352 463 
775 203 305 417 416 
776 203 418 302 433 
777 203 306 354 464 
778 203 307 355 465 
779 203 358 423 461 
780 203 308 356 466 
781 203 348 441 462 
782 203 423 311 424 
783 203 265 462 404 
784 203 347 298 467 
785 203 314 362 468 
786 203 315 363 469 
787 203 316 364 470 
788 203 317 373 430 
789 203 319 431 444 
790 203 366 319 444 
791 203 367 320 471 
792 203 306 464 413 
793 203 323 370 472 
794 203 463 352 416 
795 203 369 371 460 
796 203 438 262 295 
797 203 368 439 432 
798 203 263 378 473 
799 203 264 379 474 
800 203 324 268 475 
801 203 256 451 379 
802 203 446 277 392 
803 203 374 323 476 
804 203 323 472 476 
805 203 450 281 396 
806 203 377 263 473 
807 203 378 264 474 
808 203 449 280 395 
809 203 455 287 402 
810 203 454 286 401 
811 203 266 324 477 
812 203 324 475 477 
813 203 453 285 400 
814 203 299 269 478 
815 203 291 266 479 
816 203 266 477 479 
817 203 431 367 471 
818 203 471 320 432 
819 203 429 316 470 
820 203 420 308 466 
821 203 419 307 465 
822 203 410 304 463 
823 203 427 314 468 
824 203 402 343 456 
825 203 401 342 455 
826 203 400 341 454 
827 203 448 279 394 
828 203 399 340 453 
829 203 447 278 393 
830 203 292 458 388 
831 203 445 330 407 
832 203 295 262 268 
833 203 336 450 395 
834 203 452 284 399 
835 203 339 452 398 
836 203 299 478 426 
837 203 269 457 478 
838 203 347 467 385 
839 203 470 364 430 
840 203 369 460 390 
841 203 465 355 420 
842 203 464 354 419 
843 203 466 356 422 
844 203 469 363 429 
845 203 468 362 428 
846 203 467 298 440 
847 203 315 469 428 
848 203 268 262 475 
849 203 471 432 480 
850 203 370 443 481 
851 203 452 399 482 
852 203 372 444 431 
853 203 469 429 483 
854 203 389 437 484 
855 203 396 442 485 
856 203 445 407 486 
857 203 405 426 487 
858 203 426 478 487 
859 203 261 270 376 
860 203 260 376 384 
861 203 428 469 488 
862 203 469 483 488 
863 203 409 425 489 
864 203 388 458 490 
865 203 456 403 491 
866 203 455 402 492 
867 203 451 372 431 
868 203 397 434 493 
869 203 398 452 494 
870 203 452 482 494 
871 203 447 393 495 
872 203 448 394 496 
873 203 431 471 451 
874 203 400 454 497 
875 203 401 455 498 
876 203 455 492 498 
877 203 403 381 499 
878 203 491 403 499 
879 203 381 406 499 
880 203 458 405 500 
881 203 490 458 500 
882 203 405 487 500 
883 203 392 447 501 
884 203 447 495 501 
885 203 407 389 502 
886 203 389 484 502 
887 203 395 450 503 
888 203 441 435 504 
889 203 383 445 505 
890 203 445 486 505 
891 203 460 411 390 
892 203 412 410 506 
893 203 450 396 507 
894 203 396 485 507 
895 203 465 420 508 
896 203 419 465 509 
897 203 465 508 509 
898 203 387 383 510 
899 203 383 505 510 
900 203 386 382 511 
901 203 470 430 476 
902 203 382 387 512 
903 203 387 510 512 
904 203 423 424 513 
905 203 427 468 514 
906 203 415 461 515 
907 203 393 448 516 
908 203 448 496 516 
909 203 416 417 517 
910 203 466 422 518 
911 203 464 419 519 
912 203 419 509 519 
913 203 461 423 520 
914 203 423 513 520 
915 203 462 441 521 
916 203 441 504 521 
917 203 404 462 522 
918 203 462 521 522 
919 203 402 456 491 
920 203 459 427 523 
921 203 427 514 523 
922 203 468 428 524 
923 203 428 488 524 
924 203 420 466 525 
925 203 466 518 525 
926 203 373 318 257 
927 203 429 470 526 
928 203 483 429 526 
929 203 470 476 526 
930 203 413 464 527 
931 203 464 519 527 
932 203 472 370 481 
933 203 434 398 528 
934 203 398 494 528 
935 203 463 416 529 
936 203 416 517 529 
937 203 439 390 530 
938 203 258 374 430 
939 203 473 378 531 
940 203 378 474 531 
941 203 449 395 532 
942 203 395 503 532 
943 203 453 400 533 
944 203 400 497 533 
945 203 373 258 430 
946 203 375 260 384 
947 203 440 404 534 
948 203 467 440 534 
949 203 404 522 534 
950 203 446 392 535 
951 203 392 501 535 
952 203 457 291 479 
953 203 408 459 536 
954 203 459 523 536 
955 203 467 534 385 
956 203 537 385 534 
957 203 433 414 538 
958 203 318 380 257 
959 203 424 409 539 
960 203 409 489 539 
961 203 421 415 540 
962 203 415 515 540 
963 203 417 413 541 
964 203 413 527 541 
965 203 418 433 542 
966 203 433 538 542 
967 203 414 412 543 
968 203 538 414 543 
969 203 412 506 543 
970 203 391 446 544 
971 203 446 535 544 
972 203 390 411 530 
973 203 451 471 545 
974 203 379 451 545 
975 203 471 480 545 
976 203 375 384 443 
977 203 430 374 476 
978 203 443 384 436 
979 203 492 402 491 
980 203 434 528 493 
981 203 407 502 486 
982 203 457 479 546 
983 203 489 425 547 
984 203 425 408 547 
985 203 385 537 406 
986 203 399 453 548 
987 203 442 397 549 
988 203 515 461 520 
989 203 495 393 516 
990 203 514 468 524 
991 203 454 401 550 
992 203 499 406 537 
993 203 443 436 551 
994 203 481 443 551 
995 203 436 386 551 
996 203 432 439 552 
997 203 394 449 553 
998 203 399 548 482 
999 203 503 450 507 
1000 203 530 411 388 
1001 203 386 511 551 
1002 203 530 388 490 
1003 203 508 420 525 
1004 203 511 382 512 
1005 203 513 424 539 
1006 203 454 550 497 
1007 203 437 391 554 
1008 203 417 541 517 
1009 203 496 394 553 
1010 203 487 478 555 
1011 203 500 487 555 
1012 203 478 457 555 
1013 203 472 481 556 
1014 203 410 463 557 
1015 203 457 546 555 
1016 203 485 442 549 
1017 203 422 421 558 
1018 203 484 437 554 
1019 203 552 439 530 
1020 203 391 544 554 
1021 203 421 540 558 
1022 203 531 474 559 
1023 203 379 545 474 
1024 203 435 418 560 
1025 203 432 552 480 
1026 203 435 560 504 
1027 203 476 472 526 
1028 203 477 475 473 
1029 203 479 477 561 
1030 203 546 479 561 
1031 203 477 473 561 
1032 203 408 536 547 
1033 203 449 532 553 
1034 203 549 397 493 
1035 203 548 453 533 
1036 203 422 558 518 
1037 203 550 401 498 
1038 203 526 472 556 
1039 203 557 463 529 
1040 203 410 557 506 
1041 203 559 474 545 
1042 203 560 418 542 
1043 203 561 473 531 
1044 203 553 532 562 
1045 203 548 533 563 
1046 203 527 519 564 
1047 203 518 558 565 
1048 203 504 560 566 
1049 203 493 528 567 
1050 203 545 480 559 
1051 203 489 547 568 
1052 203 494 482 569 
1053 203 488 483 570 
1054 203 508 525 571 
1055 203 491 499 572 
1056 203 550 498 573 
1057 203 377 473 475 
1058 203 515 520 574 
1059 203 516 496 575 
1060 203 486 502 576 
1061 203 506 557 577 
1062 203 554 544 578 
1063 203 552 530 579 
1064 203 530 490 579 
1065 203 526 556 483 
1066 203 499 537 572 
1067 203 483 556 570 
1068 203 501 495 580 
1069 203 512 510 581 
1070 203 505 486 582 
1071 203 486 576 582 
1072 203 549 493 583 
1073 203 493 567 583 
1074 203 482 548 584 
1075 203 548 563 584 
1076 203 492 491 585 
1077 203 491 572 585 
1078 203 507 485 586 
1079 203 495 516 587 
1080 203 516 575 587 
1081 203 509 508 588 
1082 203 508 571 588 
1083 203 510 505 589 
1084 203 505 582 589 
1085 203 561 531 590 
1086 203 546 561 590 
1087 203 531 559 590 
1088 203 513 539 591 
1089 203 517 541 592 
1090 203 514 524 593 
1091 203 496 553 594 
1092 203 553 562 594 
1093 203 498 492 595 
1094 203 573 498 595 
1095 203 492 585 595 
1096 203 497 550 596 
1097 203 550 573 596 
1098 203 485 549 597 
1099 203 549 583 597 
1100 203 555 546 598 
1101 203 500 555 598 
1102 203 546 590 598 
1103 203 520 513 599 
1104 203 513 591 599 
1105 203 521 504 600 
1106 203 504 566 600 
1107 203 484 554 601 
1108 203 554 578 601 
1109 203 503 507 602 
1110 203 507 586 602 
1111 203 481 551 603 
1112 203 556 481 603 
1113 203 551 511 603 
1114 203 523 514 604 
1115 203 514 593 604 
1116 203 524 488 605 
1117 203 488 570 605 
1118 203 535 501 606 
1119 203 501 580 606 
1120 203 525 518 607 
1121 203 518 565 607 
1122 203 511 512 608 
1123 203 603 511 608 
1124 203 512 581 608 
1125 203 528 494 609 
1126 203 494 569 609 
1127 203 529 517 610 
1128 203 517 592 610 
1129 203 480 552 559 
1130 203 532 503 611 
1131 203 503 602 611 
1132 203 533 497 612 
1133 203 497 596 612 
1134 203 534 522 537 
1135 203 536 523 613 
1136 203 523 604 613 
1137 203 544 535 614 
1138 203 535 606 614 
1139 203 540 515 615 
1140 203 515 574 615 
1141 203 541 527 616 
1142 203 527 564 616 
1143 203 542 538 617 
1144 203 539 489 618 
1145 203 489 568 618 
1146 203 537 522 619 
1147 203 572 537 619 
1148 203 522 521 619 
1149 203 482 584 569 
1150 203 532 611 562 
1151 203 510 589 581 
1152 203 519 509 620 
1153 203 570 556 603 
1154 203 571 525 607 
1155 203 485 597 586 
1156 203 490 500 598 
1157 203 574 520 599 
1158 203 509 588 620 
1159 203 533 612 563 
1160 203 519 620 564 
1161 203 580 495 587 
1162 203 528 609 567 
1163 203 502 484 621 
1164 203 490 598 579 
1165 203 592 541 616 
1166 203 559 552 579 
1167 203 558 540 622 
1168 203 524 605 593 
1169 203 496 594 575 
1170 203 566 560 623 
1171 203 560 542 623 
1172 203 565 558 622 
1173 203 521 600 619 
1174 203 557 529 624 
1175 203 475 262 377 
1176 203 547 536 625 
1177 203 578 544 614 
1178 203 625 536 613 
1179 203 559 579 590 
1180 203 591 539 618 
1181 203 577 557 624 
1182 203 617 538 626 
1183 203 538 543 626 
1184 203 543 506 627 
1185 203 626 543 627 
1186 203 506 577 627 
1187 203 547 625 568 
1188 203 621 484 601 
1189 203 502 621 576 
1190 203 622 540 615 
1191 203 623 542 617 
1192 203 624 529 610 
1193 203 622 615 575 
1194 203 624 610 569 
1195 203 576 621 625 
1196 203 621 601 625 
1197 203 622 575 594 
1198 203 623 617 573 
1199 203 604 593 589 
1200 203 563 612 626 
1201 203 570 603 608 
1202 203 571 607 562 
1203 203 586 597 564 
1204 203 574 599 580 
1205 203 568 625 601 
1206 203 562 611 571 
1207 203 587 575 615 
1208 203 582 576 613 
1209 203 564 597 583 
1210 203 620 588 602 
1211 203 592 616 567 
1212 203 584 563 627 
1213 203 614 606 591 
1214 203 585 572 619 
1215 203 579 598 590 
1216 203 567 609 592 
1217 203 588 571 611 
1218 203 589 582 604 
1219 203 591 618 614 
1220 203 622 594 565 
1221 203 605 581 593 
1222 203 569 610 609 
1223 203 620 602 586 
1224 203 601 578 568 
1225 203 569 584 624 
1226 203 582 613 604 
1227 203 568 578 618 
1228 203 594 562 607 
1229 203 620 586 564 
1230 203 605 570 608 
1231 203 607 565 594 
1232 203 573 595 623 
1233 203 615 574 587 
1234 203 578 614 618 
1235 203 610 592 609 
1236 203 611 602 588 
1237 203 612 596 626 
1238 203 580 587 574 
1239 203 596 573 617 
1240 203 625 613 576 
1241 203 596 617 626 
1242 203 563 626 627 
1243 203 580 599 606 
1244 203 624 584 577 
1245 203 599 591 606 
1246 203 577 584 627 
1247 203 619 600 585 
1248 203 564 583 616 
1249 203 583 567 616 
1250 203 600 566 585 
1251 203 589 593 581 
1252 203 605 608 581 
1253 203 585 566 595 
1254 203 566 623 595 
