362 360
1 8.75000000000000e-01 5.00000000000000e-01 0.00000000000000e+00
2 5.00000000000000e+00 1.00000000000000e+00 0.00000000000000e+00
3 0.00000000000000e+00 1.00000000000000e+00 0.00000000000000e+00
4 5.00000000000000e+00 0.00000000000000e+00 0.00000000000000e+00
5 0.00000000000000e+00 0.00000000000000e+00 0.00000000000000e+00
6 2.99401197604784e-02 0.00000000000000e+00 0.00000000000000e+00
7 5.98802395209569e-02 0.00000000000000e+00 0.00000000000000e+00
8 8.98203592814353e-02 0.00000000000000e+00 0.00000000000000e+00
9 1.19760479041914e-01 0.00000000000000e+00 0.00000000000000e+00
10 1.49700598802392e-01 0.00000000000000e+00 0.00000000000000e+00
11 1.79640718562871e-01 0.00000000000000e+00 0.00000000000000e+00
12 2.09580838323349e-01 0.00000000000000e+00 0.00000000000000e+00
13 2.39520958083827e-01 0.00000000000000e+00 0.00000000000000e+00
14 2.69461077844306e-01 0.00000000000000e+00 0.00000000000000e+00
15 2.99401197604785e-01 0.00000000000000e+00 0.00000000000000e+00
16 3.29341317365263e-01 0.00000000000000e+00 0.00000000000000e+00
17 3.59281437125742e-01 0.00000000000000e+00 0.00000000000000e+00
18 3.89221556886220e-01 0.00000000000000e+00 0.00000000000000e+00
19 4.19161676646699e-01 0.00000000000000e+00 0.00000000000000e+00
20 4.49101796407178e-01 0.00000000000000e+00 0.00000000000000e+00
21 4.79041916167656e-01 0.00000000000000e+00 0.00000000000000e+00
22 5.08982035928134e-01 0.00000000000000e+00 0.00000000000000e+00
23 5.38922155688612e-01 0.00000000000000e+00 0.00000000000000e+00
24 5.68862275449091e-01 0.00000000000000e+00 0.00000000000000e+00
25 5.98802395209569e-01 0.00000000000000e+00 0.00000000000000e+00
26 6.28742514970048e-01 0.00000000000000e+00 0.00000000000000e+00
27 6.58682634730526e-01 0.00000000000000e+00 0.00000000000000e+00
28 6.88622754491004e-01 0.00000000000000e+00 0.00000000000000e+00
29 7.18562874251482e-01 0.00000000000000e+00 0.00000000000000e+00
30 7.48502994011961e-01 0.00000000000000e+00 0.00000000000000e+00
31 7.78443113772439e-01 0.00000000000000e+00 0.00000000000000e+00
32 8.08383233532917e-01 0.00000000000000e+00 0.00000000000000e+00
33 8.38323353293395e-01 0.00000000000000e+00 0.00000000000000e+00
34 8.68263473053874e-01 0.00000000000000e+00 0.00000000000000e+00
35 8.98203592814352e-01 0.00000000000000e+00 0.00000000000000e+00
36 9.28143712574830e-01 0.00000000000000e+00 0.00000000000000e+00
37 9.58083832335308e-01 0.00000000000000e+00 0.00000000000000e+00
38 9.88023952095787e-01 0.00000000000000e+00 0.00000000000000e+00
39 1.01796407185627e+00 0.00000000000000e+00 0.00000000000000e+00
40 1.04790419161674e+00 0.00000000000000e+00 0.00000000000000e+00
41 1.07784431137722e+00 0.00000000000000e+00 0.00000000000000e+00
42 1.10778443113770e+00 0.00000000000000e+00 0.00000000000000e+00
43 1.13772455089818e+00 0.00000000000000e+00 0.00000000000000e+00
44 1.16766467065866e+00 0.00000000000000e+00 0.00000000000000e+00
45 1.19760479041913e+00 0.00000000000000e+00 0.00000000000000e+00
46 1.22754491017961e+00 0.00000000000000e+00 0.00000000000000e+00
47 1.25748502994009e+00 0.00000000000000e+00 0.00000000000000e+00
48 1.28742514970057e+00 0.00000000000000e+00 0.00000000000000e+00
49 1.31736526946105e+00 0.00000000000000e+00 0.00000000000000e+00
50 1.34730538922153e+00 0.00000000000000e+00 0.00000000000000e+00
51 1.37724550898200e+00 0.00000000000000e+00 0.00000000000000e+00
52 1.40718562874248e+00 0.00000000000000e+00 0.00000000000000e+00
53 1.43712574850296e+00 0.00000000000000e+00 0.00000000000000e+00
54 1.46706586826344e+00 0.00000000000000e+00 0.00000000000000e+00
55 1.49700598802392e+00 0.00000000000000e+00 0.00000000000000e+00
56 1.52694610778440e+00 0.00000000000000e+00 0.00000000000000e+00
57 1.55688622754487e+00 0.00000000000000e+00 0.00000000000000e+00
58 1.58682634730535e+00 0.00000000000000e+00 0.00000000000000e+00
59 1.61676646706583e+00 0.00000000000000e+00 0.00000000000000e+00
60 1.64670658682631e+00 0.00000000000000e+00 0.00000000000000e+00
61 1.67664670658679e+00 0.00000000000000e+00 0.00000000000000e+00
62 1.70658682634726e+00 0.00000000000000e+00 0.00000000000000e+00
63 1.73652694610774e+00 0.00000000000000e+00 0.00000000000000e+00
64 1.76646706586822e+00 0.00000000000000e+00 0.00000000000000e+00
65 1.79640718562870e+00 0.00000000000000e+00 0.00000000000000e+00
66 1.82634730538918e+00 0.00000000000000e+00 0.00000000000000e+00
67 1.85628742514966e+00 0.00000000000000e+00 0.00000000000000e+00
68 1.88622754491013e+00 0.00000000000000e+00 0.00000000000000e+00
69 1.91616766467061e+00 0.00000000000000e+00 0.00000000000000e+00
70 1.94610778443109e+00 0.00000000000000e+00 0.00000000000000e+00
71 1.97604790419157e+00 0.00000000000000e+00 0.00000000000000e+00
72 2.00598802395205e+00 0.00000000000000e+00 0.00000000000000e+00
73 2.03592814371253e+00 0.00000000000000e+00 0.00000000000000e+00
74 2.06586826347301e+00 0.00000000000000e+00 0.00000000000000e+00
75 2.09580838323349e+00 0.00000000000000e+00 0.00000000000000e+00
76 2.12574850299397e+00 0.00000000000000e+00 0.00000000000000e+00
77 2.15568862275445e+00 0.00000000000000e+00 0.00000000000000e+00
78 2.18562874251493e+00 0.00000000000000e+00 0.00000000000000e+00
79 2.21556886227541e+00 0.00000000000000e+00 0.00000000000000e+00
80 2.24550898203589e+00 0.00000000000000e+00 0.00000000000000e+00
81 2.27544910179637e+00 0.00000000000000e+00 0.00000000000000e+00
82 2.30538922155684e+00 0.00000000000000e+00 0.00000000000000e+00
83 2.33532934131732e+00 0.00000000000000e+00 0.00000000000000e+00
84 2.36526946107780e+00 0.00000000000000e+00 0.00000000000000e+00
85 2.39520958083828e+00 0.00000000000000e+00 0.00000000000000e+00
86 2.42514970059876e+00 0.00000000000000e+00 0.00000000000000e+00
87 2.45508982035924e+00 0.00000000000000e+00 0.00000000000000e+00
88 2.48502994011972e+00 0.00000000000000e+00 0.00000000000000e+00
89 2.51497005988020e+00 0.00000000000000e+00 0.00000000000000e+00
90 2.54491017964068e+00 0.00000000000000e+00 0.00000000000000e+00
91 2.57485029940116e+00 0.00000000000000e+00 0.00000000000000e+00
92 2.60479041916164e+00 0.00000000000000e+00 0.00000000000000e+00
93 2.63473053892212e+00 0.00000000000000e+00 0.00000000000000e+00
94 2.66467065868260e+00 0.00000000000000e+00 0.00000000000000e+00
95 2.69461077844308e+00 0.00000000000000e+00 0.00000000000000e+00
96 2.72455089820356e+00 0.00000000000000e+00 0.00000000000000e+00
97 2.75449101796404e+00 0.00000000000000e+00 0.00000000000000e+00
98 2.78443113772452e+00 0.00000000000000e+00 0.00000000000000e+00
99 2.81437125748500e+00 0.00000000000000e+00 0.00000000000000e+00
100 2.84431137724548e+00 0.00000000000000e+00 0.00000000000000e+00
101 2.87425149700596e+00 0.00000000000000e+00 0.00000000000000e+00
102 2.90419161676644e+00 0.00000000000000e+00 0.00000000000000e+00
103 2.93413173652692e+00 0.00000000000000e+00 0.00000000000000e+00
104 2.96407185628740e+00 0.00000000000000e+00 0.00000000000000e+00
105 2.99401197604787e+00 0.00000000000000e+00 0.00000000000000e+00
106 3.02395209580835e+00 0.00000000000000e+00 0.00000000000000e+00
107 3.05389221556883e+00 0.00000000000000e+00 0.00000000000000e+00
108 3.08383233532931e+00 0.00000000000000e+00 0.00000000000000e+00
109 3.11377245508979e+00 0.00000000000000e+00 0.00000000000000e+00
110 3.14371257485027e+00 0.00000000000000e+00 0.00000000000000e+00
111 3.17365269461075e+00 0.00000000000000e+00 0.00000000000000e+00
112 3.20359281437123e+00 0.00000000000000e+00 0.00000000000000e+00
113 3.23353293413171e+00 0.00000000000000e+00 0.00000000000000e+00
114 3.26347305389219e+00 0.00000000000000e+00 0.00000000000000e+00
115 3.29341317365267e+00 0.00000000000000e+00 0.00000000000000e+00
116 3.32335329341315e+00 0.00000000000000e+00 0.00000000000000e+00
117 3.35329341317363e+00 0.00000000000000e+00 0.00000000000000e+00
118 3.38323353293411e+00 0.00000000000000e+00 0.00000000000000e+00
119 3.41317365269459e+00 0.00000000000000e+00 0.00000000000000e+00
120 3.44311377245507e+00 0.00000000000000e+00 0.00000000000000e+00
121 3.47305389221555e+00 0.00000000000000e+00 0.00000000000000e+00
122 3.50299401197603e+00 0.00000000000000e+00 0.00000000000000e+00
123 3.53293413173651e+00 0.00000000000000e+00 0.00000000000000e+00
124 3.56287425149699e+00 0.00000000000000e+00 0.00000000000000e+00
125 3.59281437125747e+00 0.00000000000000e+00 0.00000000000000e+00
126 3.62275449101794e+00 0.00000000000000e+00 0.00000000000000e+00
127 3.65269461077842e+00 0.00000000000000e+00 0.00000000000000e+00
128 3.68263473053890e+00 0.00000000000000e+00 0.00000000000000e+00
129 3.71257485029938e+00 0.00000000000000e+00 0.00000000000000e+00
130 3.74251497005986e+00 0.00000000000000e+00 0.00000000000000e+00
131 3.77245508982034e+00 0.00000000000000e+00 0.00000000000000e+00
132 3.80239520958082e+00 0.00000000000000e+00 0.00000000000000e+00
133 3.83233532934130e+00 0.00000000000000e+00 0.00000000000000e+00
134 3.86227544910178e+00 0.00000000000000e+00 0.00000000000000e+00
135 3.89221556886226e+00 0.00000000000000e+00 0.00000000000000e+00
136 3.92215568862274e+00 0.00000000000000e+00 0.00000000000000e+00
137 3.95209580838322e+00 0.00000000000000e+00 0.00000000000000e+00
138 3.98203592814370e+00 0.00000000000000e+00 0.00000000000000e+00
139 4.01197604790418e+00 0.00000000000000e+00 0.00000000000000e+00
140 4.04191616766466e+00 0.00000000000000e+00 0.00000000000000e+00
141 4.07185628742513e+00 0.00000000000000e+00 0.00000000000000e+00
142 4.10179640718562e+00 0.00000000000000e+00 0.00000000000000e+00
143 4.13173652694609e+00 0.00000000000000e+00 0.00000000000000e+00
144 4.16167664670657e+00 0.00000000000000e+00 0.00000000000000e+00
145 4.19161676646705e+00 0.00000000000000e+00 0.00000000000000e+00
146 4.22155688622753e+00 0.00000000000000e+00 0.00000000000000e+00
147 4.25149700598801e+00 0.00000000000000e+00 0.00000000000000e+00
148 4.28143712574849e+00 0.00000000000000e+00 0.00000000000000e+00
149 4.31137724550897e+00 0.00000000000000e+00 0.00000000000000e+00
150 4.34131736526945e+00 0.00000000000000e+00 0.00000000000000e+00
151 4.37125748502993e+00 0.00000000000000e+00 0.00000000000000e+00
152 4.40119760479041e+00 0.00000000000000e+00 0.00000000000000e+00
153 4.43113772455089e+00 0.00000000000000e+00 0.00000000000000e+00
154 4.46107784431137e+00 0.00000000000000e+00 0.00000000000000e+00
155 4.49101796407185e+00 0.00000000000000e+00 0.00000000000000e+00
156 4.52095808383233e+00 0.00000000000000e+00 0.00000000000000e+00
157 4.55089820359281e+00 0.00000000000000e+00 0.00000000000000e+00
158 4.58083832335329e+00 0.00000000000000e+00 0.00000000000000e+00
159 4.61077844311377e+00 0.00000000000000e+00 0.00000000000000e+00
160 4.64071856287425e+00 0.00000000000000e+00 0.00000000000000e+00
161 4.67065868263473e+00 0.00000000000000e+00 0.00000000000000e+00
162 4.70059880239521e+00 0.00000000000000e+00 0.00000000000000e+00
163 4.73053892215568e+00 0.00000000000000e+00 0.00000000000000e+00
164 4.76047904191616e+00 0.00000000000000e+00 0.00000000000000e+00
165 4.79041916167664e+00 0.00000000000000e+00 0.00000000000000e+00
166 4.82035928143712e+00 0.00000000000000e+00 0.00000000000000e+00
167 4.85029940119760e+00 0.00000000000000e+00 0.00000000000000e+00
168 4.88023952095808e+00 0.00000000000000e+00 0.00000000000000e+00
169 4.91017964071856e+00 0.00000000000000e+00 0.00000000000000e+00
170 4.94011976047904e+00 0.00000000000000e+00 0.00000000000000e+00
171 4.97005988023952e+00 0.00000000000000e+00 0.00000000000000e+00
172 4.97005988023952e+00 1.00000000000000e+00 0.00000000000000e+00
173 4.94011976047904e+00 1.00000000000000e+00 0.00000000000000e+00
174 4.91017964071856e+00 1.00000000000000e+00 0.00000000000000e+00
175 4.88023952095809e+00 1.00000000000000e+00 0.00000000000000e+00
176 4.85029940119761e+00 1.00000000000000e+00 0.00000000000000e+00
177 4.82035928143713e+00 1.00000000000000e+00 0.00000000000000e+00
178 4.79041916167665e+00 1.00000000000000e+00 0.00000000000000e+00
179 4.76047904191617e+00 1.00000000000000e+00 0.00000000000000e+00
180 4.73053892215569e+00 1.00000000000000e+00 0.00000000000000e+00
181 4.70059880239522e+00 1.00000000000000e+00 0.00000000000000e+00
182 4.67065868263474e+00 1.00000000000000e+00 0.00000000000000e+00
183 4.64071856287426e+00 1.00000000000000e+00 0.00000000000000e+00
184 4.61077844311378e+00 1.00000000000000e+00 0.00000000000000e+00
185 4.58083832335330e+00 1.00000000000000e+00 0.00000000000000e+00
186 4.55089820359282e+00 1.00000000000000e+00 0.00000000000000e+00
187 4.52095808383234e+00 1.00000000000000e+00 0.00000000000000e+00
188 4.49101796407187e+00 1.00000000000000e+00 0.00000000000000e+00
189 4.46107784431139e+00 1.00000000000000e+00 0.00000000000000e+00
190 4.43113772455091e+00 1.00000000000000e+00 0.00000000000000e+00
191 4.40119760479043e+00 1.00000000000000e+00 0.00000000000000e+00
192 4.37125748502995e+00 1.00000000000000e+00 0.00000000000000e+00
193 4.34131736526948e+00 1.00000000000000e+00 0.00000000000000e+00
194 4.31137724550900e+00 1.00000000000000e+00 0.00000000000000e+00
195 4.28143712574852e+00 1.00000000000000e+00 0.00000000000000e+00
196 4.25149700598804e+00 1.00000000000000e+00 0.00000000000000e+00
197 4.22155688622756e+00 1.00000000000000e+00 0.00000000000000e+00
198 4.19161676646708e+00 1.00000000000000e+00 0.00000000000000e+00
199 4.16167664670661e+00 1.00000000000000e+00 0.00000000000000e+00
200 4.13173652694613e+00 1.00000000000000e+00 0.00000000000000e+00
201 4.10179640718565e+00 1.00000000000000e+00 0.00000000000000e+00
202 4.07185628742517e+00 1.00000000000000e+00 0.00000000000000e+00
203 4.04191616766469e+00 1.00000000000000e+00 0.00000000000000e+00
204 4.01197604790421e+00 1.00000000000000e+00 0.00000000000000e+00
205 3.98203592814374e+00 1.00000000000000e+00 0.00000000000000e+00
206 3.95209580838326e+00 1.00000000000000e+00 0.00000000000000e+00
207 3.92215568862278e+00 1.00000000000000e+00 0.00000000000000e+00
208 3.89221556886230e+00 1.00000000000000e+00 0.00000000000000e+00
209 3.86227544910182e+00 1.00000000000000e+00 0.00000000000000e+00
210 3.83233532934134e+00 1.00000000000000e+00 0.00000000000000e+00
211 3.80239520958087e+00 1.00000000000000e+00 0.00000000000000e+00
212 3.77245508982039e+00 1.00000000000000e+00 0.00000000000000e+00
213 3.74251497005991e+00 1.00000000000000e+00 0.00000000000000e+00
214 3.71257485029943e+00 1.00000000000000e+00 0.00000000000000e+00
215 3.68263473053895e+00 1.00000000000000e+00 0.00000000000000e+00
216 3.65269461077848e+00 1.00000000000000e+00 0.00000000000000e+00
217 3.62275449101800e+00 1.00000000000000e+00 0.00000000000000e+00
218 3.59281437125752e+00 1.00000000000000e+00 0.00000000000000e+00
219 3.56287425149704e+00 1.00000000000000e+00 0.00000000000000e+00
220 3.53293413173656e+00 1.00000000000000e+00 0.00000000000000e+00
221 3.50299401197608e+00 1.00000000000000e+00 0.00000000000000e+00
222 3.47305389221561e+00 1.00000000000000e+00 0.00000000000000e+00
223 3.44311377245513e+00 1.00000000000000e+00 0.00000000000000e+00
224 3.41317365269465e+00 1.00000000000000e+00 0.00000000000000e+00
225 3.38323353293417e+00 1.00000000000000e+00 0.00000000000000e+00
226 3.35329341317369e+00 1.00000000000000e+00 0.00000000000000e+00
227 3.32335329341321e+00 1.00000000000000e+00 0.00000000000000e+00
228 3.29341317365274e+00 1.00000000000000e+00 0.00000000000000e+00
229 3.26347305389226e+00 1.00000000000000e+00 0.00000000000000e+00
230 3.23353293413178e+00 1.00000000000000e+00 0.00000000000000e+00
231 3.20359281437130e+00 1.00000000000000e+00 0.00000000000000e+00
232 3.17365269461082e+00 1.00000000000000e+00 0.00000000000000e+00
233 3.14371257485034e+00 1.00000000000000e+00 0.00000000000000e+00
234 3.11377245508987e+00 1.00000000000000e+00 0.00000000000000e+00
235 3.08383233532939e+00 1.00000000000000e+00 0.00000000000000e+00
236 3.05389221556891e+00 1.00000000000000e+00 0.00000000000000e+00
237 3.02395209580843e+00 1.00000000000000e+00 0.00000000000000e+00
238 2.99401197604795e+00 1.00000000000000e+00 0.00000000000000e+00
239 2.96407185628747e+00 1.00000000000000e+00 0.00000000000000e+00
240 2.93413173652699e+00 1.00000000000000e+00 0.00000000000000e+00
241 2.90419161676651e+00 1.00000000000000e+00 0.00000000000000e+00
242 2.87425149700603e+00 1.00000000000000e+00 0.00000000000000e+00
243 2.84431137724555e+00 1.00000000000000e+00 0.00000000000000e+00
244 2.81437125748507e+00 1.00000000000000e+00 0.00000000000000e+00
245 2.78443113772459e+00 1.00000000000000e+00 0.00000000000000e+00
246 2.75449101796411e+00 1.00000000000000e+00 0.00000000000000e+00
247 2.72455089820363e+00 1.00000000000000e+00 0.00000000000000e+00
248 2.69461077844315e+00 1.00000000000000e+00 0.00000000000000e+00
249 2.66467065868267e+00 1.00000000000000e+00 0.00000000000000e+00
250 2.63473053892220e+00 1.00000000000000e+00 0.00000000000000e+00
251 2.60479041916172e+00 1.00000000000000e+00 0.00000000000000e+00
252 2.57485029940124e+00 1.00000000000000e+00 0.00000000000000e+00
253 2.54491017964076e+00 1.00000000000000e+00 0.00000000000000e+00
254 2.51497005988028e+00 1.00000000000000e+00 0.00000000000000e+00
255 2.48502994011980e+00 1.00000000000000e+00 0.00000000000000e+00
256 2.45508982035932e+00 1.00000000000000e+00 0.00000000000000e+00
257 2.42514970059884e+00 1.00000000000000e+00 0.00000000000000e+00
258 2.39520958083836e+00 1.00000000000000e+00 0.00000000000000e+00
259 2.36526946107788e+00 1.00000000000000e+00 0.00000000000000e+00
260 2.33532934131740e+00 1.00000000000000e+00 0.00000000000000e+00
261 2.30538922155692e+00 1.00000000000000e+00 0.00000000000000e+00
262 2.27544910179644e+00 1.00000000000000e+00 0.00000000000000e+00
263 2.24550898203596e+00 1.00000000000000e+00 0.00000000000000e+00
264 2.21556886227548e+00 1.00000000000000e+00 0.00000000000000e+00
265 2.18562874251500e+00 1.00000000000000e+00 0.00000000000000e+00
266 2.15568862275452e+00 1.00000000000000e+00 0.00000000000000e+00
267 2.12574850299404e+00 1.00000000000000e+00 0.00000000000000e+00
268 2.09580838323356e+00 1.00000000000000e+00 0.00000000000000e+00
269 2.06586826347308e+00 1.00000000000000e+00 0.00000000000000e+00
270 2.03592814371260e+00 1.00000000000000e+00 0.00000000000000e+00
271 2.00598802395213e+00 1.00000000000000e+00 0.00000000000000e+00
272 1.97604790419165e+00 1.00000000000000e+00 0.00000000000000e+00
273 1.94610778443117e+00 1.00000000000000e+00 0.00000000000000e+00
274 1.91616766467069e+00 1.00000000000000e+00 0.00000000000000e+00
275 1.88622754491021e+00 1.00000000000000e+00 0.00000000000000e+00
276 1.85628742514973e+00 1.00000000000000e+00 0.00000000000000e+00
277 1.82634730538925e+00 1.00000000000000e+00 0.00000000000000e+00
278 1.79640718562877e+00 1.00000000000000e+00 0.00000000000000e+00
279 1.76646706586829e+00 1.00000000000000e+00 0.00000000000000e+00
280 1.73652694610781e+00 1.00000000000000e+00 0.00000000000000e+00
281 1.70658682634733e+00 1.00000000000000e+00 0.00000000000000e+00
282 1.67664670658685e+00 1.00000000000000e+00 0.00000000000000e+00
283 1.64670658682637e+00 1.00000000000000e+00 0.00000000000000e+00
284 1.61676646706589e+00 1.00000000000000e+00 0.00000000000000e+00
285 1.58682634730541e+00 1.00000000000000e+00 0.00000000000000e+00
286 1.55688622754493e+00 1.00000000000000e+00 0.00000000000000e+00
287 1.52694610778445e+00 1.00000000000000e+00 0.00000000000000e+00
288 1.49700598802397e+00 1.00000000000000e+00 0.00000000000000e+00
289 1.46706586826349e+00 1.00000000000000e+00 0.00000000000000e+00
290 1.43712574850301e+00 1.00000000000000e+00 0.00000000000000e+00
291 1.40718562874253e+00 1.00000000000000e+00 0.00000000000000e+00
292 1.37724550898206e+00 1.00000000000000e+00 0.00000000000000e+00
293 1.34730538922158e+00 1.00000000000000e+00 0.00000000000000e+00
294 1.31736526946110e+00 1.00000000000000e+00 0.00000000000000e+00
295 1.28742514970062e+00 1.00000000000000e+00 0.00000000000000e+00
296 1.25748502994014e+00 1.00000000000000e+00 0.00000000000000e+00
297 1.22754491017966e+00 1.00000000000000e+00 0.00000000000000e+00
298 1.19760479041918e+00 1.00000000000000e+00 0.00000000000000e+00
299 1.16766467065870e+00 1.00000000000000e+00 0.00000000000000e+00
300 1.13772455089822e+00 1.00000000000000e+00 0.00000000000000e+00
301 1.10778443113774e+00 1.00000000000000e+00 0.00000000000000e+00
302 1.07784431137726e+00 1.00000000000000e+00 0.00000000000000e+00
303 1.04790419161678e+00 1.00000000000000e+00 0.00000000000000e+00
304 1.01796407185630e+00 1.00000000000000e+00 0.00000000000000e+00
305 9.88023952095824e-01 1.00000000000000e+00 0.00000000000000e+00
306 9.58083832335345e-01 1.00000000000000e+00 0.00000000000000e+00
307 9.28143712574865e-01 1.00000000000000e+00 0.00000000000000e+00
308 8.98203592814385e-01 1.00000000000000e+00 0.00000000000000e+00
309 8.68263473053906e-01 1.00000000000000e+00 0.00000000000000e+00
310 8.38323353293426e-01 1.00000000000000e+00 0.00000000000000e+00
311 8.08383233532947e-01 1.00000000000000e+00 0.00000000000000e+00
312 7.78443113772466e-01 1.00000000000000e+00 0.00000000000000e+00
313 7.48502994011988e-01 1.00000000000000e+00 0.00000000000000e+00
314 7.18562874251509e-01 1.00000000000000e+00 0.00000000000000e+00
315 6.88622754491029e-01 1.00000000000000e+00 0.00000000000000e+00
316 6.58682634730549e-01 1.00000000000000e+00 0.00000000000000e+00
317 6.28742514970070e-01 1.00000000000000e+00 0.00000000000000e+00
318 5.98802395209591e-01 1.00000000000000e+00 0.00000000000000e+00
319 5.68862275449111e-01 1.00000000000000e+00 0.00000000000000e+00
320 5.38922155688631e-01 1.00000000000000e+00 0.00000000000000e+00
321 5.08982035928152e-01 1.00000000000000e+00 0.00000000000000e+00
322 4.79041916167673e-01 1.00000000000000e+00 0.00000000000000e+00
323 4.49101796407192e-01 1.00000000000000e+00 0.00000000000000e+00
324 4.19161676646713e-01 1.00000000000000e+00 0.00000000000000e+00
325 3.89221556886234e-01 1.00000000000000e+00 0.00000000000000e+00
326 3.59281437125754e-01 1.00000000000000e+00 0.00000000000000e+00
327 3.29341317365275e-01 1.00000000000000e+00 0.00000000000000e+00
328 2.99401197604794e-01 1.00000000000000e+00 0.00000000000000e+00
329 2.69461077844316e-01 1.00000000000000e+00 0.00000000000000e+00
330 2.39520958083836e-01 1.00000000000000e+00 0.00000000000000e+00
331 2.09580838323356e-01 1.00000000000000e+00 0.00000000000000e+00
332 1.79640718562878e-01 1.00000000000000e+00 0.00000000000000e+00
333 1.49700598802397e-01 1.00000000000000e+00 0.00000000000000e+00
334 1.19760479041918e-01 1.00000000000000e+00 0.00000000000000e+00
335 8.98203592814379e-02 1.00000000000000e+00 0.00000000000000e+00
336 5.98802395209592e-02 1.00000000000000e+00 0.00000000000000e+00
337 2.99401197604796e-02 1.00000000000000e+00 0.00000000000000e+00
338 8.78632272821743e-01 5.29914458035945e-01 0.00000000000000e+00
339 8.89317996793349e-01 5.58090396505471e-01 0.00000000000000e+00
340 9.06436156478612e-01 5.82890332280099e-01 0.00000000000000e+00
341 9.28991906658605e-01 6.02872983236707e-01 0.00000000000000e+00
342 9.55674389119683e-01 6.16877030335677e-01 0.00000000000000e+00
343 9.84932914968085e-01 6.24088609262257e-01 0.00000000000000e+00
344 1.01506708503192e+00 6.24088609262257e-01 0.00000000000000e+00
345 1.04432561088032e+00 6.16877030335677e-01 0.00000000000000e+00
346 1.07100809334139e+00 6.02872983236707e-01 0.00000000000000e+00
347 1.09356384352139e+00 5.82890332280100e-01 0.00000000000000e+00
348 1.11068200320665e+00 5.58090396505471e-01 0.00000000000000e+00
349 1.12136772717826e+00 5.29914458035945e-01 0.00000000000000e+00
350 1.12500000000000e+00 5.00000000000000e-01 0.00000000000000e+00
351 1.12136772717826e+00 4.70085541964055e-01 0.00000000000000e+00
352 1.11068200320665e+00 4.41909603494529e-01 0.00000000000000e+00
353 1.09356384352139e+00 4.17109667719901e-01 0.00000000000000e+00
354 1.07100809334139e+00 3.97127016763293e-01 0.00000000000000e+00
355 1.04432561088032e+00 3.83122969664323e-01 0.00000000000000e+00
356 1.01506708503192e+00 3.75911390737743e-01 0.00000000000000e+00
357 9.84932914968085e-01 3.75911390737743e-01 0.00000000000000e+00
358 9.55674389119684e-01 3.83122969664323e-01 0.00000000000000e+00
359 9.28991906658606e-01 3.97127016763293e-01 0.00000000000000e+00
360 9.06436156478613e-01 4.17109667719900e-01 0.00000000000000e+00
361 8.89317996793349e-01 4.41909603494528e-01 0.00000000000000e+00
362 8.78632272821743e-01 4.70085541964055e-01 0.00000000000000e+00
1 102 5 6 
2 102 6 7 
3 102 7 8 
4 102 8 9 
5 102 9 10 
6 102 10 11 
7 102 11 12 
8 102 12 13 
9 102 13 14 
10 102 14 15 
11 102 15 16 
12 102 16 17 
13 102 17 18 
14 102 18 19 
15 102 19 20 
16 102 20 21 
17 102 21 22 
18 102 22 23 
19 102 23 24 
20 102 24 25 
21 102 25 26 
22 102 26 27 
23 102 27 28 
24 102 28 29 
25 102 29 30 
26 102 30 31 
27 102 31 32 
28 102 32 33 
29 102 33 34 
30 102 34 35 
31 102 35 36 
32 102 36 37 
33 102 37 38 
34 102 38 39 
35 102 39 40 
36 102 40 41 
37 102 41 42 
38 102 42 43 
39 102 43 44 
40 102 44 45 
41 102 45 46 
42 102 46 47 
43 102 47 48 
44 102 48 49 
45 102 49 50 
46 102 50 51 
47 102 51 52 
48 102 52 53 
49 102 53 54 
50 102 54 55 
51 102 55 56 
52 102 56 57 
53 102 57 58 
54 102 58 59 
55 102 59 60 
56 102 60 61 
57 102 61 62 
58 102 62 63 
59 102 63 64 
60 102 64 65 
61 102 65 66 
62 102 66 67 
63 102 67 68 
64 102 68 69 
65 102 69 70 
66 102 70 71 
67 102 71 72 
68 102 72 73 
69 102 73 74 
70 102 74 75 
71 102 75 76 
72 102 76 77 
73 102 77 78 
74 102 78 79 
75 102 79 80 
76 102 80 81 
77 102 81 82 
78 102 82 83 
79 102 83 84 
80 102 84 85 
81 102 85 86 
82 102 86 87 
83 102 87 88 
84 102 88 89 
85 102 89 90 
86 102 90 91 
87 102 91 92 
88 102 92 93 
89 102 93 94 
90 102 94 95 
91 102 95 96 
92 102 96 97 
93 102 97 98 
94 102 98 99 
95 102 99 100 
96 102 100 101 
97 102 101 102 
98 102 102 103 
99 102 103 104 
100 102 104 105 
101 102 105 106 
102 102 106 107 
103 102 107 108 
104 102 108 109 
105 102 109 110 
106 102 110 111 
107 102 111 112 
108 102 112 113 
109 102 113 114 
110 102 114 115 
111 102 115 116 
112 102 116 117 
113 102 117 118 
114 102 118 119 
115 102 119 120 
116 102 120 121 
117 102 121 122 
118 102 122 123 
119 102 123 124 
120 102 124 125 
121 102 125 126 
122 102 126 127 
123 102 127 128 
124 102 128 129 
125 102 129 130 
126 102 130 131 
127 102 131 132 
128 102 132 133 
129 102 133 134 
130 102 134 135 
131 102 135 136 
132 102 136 137 
133 102 137 138 
134 102 138 139 
135 102 139 140 
136 102 140 141 
137 102 141 142 
138 102 142 143 
139 102 143 144 
140 102 144 145 
141 102 145 146 
142 102 146 147 
143 102 147 148 
144 102 148 149 
145 102 149 150 
146 102 150 151 
147 102 151 152 
148 102 152 153 
149 102 153 154 
150 102 154 155 
151 102 155 156 
152 102 156 157 
153 102 157 158 
154 102 158 159 
155 102 159 160 
156 102 160 161 
157 102 161 162 
158 102 162 163 
159 102 163 164 
160 102 164 165 
161 102 165 166 
162 102 166 167 
163 102 167 168 
164 102 168 169 
165 102 169 170 
166 102 170 171 
167 102 171 4 
168 102 2 172 
169 102 172 173 
170 102 173 174 
171 102 174 175 
172 102 175 176 
173 102 176 177 
174 102 177 178 
175 102 178 179 
176 102 179 180 
177 102 180 181 
178 102 181 182 
179 102 182 183 
180 102 183 184 
181 102 184 185 
182 102 185 186 
183 102 186 187 
184 102 187 188 
185 102 188 189 
186 102 189 190 
187 102 190 191 
188 102 191 192 
189 102 192 193 
190 102 193 194 
191 102 194 195 
192 102 195 196 
193 102 196 197 
194 102 197 198 
195 102 198 199 
196 102 199 200 
197 102 200 201 
198 102 201 202 
199 102 202 203 
200 102 203 204 
201 102 204 205 
202 102 205 206 
203 102 206 207 
204 102 207 208 
205 102 208 209 
206 102 209 210 
207 102 210 211 
208 102 211 212 
209 102 212 213 
210 102 213 214 
211 102 214 215 
212 102 215 216 
213 102 216 217 
214 102 217 218 
215 102 218 219 
216 102 219 220 
217 102 220 221 
218 102 221 222 
219 102 222 223 
220 102 223 224 
221 102 224 225 
222 102 225 226 
223 102 226 227 
224 102 227 228 
225 102 228 229 
226 102 229 230 
227 102 230 231 
228 102 231 232 
229 102 232 233 
230 102 233 234 
231 102 234 235 
232 102 235 236 
233 102 236 237 
234 102 237 238 
235 102 238 239 
236 102 239 240 
237 102 240 241 
238 102 241 242 
239 102 242 243 
240 102 243 244 
241 102 244 245 
242 102 245 246 
243 102 246 247 
244 102 247 248 
245 102 248 249 
246 102 249 250 
247 102 250 251 
248 102 251 252 
249 102 252 253 
250 102 253 254 
251 102 254 255 
252 102 255 256 
253 102 256 257 
254 102 257 258 
255 102 258 259 
256 102 259 260 
257 102 260 261 
258 102 261 262 
259 102 262 263 
260 102 263 264 
261 102 264 265 
262 102 265 266 
263 102 266 267 
264 102 267 268 
265 102 268 269 
266 102 269 270 
267 102 270 271 
268 102 271 272 
269 102 272 273 
270 102 273 274 
271 102 274 275 
272 102 275 276 
273 102 276 277 
274 102 277 278 
275 102 278 279 
276 102 279 280 
277 102 280 281 
278 102 281 282 
279 102 282 283 
280 102 283 284 
281 102 284 285 
282 102 285 286 
283 102 286 287 
284 102 287 288 
285 102 288 289 
286 102 289 290 
287 102 290 291 
288 102 291 292 
289 102 292 293 
290 102 293 294 
291 102 294 295 
292 102 295 296 
293 102 296 297 
294 102 297 298 
295 102 298 299 
296 102 299 300 
297 102 300 301 
298 102 301 302 
299 102 302 303 
300 102 303 304 
301 102 304 305 
302 102 305 306 
303 102 306 307 
304 102 307 308 
305 102 308 309 
306 102 309 310 
307 102 310 311 
308 102 311 312 
309 102 312 313 
310 102 313 314 
311 102 314 315 
312 102 315 316 
313 102 316 317 
314 102 317 318 
315 102 318 319 
316 102 319 320 
317 102 320 321 
318 102 321 322 
319 102 322 323 
320 102 323 324 
321 102 324 325 
322 102 325 326 
323 102 326 327 
324 102 327 328 
325 102 328 329 
326 102 329 330 
327 102 330 331 
328 102 331 332 
329 102 332 333 
330 102 333 334 
331 102 334 335 
332 102 335 336 
333 102 336 337 
334 102 337 3 
335 102 1 338 
336 102 338 339 
337 102 339 340 
338 102 340 341 
339 102 341 342 
340 102 342 343 
341 102 343 344 
342 102 344 345 
343 102 345 346 
344 102 346 347 
345 102 347 348 
346 102 348 349 
347 102 349 350 
348 102 350 351 
349 102 351 352 
350 102 352 353 
351 102 353 354 
352 102 354 355 
353 102 355 356 
354 102 356 357 
355 102 357 358 
356 102 358 359 
357 102 359 360 
358 102 360 361 
359 102 361 362 
360 102 362 1 
