178 354
1 1.00000000000000e-01 0.00000000000000e+00 0.00000000000000e+00
2 9.80785280403230e-02 1.95090322016128e-02 0.00000000000000e+00
3 9.23879532511287e-02 3.82683432365090e-02 0.00000000000000e+00
4 8.31469612302545e-02 5.55570233019602e-02 0.00000000000000e+00
5 7.07106781186548e-02 7.07106781186548e-02 0.00000000000000e+00
6 5.55570233019602e-02 8.31469612302545e-02 0.00000000000000e+00
7 3.82683432365090e-02 9.23879532511287e-02 0.00000000000000e+00
8 1.95090322016128e-02 9.80785280403230e-02 0.00000000000000e+00
9 6.12323399573677e-18 1.00000000000000e-01 0.00000000000000e+00
10 -1.95090322016128e-02 9.80785280403230e-02 0.00000000000000e+00
11 -3.82683432365090e-02 9.23879532511287e-02 0.00000000000000e+00
12 -5.55570233019602e-02 8.31469612302546e-02 0.00000000000000e+00
13 -7.07106781186548e-02 7.07106781186548e-02 0.00000000000000e+00
14 -8.31469612302545e-02 5.55570233019602e-02 0.00000000000000e+00
15 -9.23879532511287e-02 3.82683432365089e-02 0.00000000000000e+00
16 -9.80785280403231e-02 1.95090322016128e-02 0.00000000000000e+00
17 -1.00000000000000e-01 -7.65713739785390e-17 0.00000000000000e+00
18 -9.80785280403230e-02 -1.95090322016129e-02 0.00000000000000e+00
19 -9.23879532511286e-02 -3.82683432365091e-02 0.00000000000000e+00
20 -8.31469612302544e-02 -5.55570233019603e-02 0.00000000000000e+00
21 -7.07106781186546e-02 -7.07106781186549e-02 0.00000000000000e+00
22 -5.55570233019601e-02 -8.31469612302546e-02 0.00000000000000e+00
23 -3.82683432365088e-02 -9.23879532511288e-02 0.00000000000000e+00
24 -1.95090322016126e-02 -9.80785280403231e-02 0.00000000000000e+00
25 2.48083823922827e-16 -1.00000000000000e-01 0.00000000000000e+00
26 1.95090322016131e-02 -9.80785280403230e-02 0.00000000000000e+00
27 3.82683432365092e-02 -9.23879532511286e-02 0.00000000000000e+00
28 5.55570233019605e-02 -8.31469612302543e-02 0.00000000000000e+00
29 7.07106781186550e-02 -7.07106781186545e-02 0.00000000000000e+00
30 8.31469612302547e-02 -5.55570233019599e-02 0.00000000000000e+00
31 9.23879532511288e-02 -3.82683432365086e-02 0.00000000000000e+00
32 9.80785280403231e-02 -1.95090322016124e-02 0.00000000000000e+00
33 -6.15090023967745e-02 -1.28723639497592e-02 0.00000000000000e+00
34 6.15104302269411e-02 -1.28731168667775e-02 0.00000000000000e+00
35 -1.23399022170465e-06 8.87626216125728e-02 0.00000000000000e+00
36 -3.07862123920630e-02 -6.59310539611580e-02 0.00000000000000e+00
37 3.07824307137347e-02 -6.59324680519678e-02 0.00000000000000e+00
38 -2.57181685656109e-09 -1.29227010244687e-02 0.00000000000000e+00
39 -3.07858408052582e-02 4.04194601279356e-02 0.00000000000000e+00
40 3.07859304290952e-02 4.04185558499904e-02 0.00000000000000e+00
41 7.63442105078389e-02 1.32722713068097e-02 0.00000000000000e+00
42 8.88511388221748e-02 -1.15022698699124e-02 0.00000000000000e+00
43 7.64239670374955e-02 -3.97351028141338e-02 0.00000000000000e+00
44 4.61111081184439e-02 -3.95750056877142e-02 0.00000000000000e+00
45 5.87109343844283e-02 -6.36173875366643e-02 0.00000000000000e+00
46 1.30631966723372e-02 -8.93467540912410e-02 0.00000000000000e+00
47 -7.63438351787619e-02 1.32721621304679e-02 0.00000000000000e+00
48 -8.88525746534186e-02 -1.15023102516124e-02 0.00000000000000e+00
49 -4.61072834255963e-02 -3.95760488045729e-02 0.00000000000000e+00
50 -7.64254665537737e-02 -3.97362571328159e-02 0.00000000000000e+00
51 -5.87109514992217e-02 -6.36208541982615e-02 0.00000000000000e+00
52 -1.30653062316584e-02 -8.93400812816416e-02 0.00000000000000e+00
53 -2.27891829407363e-07 -6.60502220362923e-02 0.00000000000000e+00
54 -1.54009911655352e-02 -3.95964908999606e-02 0.00000000000000e+00
55 -3.08043134304567e-02 -1.29226020620803e-02 0.00000000000000e+00
56 1.54005450703714e-02 -3.95962254204975e-02 0.00000000000000e+00
57 3.08041674439192e-02 -1.29225484086285e-02 0.00000000000000e+00
58 -4.61971286956435e-02 1.37481253133354e-02 0.00000000000000e+00
59 -6.12576621805898e-02 4.04411666753209e-02 0.00000000000000e+00
60 -4.53920384833819e-02 6.58764487913267e-02 0.00000000000000e+00
61 -1.53519563090533e-02 6.72115336272824e-02 0.00000000000000e+00
62 4.61959316777504e-02 1.37474818083697e-02 0.00000000000000e+00
63 6.12589957969222e-02 4.04395123582776e-02 0.00000000000000e+00
64 1.53500791717293e-02 6.72081810332151e-02 0.00000000000000e+00
65 4.53899749167855e-02 6.58670242073870e-02 0.00000000000000e+00
66 8.31260448925852e-08 4.04349067212507e-02 0.00000000000000e+00
67 1.54025354356351e-02 1.37552799133386e-02 0.00000000000000e+00
68 -1.54025074057008e-02 1.37552708007519e-02 0.00000000000000e+00
69 1.03669177601964e-02 9.01434961723494e-02 0.00000000000000e+00
70 -1.03688103810898e-02 9.01448218989132e-02 0.00000000000000e+00
71 8.37980671351311e-02 2.52610162780879e-02 0.00000000000000e+00
72 8.88051361829513e-02 1.18928330868209e-02 0.00000000000000e+00
73 8.35942131340406e-02 2.71669937004141e-04 0.00000000000000e+00
74 6.90287902467017e-02 3.76914207766104e-04 0.00000000000000e+00
75 7.62560056875109e-02 -1.25590393072630e-02 0.00000000000000e+00
76 6.90169721856400e-02 -2.60690669371782e-02 0.00000000000000e+00
77 5.38245091005996e-02 -2.62437233048372e-02 0.00000000000000e+00
78 6.12333722214534e-02 -3.96868989568285e-02 0.00000000000000e+00
79 6.75357698342885e-02 -5.37041688445059e-02 0.00000000000000e+00
80 5.32122915762417e-02 -5.25884028863166e-02 0.00000000000000e+00
81 3.83866856551708e-02 -5.27406184852917e-02 0.00000000000000e+00
82 4.58519001788331e-02 -6.49461584439080e-02 0.00000000000000e+00
83 3.91946867508119e-02 -7.85618584959441e-02 0.00000000000000e+00
84 2.23683385298468e-02 -7.83160918616871e-02 0.00000000000000e+00
85 2.68557332877887e-02 -8.79633215245187e-02 0.00000000000000e+00
86 5.40728128953427e-02 -7.29102579257257e-02 0.00000000000000e+00
87 8.37281440964288e-02 -2.47735769279670e-02 0.00000000000000e+00
88 -8.37980891761098e-02 2.52609363736387e-02 0.00000000000000e+00
89 -8.88061421387985e-02 1.18927251250790e-02 0.00000000000000e+00
90 -6.90699750896409e-02 3.82888562618366e-04 0.00000000000000e+00
91 -8.35846239674570e-02 2.68714731816896e-04 0.00000000000000e+00
92 -7.62602569582980e-02 -1.25585717727793e-02 0.00000000000000e+00
93 -5.38362943592752e-02 -2.62489421140691e-02 0.00000000000000e+00
94 -6.90139213297459e-02 -2.60678940664382e-02 0.00000000000000e+00
95 -6.12333152053645e-02 -3.96904474051696e-02 0.00000000000000e+00
96 -3.84129702417270e-02 -5.27573921444736e-02 0.00000000000000e+00
97 -5.32402448942338e-02 -5.25907591441880e-02 0.00000000000000e+00
98 -4.58615599494686e-02 -6.49512469337940e-02 0.00000000000000e+00
99 -6.75126884503441e-02 -5.36905237642303e-02 0.00000000000000e+00
100 -2.23681808957039e-02 -7.83410542022279e-02 0.00000000000000e+00
101 -3.91828392969136e-02 -7.85291816933349e-02 0.00000000000000e+00
102 -2.68541318106051e-02 -8.79612802742323e-02 0.00000000000000e+00
103 -5.40724485811192e-02 -7.29068470786666e-02 0.00000000000000e+00
104 -8.37286145155239e-02 -2.47735210529468e-02 0.00000000000000e+00
105 -7.83607960081541e-07 -8.79557087593568e-02 0.00000000000000e+00
106 -7.33143782711743e-03 -7.82305956314041e-02 0.00000000000000e+00
107 -1.52701669765217e-02 -6.59106055488932e-02 0.00000000000000e+00
108 7.34765342505729e-03 -7.81668108027070e-02 0.00000000000000e+00
109 1.52715355312739e-02 -6.59004646251814e-02 0.00000000000000e+00
110 -2.30765474235317e-02 -5.28419040331512e-02 0.00000000000000e+00
111 -3.07813219348806e-02 -3.95684859833195e-02 0.00000000000000e+00
112 -3.84852992363503e-02 -2.62545866889361e-02 0.00000000000000e+00
113 -4.61861563680058e-02 -1.29157426112659e-02 0.00000000000000e+00
114 -2.30989791020630e-02 -2.62572616163845e-02 0.00000000000000e+00
115 -7.70063595944435e-03 -2.62606010325345e-02 0.00000000000000e+00
116 -1.54019223139586e-02 -1.29221602489642e-02 0.00000000000000e+00
117 2.30728066607082e-02 -5.28388912203234e-02 0.00000000000000e+00
118 3.07781046703224e-02 -3.95660863508022e-02 0.00000000000000e+00
119 7.70107543806639e-03 -2.62608984267016e-02 0.00000000000000e+00
120 2.31003392085027e-02 -2.62575671396350e-02 0.00000000000000e+00
121 1.54020897232369e-02 -1.29222146684428e-02 0.00000000000000e+00
122 3.84836996803476e-02 -2.62532038013127e-02 0.00000000000000e+00
123 4.61844857218504e-02 -1.29151474145942e-02 0.00000000000000e+00
124 -1.50436913042859e-08 -3.95966687887091e-02 0.00000000000000e+00
125 7.68382141760724e-03 -5.28624069315857e-02 0.00000000000000e+00
126 -7.68560979035815e-03 -5.28573103272412e-02 0.00000000000000e+00
127 -5.38642862628408e-02 4.13203757176337e-04 0.00000000000000e+00
128 -6.14827329774009e-02 1.36698970421621e-02 0.00000000000000e+00
129 -6.90075881136598e-02 2.67699130537846e-02 0.00000000000000e+00
130 -7.63793854434499e-02 4.01766769577542e-02 0.00000000000000e+00
131 -5.38130935266310e-02 2.70462605627023e-02 0.00000000000000e+00
132 -3.84853436736444e-02 2.70845307000971e-02 0.00000000000000e+00
133 -4.60832017041130e-02 4.03949139620495e-02 0.00000000000000e+00
134 -3.83313738353615e-02 5.35795093499846e-02 0.00000000000000e+00
135 -2.30731957782921e-02 5.37426304941183e-02 0.00000000000000e+00
136 -3.06558153892294e-02 6.67808244556643e-02 0.00000000000000e+00
137 -5.14186039951998e-02 7.62510531157789e-02 0.00000000000000e+00
138 -3.79534300996600e-02 7.70762686475960e-02 0.00000000000000e+00
139 -2.29218497119566e-02 8.17386830983454e-02 0.00000000000000e+00
140 -7.05992350906397e-03 7.94397278475697e-02 0.00000000000000e+00
141 -5.81817407315818e-02 6.45313276520065e-02 0.00000000000000e+00
142 -5.30977704488655e-02 5.33538235702088e-02 0.00000000000000e+00
143 -6.74331040614956e-02 5.42002667944111e-02 0.00000000000000e+00
144 5.38587717072066e-02 4.12332763764188e-04 0.00000000000000e+00
145 6.14767594535005e-02 1.36687022161828e-02 0.00000000000000e+00
146 3.84920357663076e-02 2.70873125900211e-02 0.00000000000000e+00
147 5.38284532472098e-02 2.70592987108157e-02 0.00000000000000e+00
148 4.60886635888079e-02 4.03954242822101e-02 0.00000000000000e+00
149 6.90019011458773e-02 2.67676723560759e-02 0.00000000000000e+00
150 7.63776981754749e-02 4.01758659953140e-02 0.00000000000000e+00
151 2.30814447199557e-02 5.37509596654357e-02 0.00000000000000e+00
152 3.83321275318295e-02 5.35748961644180e-02 0.00000000000000e+00
153 3.06504313348184e-02 6.67654495796782e-02 0.00000000000000e+00
154 7.10360531353053e-03 7.94090472537168e-02 0.00000000000000e+00
155 2.29211906303614e-02 8.17365150895109e-02 0.00000000000000e+00
156 3.79591240496327e-02 7.71091158266856e-02 0.00000000000000e+00
157 5.13955034287099e-02 7.61996738781486e-02 0.00000000000000e+00
158 5.81799234123608e-02 6.45200423131612e-02 0.00000000000000e+00
159 6.74672866076534e-02 5.42219598923688e-02 0.00000000000000e+00
160 5.30631565889000e-02 5.33404377363568e-02 0.00000000000000e+00
161 5.07793011771443e-06 6.69020123708409e-02 0.00000000000000e+00
162 7.69478106985763e-03 5.37618830226083e-02 0.00000000000000e+00
163 1.53978039182096e-02 4.04290664488317e-02 0.00000000000000e+00
164 -7.69367145185142e-03 5.37597253185823e-02 0.00000000000000e+00
165 -1.53967558001884e-02 4.04280546859381e-02 0.00000000000000e+00
166 2.30999573275537e-02 2.70916860819649e-02 0.00000000000000e+00
167 3.08020102660584e-02 1.37535161103912e-02 0.00000000000000e+00
168 3.84972267231316e-02 4.15691601030893e-04 0.00000000000000e+00
169 2.31024576770078e-02 4.16104028155174e-04 0.00000000000000e+00
170 7.70109389318154e-03 4.16310186866846e-04 0.00000000000000e+00
171 -2.30991168376699e-02 2.70913797760492e-02 0.00000000000000e+00
172 -3.08013639690796e-02 1.37532621632946e-02 0.00000000000000e+00
173 -7.70122846328146e-03 4.16334662462426e-04 0.00000000000000e+00
174 -2.31032545877974e-02 4.16142673071016e-04 0.00000000000000e+00
175 -3.84980319757920e-02 4.15748885733133e-04 0.00000000000000e+00
176 -8.12012239161334e-09 1.37553064705718e-02 0.00000000000000e+00
177 -7.70020992167236e-03 2.70936622997119e-02 0.00000000000000e+00
178 7.70053257432316e-03 2.70937299576314e-02 0.00000000000000e+00
1 102 1 2 
2 102 2 3 
3 102 3 4 
4 102 4 5 
5 102 5 6 
6 102 6 7 
7 102 7 8 
8 102 8 9 
9 102 9 10 
10 102 10 11 
11 102 11 12 
12 102 12 13 
13 102 13 14 
14 102 14 15 
15 102 15 16 
16 102 16 17 
17 102 17 18 
18 102 18 19 
19 102 19 20 
20 102 20 21 
21 102 21 22 
22 102 22 23 
23 102 23 24 
24 102 24 25 
25 102 25 26 
26 102 26 27 
27 102 27 28 
28 102 28 29 
29 102 29 30 
30 102 30 31 
31 102 31 32 
32 102 32 1 
33 203 7 8 155 
34 203 9 69 8 
35 203 35 9 70 
36 203 139 10 11 
37 203 10 70 9 
38 203 35 69 9 
39 203 41 72 71 
40 203 4 150 3 
41 203 3 71 2 
42 203 72 2 71 
43 203 1 2 72 
44 203 74 73 41 
45 203 75 42 73 
46 203 34 75 74 
47 203 73 74 75 
48 203 42 1 73 
49 203 72 41 73 
50 203 72 73 1 
51 203 77 76 34 
52 203 78 43 76 
53 203 44 78 77 
54 203 76 77 78 
55 203 43 79 30 
56 203 79 45 29 
57 203 81 80 44 
58 203 30 31 43 
59 203 82 45 80 
60 203 37 82 81 
61 203 80 81 82 
62 203 79 80 45 
63 203 78 44 80 
64 203 43 78 79 
65 203 80 79 78 
66 203 84 83 37 
67 203 46 85 84 
68 203 27 28 83 
69 203 83 85 27 
70 203 83 84 85 
71 203 85 46 26 
72 203 27 85 26 
73 203 86 83 28 
74 203 82 37 83 
75 203 45 82 86 
76 203 83 86 82 
77 203 29 30 79 
78 203 86 28 29 
79 203 29 45 86 
80 203 87 76 43 
81 203 75 34 76 
82 203 42 75 87 
83 203 76 87 75 
84 203 1 42 32 
85 203 42 87 32 
86 203 32 87 31 
87 203 87 43 31 
88 203 89 47 88 
89 203 16 88 15 
90 203 88 130 15 
91 203 17 91 89 
92 203 89 88 16 
93 203 91 90 47 
94 203 92 33 90 
95 203 48 92 91 
96 203 90 91 92 
97 203 18 48 17 
98 203 48 91 17 
99 203 89 16 17 
100 203 47 89 91 
101 203 94 93 33 
102 203 95 49 93 
103 203 50 95 94 
104 203 93 94 95 
105 203 97 96 49 
106 203 98 36 96 
107 203 51 98 97 
108 203 96 97 98 
109 203 21 51 99 
110 203 97 99 51 
111 203 99 20 21 
112 203 95 50 99 
113 203 49 95 97 
114 203 99 97 95 
115 203 101 100 36 
116 203 102 52 100 
117 203 100 101 102 
118 203 102 101 23 
119 203 25 52 24 
120 203 24 102 23 
121 203 52 102 24 
122 203 103 51 21 
123 203 23 101 22 
124 203 98 51 103 
125 203 36 98 101 
126 203 103 101 98 
127 203 21 22 103 
128 203 103 22 101 
129 203 20 99 50 
130 203 19 104 18 
131 203 94 104 50 
132 203 92 48 104 
133 203 33 92 94 
134 203 104 94 92 
135 203 48 18 104 
136 203 104 19 50 
137 203 50 19 20 
138 203 105 25 46 
139 203 106 100 52 
140 203 26 46 25 
141 203 105 52 25 
142 203 107 36 100 
143 203 53 107 106 
144 203 100 106 107 
145 203 84 108 46 
146 203 109 53 108 
147 203 37 109 84 
148 203 108 84 109 
149 203 106 108 53 
150 203 105 46 108 
151 203 52 105 106 
152 203 108 106 105 
153 203 110 96 36 
154 203 111 49 96 
155 203 54 111 110 
156 203 96 110 111 
157 203 112 93 49 
158 203 113 33 93 
159 203 55 113 112 
160 203 93 112 113 
161 203 115 114 54 
162 203 116 55 114 
163 203 38 116 115 
164 203 114 115 116 
165 203 112 114 55 
166 203 111 54 114 
167 203 49 111 112 
168 203 114 112 111 
169 203 81 117 37 
170 203 118 56 117 
171 203 44 118 81 
172 203 117 81 118 
173 203 120 119 56 
174 203 121 38 119 
175 203 57 121 120 
176 203 119 120 121 
177 203 77 122 44 
178 203 123 57 122 
179 203 34 123 77 
180 203 122 77 123 
181 203 120 122 57 
182 203 118 44 122 
183 203 56 118 120 
184 203 122 120 118 
185 203 115 119 38 
186 203 124 56 119 
187 203 54 124 115 
188 203 119 115 124 
189 203 125 117 56 
190 203 109 37 117 
191 203 53 109 125 
192 203 117 125 109 
193 203 110 126 54 
194 203 107 53 126 
195 203 36 107 110 
196 203 126 110 107 
197 203 125 126 53 
198 203 124 54 126 
199 203 56 124 125 
200 203 126 125 124 
201 203 127 90 33 
202 203 128 47 90 
203 203 58 128 127 
204 203 90 127 128 
205 203 129 88 47 
206 203 59 130 129 
207 203 88 129 130 
208 203 132 131 58 
209 203 133 59 131 
210 203 39 133 132 
211 203 131 132 133 
212 203 129 131 59 
213 203 128 58 131 
214 203 47 128 129 
215 203 131 129 128 
216 203 135 134 39 
217 203 136 60 134 
218 203 61 136 135 
219 203 134 135 136 
220 203 138 137 60 
221 203 11 12 137 
222 203 137 138 11 
223 203 140 139 61 
224 203 11 138 139 
225 203 35 70 140 
226 203 139 140 70 
227 203 139 70 10 
228 203 136 61 139 
229 203 60 136 138 
230 203 139 138 136 
231 203 141 60 137 
232 203 13 141 137 
233 203 137 12 13 
234 203 14 143 13 
235 203 142 134 60 
236 203 133 39 134 
237 203 59 133 142 
238 203 134 142 133 
239 203 130 59 143 
240 203 15 130 14 
241 203 143 14 130 
242 203 142 143 59 
243 203 141 13 143 
244 203 60 141 142 
245 203 143 142 141 
246 203 74 144 34 
247 203 145 62 144 
248 203 41 145 74 
249 203 144 74 145 
250 203 147 146 62 
251 203 148 40 146 
252 203 63 148 147 
253 203 146 147 148 
254 203 71 149 41 
255 203 150 63 149 
256 203 71 3 150 
257 203 149 71 150 
258 203 147 149 63 
259 203 145 41 149 
260 203 62 145 147 
261 203 149 147 145 
262 203 152 151 40 
263 203 153 64 151 
264 203 65 153 152 
265 203 151 152 153 
266 203 155 154 64 
267 203 69 35 154 
268 203 154 155 69 
269 203 157 156 65 
270 203 7 156 157 
271 203 155 156 7 
272 203 157 6 7 
273 203 8 69 155 
274 203 153 65 156 
275 203 64 153 155 
276 203 156 155 153 
277 203 65 158 157 
278 203 158 159 5 
279 203 157 158 5 
280 203 5 6 157 
281 203 159 150 4 
282 203 5 159 4 
283 203 63 150 159 
284 203 152 160 65 
285 203 148 63 160 
286 203 40 148 152 
287 203 160 152 148 
288 203 159 160 63 
289 203 158 65 160 
290 203 160 159 158 
291 203 140 154 35 
292 203 161 64 154 
293 203 61 161 140 
294 203 154 140 161 
295 203 162 151 64 
296 203 163 40 151 
297 203 66 163 162 
298 203 151 162 163 
299 203 135 164 61 
300 203 165 66 164 
301 203 39 165 135 
302 203 164 135 165 
303 203 162 164 66 
304 203 161 61 164 
305 203 64 161 162 
306 203 164 162 161 
307 203 166 146 40 
308 203 167 62 146 
309 203 67 167 166 
310 203 146 166 167 
311 203 168 144 62 
312 203 123 34 144 
313 203 57 123 168 
314 203 144 168 123 
315 203 170 169 67 
316 203 121 57 169 
317 203 38 121 170 
318 203 169 170 121 
319 203 168 169 57 
320 203 167 67 169 
321 203 62 167 168 
322 203 169 168 167 
323 203 132 171 39 
324 203 172 68 171 
325 203 58 172 132 
326 203 171 132 172 
327 203 174 173 68 
328 203 116 38 173 
329 203 55 116 174 
330 203 173 174 116 
331 203 127 175 58 
332 203 113 55 175 
333 203 33 113 127 
334 203 175 127 113 
335 203 174 175 55 
336 203 172 58 175 
337 203 68 172 174 
338 203 175 174 172 
339 203 170 173 38 
340 203 176 68 173 
341 203 67 176 170 
342 203 173 170 176 
343 203 177 171 68 
344 203 165 39 171 
345 203 66 165 177 
346 203 171 177 165 
347 203 166 178 67 
348 203 163 66 178 
349 203 40 163 166 
350 203 178 166 163 
351 203 177 178 66 
352 203 176 67 178 
353 203 68 176 177 
354 203 178 177 176 
