636 1272
1 0.00000000000000e+00 0.00000000000000e+00 0.00000000000000e+00
2 5.00000000000000e+00 0.00000000000000e+00 0.00000000000000e+00
3 0.00000000000000e+00 1.00000000000000e+00 0.00000000000000e+00
4 5.00000000000000e+00 1.00000000000000e+00 0.00000000000000e+00
5 1.12500000000000e+00 5.00000000000000e-01 0.00000000000000e+00
6 9.99999999999985e-02 0.00000000000000e+00 0.00000000000000e+00
7 1.99999999999997e-01 0.00000000000000e+00 0.00000000000000e+00
8 2.99999999999996e-01 0.00000000000000e+00 0.00000000000000e+00
9 3.99999999999995e-01 0.00000000000000e+00 0.00000000000000e+00
10 4.99999999999994e-01 0.00000000000000e+00 0.00000000000000e+00
11 5.99999999999993e-01 0.00000000000000e+00 0.00000000000000e+00
12 6.99999999999991e-01 0.00000000000000e+00 0.00000000000000e+00
13 7.99999999999990e-01 0.00000000000000e+00 0.00000000000000e+00
14 8.99999999999989e-01 0.00000000000000e+00 0.00000000000000e+00
15 9.99999999999987e-01 0.00000000000000e+00 0.00000000000000e+00
16 1.09999999999999e+00 0.00000000000000e+00 0.00000000000000e+00
17 1.19999999999999e+00 0.00000000000000e+00 0.00000000000000e+00
18 1.29999999999998e+00 0.00000000000000e+00 0.00000000000000e+00
19 1.39999999999998e+00 0.00000000000000e+00 0.00000000000000e+00
20 1.49999999999998e+00 0.00000000000000e+00 0.00000000000000e+00
21 1.59999999999998e+00 0.00000000000000e+00 0.00000000000000e+00
22 1.69999999999998e+00 0.00000000000000e+00 0.00000000000000e+00
23 1.79999999999998e+00 0.00000000000000e+00 0.00000000000000e+00
24 1.89999999999998e+00 0.00000000000000e+00 0.00000000000000e+00
25 1.99999999999998e+00 0.00000000000000e+00 0.00000000000000e+00
26 2.09999999999998e+00 0.00000000000000e+00 0.00000000000000e+00
27 2.19999999999998e+00 0.00000000000000e+00 0.00000000000000e+00
28 2.29999999999998e+00 0.00000000000000e+00 0.00000000000000e+00
29 2.39999999999998e+00 0.00000000000000e+00 0.00000000000000e+00
30 2.49999999999998e+00 0.00000000000000e+00 0.00000000000000e+00
31 2.59999999999998e+00 0.00000000000000e+00 0.00000000000000e+00
32 2.69999999999998e+00 0.00000000000000e+00 0.00000000000000e+00
33 2.79999999999998e+00 0.00000000000000e+00 0.00000000000000e+00
34 2.89999999999998e+00 0.00000000000000e+00 0.00000000000000e+00
35 2.99999999999999e+00 0.00000000000000e+00 0.00000000000000e+00
36 3.09999999999999e+00 0.00000000000000e+00 0.00000000000000e+00
37 3.19999999999999e+00 0.00000000000000e+00 0.00000000000000e+00
38 3.29999999999999e+00 0.00000000000000e+00 0.00000000000000e+00
39 3.39999999999999e+00 0.00000000000000e+00 0.00000000000000e+00
40 3.49999999999999e+00 0.00000000000000e+00 0.00000000000000e+00
41 3.59999999999999e+00 0.00000000000000e+00 0.00000000000000e+00
42 3.69999999999999e+00 0.00000000000000e+00 0.00000000000000e+00
43 3.79999999999999e+00 0.00000000000000e+00 0.00000000000000e+00
44 3.89999999999999e+00 0.00000000000000e+00 0.00000000000000e+00
45 3.99999999999999e+00 0.00000000000000e+00 0.00000000000000e+00
46 4.09999999999999e+00 0.00000000000000e+00 0.00000000000000e+00
47 4.19999999999999e+00 0.00000000000000e+00 0.00000000000000e+00
48 4.30000000000000e+00 0.00000000000000e+00 0.00000000000000e+00
49 4.40000000000000e+00 0.00000000000000e+00 0.00000000000000e+00
50 4.50000000000000e+00 0.00000000000000e+00 0.00000000000000e+00
51 4.60000000000000e+00 0.00000000000000e+00 0.00000000000000e+00
52 4.70000000000000e+00 0.00000000000000e+00 0.00000000000000e+00
53 4.80000000000000e+00 0.00000000000000e+00 0.00000000000000e+00
54 4.90000000000000e+00 0.00000000000000e+00 0.00000000000000e+00
55 0.00000000000000e+00 9.00000000000002e-01 0.00000000000000e+00
56 0.00000000000000e+00 8.00000000000003e-01 0.00000000000000e+00
57 0.00000000000000e+00 7.00000000000003e-01 0.00000000000000e+00
58 0.00000000000000e+00 6.00000000000003e-01 0.00000000000000e+00
59 0.00000000000000e+00 5.00000000000003e-01 0.00000000000000e+00
60 0.00000000000000e+00 4.00000000000002e-01 0.00000000000000e+00
61 0.00000000000000e+00 3.00000000000002e-01 0.00000000000000e+00
62 0.00000000000000e+00 2.00000000000001e-01 0.00000000000000e+00
63 0.00000000000000e+00 1.00000000000001e-01 0.00000000000000e+00
64 5.00000000000000e+00 9.99999999999983e-02 0.00000000000000e+00
65 5.00000000000000e+00 1.99999999999997e-01 0.00000000000000e+00
66 5.00000000000000e+00 2.99999999999997e-01 0.00000000000000e+00
67 5.00000000000000e+00 3.99999999999997e-01 0.00000000000000e+00
68 5.00000000000000e+00 4.99999999999998e-01 0.00000000000000e+00
69 5.00000000000000e+00 5.99999999999998e-01 0.00000000000000e+00
70 5.00000000000000e+00 6.99999999999999e-01 0.00000000000000e+00
71 5.00000000000000e+00 7.99999999999999e-01 0.00000000000000e+00
72 5.00000000000000e+00 8.99999999999999e-01 0.00000000000000e+00
73 4.90000000000000e+00 1.00000000000000e+00 0.00000000000000e+00
74 4.80000000000000e+00 1.00000000000000e+00 0.00000000000000e+00
75 4.70000000000000e+00 1.00000000000000e+00 0.00000000000000e+00
76 4.60000000000001e+00 1.00000000000000e+00 0.00000000000000e+00
77 4.50000000000001e+00 1.00000000000000e+00 0.00000000000000e+00
78 4.40000000000001e+00 1.00000000000000e+00 0.00000000000000e+00
79 4.30000000000001e+00 1.00000000000000e+00 0.00000000000000e+00
80 4.20000000000001e+00 1.00000000000000e+00 0.00000000000000e+00
81 4.10000000000001e+00 1.00000000000000e+00 0.00000000000000e+00
82 4.00000000000002e+00 1.00000000000000e+00 0.00000000000000e+00
83 3.90000000000002e+00 1.00000000000000e+00 0.00000000000000e+00
84 3.80000000000002e+00 1.00000000000000e+00 0.00000000000000e+00
85 3.70000000000002e+00 1.00000000000000e+00 0.00000000000000e+00
86 3.60000000000002e+00 1.00000000000000e+00 0.00000000000000e+00
87 3.50000000000002e+00 1.00000000000000e+00 0.00000000000000e+00
88 3.40000000000002e+00 1.00000000000000e+00 0.00000000000000e+00
89 3.30000000000002e+00 1.00000000000000e+00 0.00000000000000e+00
90 3.20000000000002e+00 1.00000000000000e+00 0.00000000000000e+00
91 3.10000000000002e+00 1.00000000000000e+00 0.00000000000000e+00
92 3.00000000000002e+00 1.00000000000000e+00 0.00000000000000e+00
93 2.90000000000002e+00 1.00000000000000e+00 0.00000000000000e+00
94 2.80000000000002e+00 1.00000000000000e+00 0.00000000000000e+00
95 2.70000000000002e+00 1.00000000000000e+00 0.00000000000000e+00
96 2.60000000000002e+00 1.00000000000000e+00 0.00000000000000e+00
97 2.50000000000002e+00 1.00000000000000e+00 0.00000000000000e+00
98 2.40000000000002e+00 1.00000000000000e+00 0.00000000000000e+00
99 2.30000000000002e+00 1.00000000000000e+00 0.00000000000000e+00
100 2.20000000000002e+00 1.00000000000000e+00 0.00000000000000e+00
101 2.10000000000002e+00 1.00000000000000e+00 0.00000000000000e+00
102 2.00000000000002e+00 1.00000000000000e+00 0.00000000000000e+00
103 1.90000000000002e+00 1.00000000000000e+00 0.00000000000000e+00
104 1.80000000000001e+00 1.00000000000000e+00 0.00000000000000e+00
105 1.70000000000001e+00 1.00000000000000e+00 0.00000000000000e+00
106 1.60000000000001e+00 1.00000000000000e+00 0.00000000000000e+00
107 1.50000000000001e+00 1.00000000000000e+00 0.00000000000000e+00
108 1.40000000000001e+00 1.00000000000000e+00 0.00000000000000e+00
109 1.30000000000001e+00 1.00000000000000e+00 0.00000000000000e+00
110 1.20000000000001e+00 1.00000000000000e+00 0.00000000000000e+00
111 1.10000000000001e+00 1.00000000000000e+00 0.00000000000000e+00
112 1.00000000000001e+00 1.00000000000000e+00 0.00000000000000e+00
113 9.00000000000007e-01 1.00000000000000e+00 0.00000000000000e+00
114 8.00000000000008e-01 1.00000000000000e+00 0.00000000000000e+00
115 7.00000000000005e-01 1.00000000000000e+00 0.00000000000000e+00
116 6.00000000000005e-01 1.00000000000000e+00 0.00000000000000e+00
117 5.00000000000004e-01 1.00000000000000e+00 0.00000000000000e+00
118 4.00000000000004e-01 1.00000000000000e+00 0.00000000000000e+00
119 3.00000000000002e-01 1.00000000000000e+00 0.00000000000000e+00
120 2.00000000000002e-01 1.00000000000000e+00 0.00000000000000e+00
121 1.00000000000001e-01 1.00000000000000e+00 0.00000000000000e+00
122 1.10531682023955e+00 5.67330285716244e-01 0.00000000000000e+00
123 1.05247207090855e+00 6.13453434388599e-01 0.00000000000000e+00
124 9.84608319837962e-01 6.24048765337627e-01 0.00000000000000e+00
125 9.20806772924599e-01 5.96713146910769e-01 0.00000000000000e+00
126 8.80596613319698e-01 5.36984202698914e-01 0.00000000000000e+00
127 8.80206567699485e-01 4.64299389673818e-01 0.00000000000000e+00
128 9.19292840173181e-01 4.04546585432011e-01 0.00000000000000e+00
129 9.82014860212912e-01 3.76300627540642e-01 0.00000000000000e+00
130 1.05081476548378e+00 3.85794660331364e-01 0.00000000000000e+00
131 1.10397217490665e+00 4.30611334894085e-01 0.00000000000000e+00
132 1.38257876531123e-01 8.80040570154531e-02 0.00000000000000e+00
133 3.49044415143037e-01 8.62748503608486e-02 0.00000000000000e+00
134 5.49947564663693e-01 8.24806588773197e-02 0.00000000000000e+00
135 7.51975503370952e-01 8.34804623485974e-02 0.00000000000000e+00
136 9.55322898951090e-01 8.33443123601548e-02 0.00000000000000e+00
137 1.15327243840026e+00 8.42233340227433e-02 0.00000000000000e+00
138 1.35113664705379e+00 8.71345781862082e-02 0.00000000000000e+00
139 1.55008668235908e+00 9.06434310948565e-02 0.00000000000000e+00
140 1.75029207950303e+00 9.10271107480403e-02 0.00000000000000e+00
141 1.95064986340169e+00 8.92403263489008e-02 0.00000000000000e+00
142 2.15070415674332e+00 8.82057825732681e-02 0.00000000000000e+00
143 2.35034047336150e+00 8.88778454904586e-02 0.00000000000000e+00
144 2.55029245534422e+00 8.89815875870738e-02 0.00000000000000e+00
145 2.75058924593765e+00 8.98994542996962e-02 0.00000000000000e+00
146 2.95038430092148e+00 8.91131304698414e-02 0.00000000000000e+00
147 3.15044973387245e+00 8.79392972421605e-02 0.00000000000000e+00
148 3.35055299544550e+00 8.95860796033149e-02 0.00000000000000e+00
149 3.55023109462276e+00 9.01164373275860e-02 0.00000000000000e+00
150 3.74985514138643e+00 8.80915455853656e-02 0.00000000000000e+00
151 3.94957063971267e+00 8.78102597300300e-02 0.00000000000000e+00
152 4.14945976395247e+00 9.01636222100152e-02 0.00000000000000e+00
153 4.35043504899128e+00 9.28468502812027e-02 0.00000000000000e+00
154 4.55124299029726e+00 9.16587085445533e-02 0.00000000000000e+00
155 4.74879927425349e+00 8.83139962051089e-02 0.00000000000000e+00
156 8.36327973520565e-02 8.57715885511042e-01 0.00000000000000e+00
157 8.28872835787680e-02 6.49642062508976e-01 0.00000000000000e+00
158 8.44358198986019e-02 4.51026088465428e-01 0.00000000000000e+00
159 8.88594522892907e-02 2.53447557824777e-01 0.00000000000000e+00
160 4.91321925923655e+00 1.36651688900489e-01 0.00000000000000e+00
161 4.91250481382451e+00 3.46092843166686e-01 0.00000000000000e+00
162 4.91469431785111e+00 5.46684611443599e-01 0.00000000000000e+00
163 4.91148730676517e+00 7.45352301437280e-01 0.00000000000000e+00
164 4.86121688843612e+00 9.10826562694102e-01 0.00000000000000e+00
165 4.65058925608428e+00 9.09892226074905e-01 0.00000000000000e+00
166 4.44905650405485e+00 9.12990749968358e-01 0.00000000000000e+00
167 4.25006265219733e+00 9.11770048253494e-01 0.00000000000000e+00
168 4.05047468685660e+00 9.09811188916646e-01 0.00000000000000e+00
169 3.85025364922727e+00 9.08858121166678e-01 0.00000000000000e+00
170 3.65001659553162e+00 9.10610613146196e-01 0.00000000000000e+00
171 3.44976728175036e+00 9.11887255453341e-01 0.00000000000000e+00
172 3.24962977765568e+00 9.10234309755409e-01 0.00000000000000e+00
173 3.04976927797130e+00 9.09676930166403e-01 0.00000000000000e+00
174 2.84965731276943e+00 9.11310415403685e-01 0.00000000000000e+00
175 2.64952710607735e+00 9.11412368397742e-01 0.00000000000000e+00
176 2.44984645267865e+00 9.11050969037982e-01 0.00000000000000e+00
177 2.24943227112510e+00 9.10551475003178e-01 0.00000000000000e+00
178 2.04927252423113e+00 9.09819796738335e-01 0.00000000000000e+00
179 1.84935477168195e+00 9.11274169092960e-01 0.00000000000000e+00
180 1.64943894352277e+00 9.12852074132797e-01 0.00000000000000e+00
181 1.44935660754228e+00 9.13218192336956e-01 0.00000000000000e+00
182 1.24995295268118e+00 9.17272861711150e-01 0.00000000000000e+00
183 1.05126406182477e+00 9.20996108841586e-01 0.00000000000000e+00
184 8.52636681768863e-01 9.16194173517825e-01 0.00000000000000e+00
185 6.51757073543591e-01 9.13467058224446e-01 0.00000000000000e+00
186 4.53200226614129e-01 9.16679994304256e-01 0.00000000000000e+00
187 2.62231558073541e-01 9.18246040778394e-01 0.00000000000000e+00
188 1.68842340324083e-01 9.03328296867170e-01 0.00000000000000e+00
189 1.17427126824391e+00 5.46601816038715e-01 0.00000000000000e+00
190 1.12094747311360e+00 6.32392562684924e-01 0.00000000000000e+00
191 1.01439089281018e+00 6.87004800232724e-01 0.00000000000000e+00
192 9.34861849949616e-01 6.78833227917275e-01 0.00000000000000e+00
193 8.48256910711814e-01 5.99380435326592e-01 0.00000000000000e+00
194 8.21931774620468e-01 4.99884817380724e-01 0.00000000000000e+00
195 8.48620571990310e-01 4.01431030228966e-01 0.00000000000000e+00
196 9.38065680895892e-01 3.21733429608531e-01 0.00000000000000e+00
197 1.01996608183803e+00 3.18411668730675e-01 0.00000000000000e+00
198 1.09783563503829e+00 3.36538674018894e-01 0.00000000000000e+00
199 1.17006391508447e+00 4.39292353715497e-01 0.00000000000000e+00
200 2.44595333886701e-01 9.07519919697101e-02 0.00000000000000e+00
201 4.50409531971499e-01 8.40226566296927e-02 0.00000000000000e+00
202 6.49579202221765e-01 8.05974570917218e-02 0.00000000000000e+00
203 8.53825385100704e-01 8.55174054900248e-02 0.00000000000000e+00
204 1.05508889628071e+00 8.36213881617298e-02 0.00000000000000e+00
205 1.25199060821793e+00 8.48292329597692e-02 0.00000000000000e+00
206 1.45019977527066e+00 8.96194271715320e-02 0.00000000000000e+00
207 1.65017367111512e+00 9.13236212008398e-02 0.00000000000000e+00
208 1.85050114321897e+00 9.02170355870180e-02 0.00000000000000e+00
209 2.05065417082598e+00 8.83940332326518e-02 0.00000000000000e+00
210 2.25056645087734e+00 8.84864075007399e-02 0.00000000000000e+00
211 2.45013512531982e+00 8.88683633186778e-02 0.00000000000000e+00
212 2.65048886040758e+00 8.93533499226205e-02 0.00000000000000e+00
213 2.85048689800017e+00 8.98094260366038e-02 0.00000000000000e+00
214 3.05032465863571e+00 8.81835346508698e-02 0.00000000000000e+00
215 3.25055033095672e+00 8.85031800370800e-02 0.00000000000000e+00
216 3.45040314061490e+00 9.02278137332065e-02 0.00000000000000e+00
217 3.65003533007463e+00 8.91357091572632e-02 0.00000000000000e+00
218 3.84973228563554e+00 8.75103444403756e-02 0.00000000000000e+00
219 4.04944578462822e+00 8.87419691183033e-02 0.00000000000000e+00
220 4.24982719743664e+00 9.15829400421956e-02 0.00000000000000e+00
221 4.45099532653716e+00 9.29025780049079e-02 0.00000000000000e+00
222 4.65064787363246e+00 8.91328336656937e-02 0.00000000000000e+00
223 4.83711937182100e+00 8.24523552427463e-02 0.00000000000000e+00
224 8.18904495335264e-02 7.50587421404317e-01 0.00000000000000e+00
225 8.34723443741310e-02 5.49942529220139e-01 0.00000000000000e+00
226 8.60785754450077e-02 3.51733123333662e-01 0.00000000000000e+00
227 8.41494164609973e-02 1.64481638199624e-01 0.00000000000000e+00
228 4.91051587491385e+00 2.42255856655302e-01 0.00000000000000e+00
229 4.91283616452002e+00 4.46830542276615e-01 0.00000000000000e+00
230 4.91464227020986e+00 6.46965876423618e-01 0.00000000000000e+00
231 4.91534025941446e+00 8.34440144090005e-01 0.00000000000000e+00
232 4.75475786876708e+00 9.06219793145345e-01 0.00000000000000e+00
233 4.54916321704346e+00 9.12284460443353e-01 0.00000000000000e+00
234 4.34954430558956e+00 9.12550327647491e-01 0.00000000000000e+00
235 4.15038479571317e+00 9.10750680600869e-01 0.00000000000000e+00
236 3.95039028700386e+00 9.08972701875253e-01 0.00000000000000e+00
237 3.75011869219151e+00 9.09497167514179e-01 0.00000000000000e+00
238 3.54991332313195e+00 9.11534096405195e-01 0.00000000000000e+00
239 3.34961924236844e+00 9.11255134230116e-01 0.00000000000000e+00
240 3.14969586301275e+00 9.09480286482333e-01 0.00000000000000e+00
241 2.94973000075727e+00 9.10403016227982e-01 0.00000000000000e+00
242 2.74950230660320e+00 9.11605173380711e-01 0.00000000000000e+00
243 2.54968573120403e+00 9.11045610020989e-01 0.00000000000000e+00
244 2.34967893299725e+00 9.10959181298504e-01 0.00000000000000e+00
245 2.14924440256028e+00 9.09867183634927e-01 0.00000000000000e+00
246 1.94929374517280e+00 9.10340128293837e-01 0.00000000000000e+00
247 1.74948047830092e+00 9.12280163312094e-01 0.00000000000000e+00
248 1.54939904805875e+00 9.12980181162550e-01 0.00000000000000e+00
249 1.34958170407652e+00 9.14566456259094e-01 0.00000000000000e+00
250 1.15045849294104e+00 9.19977049864439e-01 0.00000000000000e+00
251 9.52222014000427e-01 9.19545630058744e-01 0.00000000000000e+00
252 7.52373354945502e-01 9.13417790020674e-01 0.00000000000000e+00
253 5.51636049305012e-01 9.15043837307723e-01 0.00000000000000e+00
254 3.56445216848313e-01 9.17724218978041e-01 0.00000000000000e+00
255 1.18687510866203e+00 6.09498112059071e-01 0.00000000000000e+00
256 1.21650902205734e+00 4.89650296928928e-01 0.00000000000000e+00
257 1.09111240739240e+00 6.91779722905621e-01 0.00000000000000e+00
258 8.56365402464622e-01 6.69592378083842e-01 0.00000000000000e+00
259 7.98377766627085e-01 5.60749621448039e-01 0.00000000000000e+00
260 7.87460459456115e-01 4.37127079828368e-01 0.00000000000000e+00
261 8.65619808888525e-01 3.32982875672373e-01 0.00000000000000e+00
262 1.16907305423324e+00 3.65007621911913e-01 0.00000000000000e+00
263 4.59656119440274e+00 8.23621040829500e-01 0.00000000000000e+00
264 5.99496184543640e-01 1.63382143953968e-01 0.00000000000000e+00
265 1.69607570861690e-01 4.03967602000211e-01 0.00000000000000e+00
266 8.06330719905856e-01 1.75375663749900e-01 0.00000000000000e+00
267 4.03140387576745e-01 1.68727702092460e-01 0.00000000000000e+00
268 1.01186700522068e+00 1.65612011396374e-01 0.00000000000000e+00
269 1.20375879079321e+00 1.68193264464580e-01 0.00000000000000e+00
270 1.39911776308243e+00 1.78844671272170e-01 0.00000000000000e+00
271 1.59990411563211e+00 1.82621311080203e-01 0.00000000000000e+00
272 1.80129371903681e+00 1.81585961048379e-01 0.00000000000000e+00
273 2.00183940455463e+00 1.77442976685016e-01 0.00000000000000e+00
274 2.20141978687374e+00 1.76522307543842e-01 0.00000000000000e+00
275 2.40028384520122e+00 1.78170722530082e-01 0.00000000000000e+00
276 2.60073262683299e+00 1.78075331005306e-01 0.00000000000000e+00
277 2.80125989021210e+00 1.80445268786820e-01 0.00000000000000e+00
278 3.00106234532165e+00 1.77182287818586e-01 0.00000000000000e+00
279 3.20085498926233e+00 1.75843706975590e-01 0.00000000000000e+00
280 3.40073883383640e+00 1.80485970945720e-01 0.00000000000000e+00
281 3.60073657885242e+00 1.79774418515270e-01 0.00000000000000e+00
282 3.79977953209312e+00 1.75111933199043e-01 0.00000000000000e+00
283 3.99842328845013e+00 1.76324621794920e-01 0.00000000000000e+00
284 4.19815188519880e+00 1.81789885969384e-01 0.00000000000000e+00
285 4.40158868158209e+00 1.86820097196967e-01 0.00000000000000e+00
286 4.60442835031222e+00 1.81484315004916e-01 0.00000000000000e+00
287 4.81406225065523e+00 1.80953726631010e-01 0.00000000000000e+00
288 1.65762694307447e-01 6.98859748901166e-01 0.00000000000000e+00
289 5.01978342487281e-01 1.67321799533614e-01 0.00000000000000e+00
290 1.68531375788675e-01 5.01212444191665e-01 0.00000000000000e+00
291 1.85578410476994e-01 1.90906810047934e-01 0.00000000000000e+00
292 4.82683932896226e+00 2.93569733556761e-01 0.00000000000000e+00
293 9.72139835849136e-01 2.44267015496818e-01 0.00000000000000e+00
294 4.69887975134318e+00 8.17328828536588e-01 0.00000000000000e+00
295 4.82634667212005e+00 4.94856927220812e-01 0.00000000000000e+00
296 4.82808935140175e+00 6.94576937705984e-01 0.00000000000000e+00
297 2.99987223597416e-01 1.74439366003618e-01 0.00000000000000e+00
298 1.61512971214330e-01 7.97573547814345e-01 0.00000000000000e+00
299 4.39859835064542e+00 8.25681619229445e-01 0.00000000000000e+00
300 4.20116121340250e+00 8.22445760342890e-01 0.00000000000000e+00
301 4.00138134190052e+00 8.18454050939145e-01 0.00000000000000e+00
302 3.80007733861968e+00 8.17726472428970e-01 0.00000000000000e+00
303 3.59950556451628e+00 8.22352567803237e-01 0.00000000000000e+00
304 3.39952354307017e+00 8.23744437562567e-01 0.00000000000000e+00
305 3.19955903150890e+00 8.18946262178739e-01 0.00000000000000e+00
306 2.99913733480136e+00 8.19661576728289e-01 0.00000000000000e+00
307 2.79892266635541e+00 8.23457801384241e-01 0.00000000000000e+00
308 2.59921815920704e+00 8.22136459541554e-01 0.00000000000000e+00
309 2.39975482716957e+00 8.22260474673731e-01 0.00000000000000e+00
310 2.19870646211918e+00 8.20189622585020e-01 0.00000000000000e+00
311 1.99813074243224e+00 8.19622115709906e-01 0.00000000000000e+00
312 1.79833989331348e+00 8.23603772315556e-01 0.00000000000000e+00
313 1.59880151702904e+00 8.26094736757732e-01 0.00000000000000e+00
314 1.39809610176300e+00 8.26602850229978e-01 0.00000000000000e+00
315 1.19868432900366e+00 8.37816814523728e-01 0.00000000000000e+00
316 1.00437824022923e+00 8.41704596717669e-01 0.00000000000000e+00
317 8.07330095664227e-01 8.28192561993068e-01 0.00000000000000e+00
318 6.00872542942528e-01 8.28620102810053e-01 0.00000000000000e+00
319 4.06475727566515e-01 8.34220203959530e-01 0.00000000000000e+00
320 4.81323149787034e+00 8.04858413032904e-01 0.00000000000000e+00
321 9.12845347306863e-01 1.66666875200040e-01 0.00000000000000e+00
322 1.06528122879212e+00 2.49834918993965e-01 0.00000000000000e+00
323 6.97241051196982e-01 1.58119678386220e-01 0.00000000000000e+00
324 9.63567706459708e-01 7.60544293103673e-01 0.00000000000000e+00
325 4.82424876608034e+00 3.94611457026657e-01 0.00000000000000e+00
326 1.10926790705059e+00 1.69757263629422e-01 0.00000000000000e+00
327 1.30240461375284e+00 1.70735683984129e-01 0.00000000000000e+00
328 1.49960336217039e+00 1.80389580297261e-01 0.00000000000000e+00
329 1.70054847851671e+00 1.83116633161646e-01 0.00000000000000e+00
330 1.90178249853475e+00 1.79410285806331e-01 0.00000000000000e+00
331 2.10155470699671e+00 1.76081524757236e-01 0.00000000000000e+00
332 2.30086694357341e+00 1.77743125592494e-01 0.00000000000000e+00
333 2.50016921783438e+00 1.77546657911685e-01 0.00000000000000e+00
334 2.70110238635383e+00 1.79509753036854e-01 0.00000000000000e+00
335 2.90129140115485e+00 1.79473871794227e-01 0.00000000000000e+00
336 3.10084187786394e+00 1.75465937956412e-01 0.00000000000000e+00
337 3.30085762852669e+00 1.78198598822636e-01 0.00000000000000e+00
338 3.50079044762495e+00 1.81243691955734e-01 0.00000000000000e+00
339 3.70036887746784e+00 1.77175981968085e-01 0.00000000000000e+00
340 3.89916687137748e+00 1.74766051659361e-01 0.00000000000000e+00
341 4.09789460954786e+00 1.78775322296883e-01 0.00000000000000e+00
342 4.29955135933730e+00 1.84816771742731e-01 0.00000000000000e+00
343 4.50365553375355e+00 1.85679187354883e-01 0.00000000000000e+00
344 4.70352415299219e+00 1.74455209340602e-01 0.00000000000000e+00
345 1.65856086584793e-01 5.98781657144942e-01 0.00000000000000e+00
346 1.73815843898036e-01 3.03167174992267e-01 0.00000000000000e+00
347 4.83257707389204e+00 5.93451445588347e-01 0.00000000000000e+00
348 4.49690852178882e+00 8.26260123117121e-01 0.00000000000000e+00
349 3.90075743782238e+00 8.17161716529443e-01 0.00000000000000e+00
350 4.10159602393014e+00 8.20395364535060e-01 0.00000000000000e+00
351 4.30012227531530e+00 8.24266353127708e-01 0.00000000000000e+00
352 3.69958649885771e+00 8.19825389510653e-01 0.00000000000000e+00
353 3.49953786324585e+00 8.24091147468845e-01 0.00000000000000e+00
354 3.29957068426521e+00 8.21451510556530e-01 0.00000000000000e+00
355 3.09941357736618e+00 8.18418282792983e-01 0.00000000000000e+00
356 2.89898964239234e+00 8.21878694650515e-01 0.00000000000000e+00
357 2.69884545770506e+00 8.23257793191488e-01 0.00000000000000e+00
358 2.49970204540525e+00 8.21688094750668e-01 0.00000000000000e+00
359 2.29923395305045e+00 8.21903256521640e-01 0.00000000000000e+00
360 2.09834445295607e+00 8.18967824464051e-01 0.00000000000000e+00
361 1.89810113244073e+00 8.21397439010786e-01 0.00000000000000e+00
362 1.69872502488282e+00 8.25535579393742e-01 0.00000000000000e+00
363 1.49857645470344e+00 8.25817760820723e-01 0.00000000000000e+00
364 1.29804084021442e+00 8.31024762096615e-01 0.00000000000000e+00
365 1.10068576284822e+00 8.42250632512349e-01 0.00000000000000e+00
366 9.07749967042611e-01 8.36713232907924e-01 0.00000000000000e+00
367 7.04139901198831e-01 8.25234314214340e-01 0.00000000000000e+00
368 5.02012700785638e-01 8.31438550280598e-01 0.00000000000000e+00
369 3.13913877916641e-01 8.35065456448180e-01 0.00000000000000e+00
370 2.31800738071872e-01 8.39372419739176e-01 0.00000000000000e+00
371 1.24293248672648e+00 4.11828772759431e-01 0.00000000000000e+00
372 1.17941629780630e+00 6.86444201946491e-01 0.00000000000000e+00
373 7.75845768649365e-01 6.36833648204376e-01 0.00000000000000e+00
374 7.47756585291086e-01 5.07751543910820e-01 0.00000000000000e+00
375 7.85159456648107e-01 3.54462310688786e-01 0.00000000000000e+00
376 1.16266234958894e+00 2.65214289658150e-01 0.00000000000000e+00
377 1.25774745466394e+00 5.59608689080260e-01 0.00000000000000e+00
378 4.74261141468945e+00 5.46949576602995e-01 0.00000000000000e+00
379 1.05295943879708e+00 7.65418459449502e-01 0.00000000000000e+00
380 2.04659704801575e+00 7.27100136175757e-01 0.00000000000000e+00
381 1.75221867954500e+00 2.75002169069498e-01 0.00000000000000e+00
382 1.44875346682055e+00 2.67988783516724e-01 0.00000000000000e+00
383 1.34205921567885e+00 2.73484256290361e-01 0.00000000000000e+00
384 1.64991092001739e+00 2.76639072528337e-01 0.00000000000000e+00
385 2.52387125914422e-01 5.49956849784227e-01 0.00000000000000e+00
386 3.55212762008094e+00 2.72672381913162e-01 0.00000000000000e+00
387 2.05349809098374e+00 2.64513934262377e-01 0.00000000000000e+00
388 4.50752064896480e-01 7.48721129980237e-01 0.00000000000000e+00
389 2.25184042364970e+00 2.66233008762160e-01 0.00000000000000e+00
390 2.44999279357942e+00 2.67201082925653e-01 0.00000000000000e+00
391 2.65129289064809e+00 2.68376209464157e-01 0.00000000000000e+00
392 2.85277152752610e+00 2.71813265780450e-01 0.00000000000000e+00
393 3.05218252884274e+00 2.63755241694650e-01 0.00000000000000e+00
394 3.25055668658761e+00 2.64884044499153e-01 0.00000000000000e+00
395 3.45099943336463e+00 2.73649522248174e-01 0.00000000000000e+00
396 3.75106430744039e+00 2.63673658018382e-01 0.00000000000000e+00
397 3.94739634871977e+00 2.62594463804101e-01 0.00000000000000e+00
398 4.14434634794505e+00 2.70558741357427e-01 0.00000000000000e+00
399 4.34972334757671e+00 2.81393207702188e-01 0.00000000000000e+00
400 4.56142362625003e+00 2.78513349107748e-01 0.00000000000000e+00
401 2.44991337381989e+00 7.32534469061445e-01 0.00000000000000e+00
402 8.82582487160075e-01 2.50738589464913e-01 0.00000000000000e+00
403 4.73407306093430e+00 4.43540639741811e-01 0.00000000000000e+00
404 2.52575185823862e-01 3.62094271196184e-01 0.00000000000000e+00
405 8.71234994299428e-01 7.51899344961900e-01 0.00000000000000e+00
406 4.73599417172844e+00 3.41514263949588e-01 0.00000000000000e+00
407 4.44664448271748e+00 7.39070174350313e-01 0.00000000000000e+00
408 3.85043872513434e+00 7.24043491407598e-01 0.00000000000000e+00
409 2.44916944973641e-01 6.45498798894266e-01 0.00000000000000e+00
410 3.95250129084518e+00 7.25285969770495e-01 0.00000000000000e+00
411 3.44939093319230e+00 7.37607977232247e-01 0.00000000000000e+00
412 4.05385282626442e+00 7.28426845378123e-01 0.00000000000000e+00
413 4.54149304837799e+00 7.40539957924889e-01 0.00000000000000e+00
414 1.14505194897345e+00 7.63299952827357e-01 0.00000000000000e+00
415 2.64838349169957e+00 7.33595253165646e-01 0.00000000000000e+00
416 3.64769955430200e+00 7.30936847652600e-01 0.00000000000000e+00
417 3.54845678178335e+00 7.35727036099440e-01 0.00000000000000e+00
418 4.25238197283391e+00 7.34715997201172e-01 0.00000000000000e+00
419 3.25035325704056e+00 7.28719843739074e-01 0.00000000000000e+00
420 3.04800491594823e+00 7.26644332494306e-01 0.00000000000000e+00
421 2.74804827985972e+00 7.36379804148643e-01 0.00000000000000e+00
422 2.84752760609865e+00 7.34711418967303e-01 0.00000000000000e+00
423 2.54937473576678e+00 7.30916863895816e-01 0.00000000000000e+00
424 2.24855334068816e+00 7.31344822719908e-01 0.00000000000000e+00
425 2.14791474255480e+00 7.27535675278830e-01 0.00000000000000e+00
426 2.63738513017259e-01 2.64892109916968e-01 0.00000000000000e+00
427 1.84560567195467e+00 7.33021512641865e-01 0.00000000000000e+00
428 1.64798961110607e+00 7.39853619513384e-01 0.00000000000000e+00
429 1.44782523854144e+00 7.37674967935821e-01 0.00000000000000e+00
430 1.24319139471091e+00 7.51685474781624e-01 0.00000000000000e+00
431 7.63188247541883e-01 7.32175576502201e-01 0.00000000000000e+00
432 5.46006348522249e-01 7.45132240836946e-01 0.00000000000000e+00
433 4.15379326589713e+00 7.31463187907201e-01 0.00000000000000e+00
434 2.55041663555187e+00 2.65550487409046e-01 0.00000000000000e+00
435 1.54841999701127e+00 2.73857908033971e-01 0.00000000000000e+00
436 4.35006217761738e+00 7.37372292646385e-01 0.00000000000000e+00
437 2.35067964089693e+00 2.68985807193606e-01 0.00000000000000e+00
438 7.99561149054181e-01 2.74023624520479e-01 0.00000000000000e+00
439 1.95442761139108e+00 2.67991293606771e-01 0.00000000000000e+00
440 2.15245505787253e+00 2.63278585981924e-01 0.00000000000000e+00
441 4.63802589500510e+00 7.32305756613253e-01 0.00000000000000e+00
442 3.35029961190454e+00 2.70623981718646e-01 0.00000000000000e+00
443 2.95318697495158e+00 2.68324093383450e-01 0.00000000000000e+00
444 1.28192288049621e+00 6.52771874311566e-01 0.00000000000000e+00
445 1.25241290484360e+00 2.41194235786859e-01 0.00000000000000e+00
446 1.85399963147119e+00 2.71371017070152e-01 0.00000000000000e+00
447 2.54693268984899e-01 7.49426919440108e-01 0.00000000000000e+00
448 3.57845045819613e-01 7.55084414457376e-01 0.00000000000000e+00
449 2.75185789635106e+00 2.72082188554649e-01 0.00000000000000e+00
450 3.15127869095810e+00 2.61960324287738e-01 0.00000000000000e+00
451 3.84933545862070e+00 2.60944206045329e-01 0.00000000000000e+00
452 1.30584591380727e+00 4.77418884611936e-01 0.00000000000000e+00
453 3.65244088390505e+00 2.68648713776630e-01 0.00000000000000e+00
454 4.04509443616128e+00 2.66705244427315e-01 0.00000000000000e+00
455 4.24549479585131e+00 2.75375585340858e-01 0.00000000000000e+00
456 4.45516949029956e+00 2.81979342456262e-01 0.00000000000000e+00
457 4.66068999837923e+00 2.68939735934036e-01 0.00000000000000e+00
458 4.56468445458434e-01 2.52983354503186e-01 0.00000000000000e+00
459 2.55739189187637e-01 4.55965793645671e-01 0.00000000000000e+00
460 7.33353083727302e-01 2.28946971337872e-01 0.00000000000000e+00
461 4.74866335079515e+00 2.51245408239121e-01 0.00000000000000e+00
462 4.73238392983055e+00 7.22046034499350e-01 0.00000000000000e+00
463 1.94563637223273e+00 7.29721826831794e-01 0.00000000000000e+00
464 3.74856708364831e+00 7.26625954447393e-01 0.00000000000000e+00
465 3.35003462272836e+00 7.34371692785950e-01 0.00000000000000e+00
466 3.14948249789177e+00 7.25693915220181e-01 0.00000000000000e+00
467 2.94719828298339e+00 7.30577073779822e-01 0.00000000000000e+00
468 4.75818080690240e+00 6.36540747898615e-01 0.00000000000000e+00
469 2.34949877615242e+00 7.34283295870960e-01 0.00000000000000e+00
470 1.74704069731018e+00 7.37354763377950e-01 0.00000000000000e+00
471 1.54831561416344e+00 7.38955125903730e-01 0.00000000000000e+00
472 1.34452403506468e+00 7.40002220575903e-01 0.00000000000000e+00
473 6.47380049553787e-01 7.42429258520946e-01 0.00000000000000e+00
474 7.06217173367164e-01 4.51403182036964e-01 0.00000000000000e+00
475 1.25061335945537e+00 3.25036639578813e-01 0.00000000000000e+00
476 7.13389089728645e-01 5.78448745040204e-01 0.00000000000000e+00
477 7.04909367797653e-01 3.81128938722685e-01 0.00000000000000e+00
478 6.48490652499132e-01 2.40921007046872e-01 0.00000000000000e+00
479 3.61657636143303e-01 2.51649681843576e-01 0.00000000000000e+00
480 5.53899654274506e-01 2.50926245908162e-01 0.00000000000000e+00
481 1.35441044575114e+00 5.59562005526992e-01 0.00000000000000e+00
482 3.20006199698648e+00 3.48187515939016e-01 0.00000000000000e+00
483 3.26654695635049e-01 3.26193191653531e-01 0.00000000000000e+00
484 1.70214418091356e+00 3.71942888788620e-01 0.00000000000000e+00
485 4.28953812462105e+00 3.71256998035512e-01 0.00000000000000e+00
486 4.20729983087420e+00 6.43048980828813e-01 0.00000000000000e+00
487 1.99175553919398e+00 6.35925213958128e-01 0.00000000000000e+00
488 1.49348195486703e+00 3.64016772518831e-01 0.00000000000000e+00
489 3.17015851611815e-01 6.83472221803652e-01 0.00000000000000e+00
490 3.00735159810756e+00 3.55743343025578e-01 0.00000000000000e+00
491 3.80152847692464e+00 3.46901196258207e-01 0.00000000000000e+00
492 3.39893140075166e+00 3.67762111526438e-01 0.00000000000000e+00
493 1.32683363407581e+00 3.82860347304486e-01 0.00000000000000e+00
494 3.99127524830793e+00 3.53958285176633e-01 0.00000000000000e+00
495 4.18743260766015e+00 3.64147948149299e-01 0.00000000000000e+00
496 3.70650476175155e+00 3.56083750435015e-01 0.00000000000000e+00
497 4.66490118829478e+00 6.21701795422424e-01 0.00000000000000e+00
498 7.12492259064846e-01 3.03771488503591e-01 0.00000000000000e+00
499 3.59345562032499e+00 6.43588406387327e-01 0.00000000000000e+00
500 2.19946660016944e+00 6.35250459022065e-01 0.00000000000000e+00
501 2.59977479908857e+00 6.38240697467349e-01 0.00000000000000e+00
502 2.39947660910665e+00 6.46872318904174e-01 0.00000000000000e+00
503 2.30033069036749e+00 3.61592836323536e-01 0.00000000000000e+00
504 3.98742141451685e-01 6.68250263581775e-01 0.00000000000000e+00
505 3.69346681769621e+00 6.36580433675413e-01 0.00000000000000e+00
506 1.50096640378321e+00 6.48519789556914e-01 0.00000000000000e+00
507 2.10477249596777e+00 3.49120210282164e-01 0.00000000000000e+00
508 3.90306104743083e+00 6.28864747038211e-01 0.00000000000000e+00
509 4.51653419494902e+00 3.72165972104877e-01 0.00000000000000e+00
510 1.40541930681127e+00 3.48730188700388e-01 0.00000000000000e+00
511 3.10314219344685e+00 3.47476205514813e-01 0.00000000000000e+00
512 1.90975572244139e+00 3.60701897882880e-01 0.00000000000000e+00
513 4.49459069260921e+00 6.51771442420196e-01 0.00000000000000e+00
514 3.79759990377805e+00 6.29494772696978e-01 0.00000000000000e+00
515 3.30422460923038e+00 6.40520345637886e-01 0.00000000000000e+00
516 3.46443745943470e-01 5.06074227248673e-01 0.00000000000000e+00
517 6.83221120637394e-01 6.58120548070922e-01 0.00000000000000e+00
518 2.29963974275056e+00 6.46491719664009e-01 0.00000000000000e+00
519 1.79124797777817e+00 6.45561770268219e-01 0.00000000000000e+00
520 1.89020438568863e+00 6.40071548242354e-01 0.00000000000000e+00
521 2.50043814985302e+00 3.52808502832101e-01 0.00000000000000e+00
522 3.43358544043561e-01 4.10997143856587e-01 0.00000000000000e+00
523 2.79607567028887e+00 6.50353760078190e-01 0.00000000000000e+00
524 2.49881112428948e+00 6.37657822456912e-01 0.00000000000000e+00
525 4.63384774929500e+00 3.78955321140789e-01 0.00000000000000e+00
526 1.59844101327162e+00 6.54770855056920e-01 0.00000000000000e+00
527 1.69586044170429e+00 6.54003219005099e-01 0.00000000000000e+00
528 2.99309396405228e+00 6.36138954860348e-01 0.00000000000000e+00
529 3.60692391069624e+00 3.63060634164657e-01 0.00000000000000e+00
530 6.61401692430851e-01 5.09783325813006e-01 0.00000000000000e+00
531 1.59585524006435e+00 3.71901222649254e-01 0.00000000000000e+00
532 3.29674247591961e+00 3.58478039657228e-01 0.00000000000000e+00
533 2.90753146417002e+00 3.62282955942973e-01 0.00000000000000e+00
534 2.80395526238606e+00 3.67526028707193e-01 0.00000000000000e+00
535 2.89275755855613e+00 6.42704106449255e-01 0.00000000000000e+00
536 2.00890134747538e+00 3.55919709237164e-01 0.00000000000000e+00
537 2.70043461150702e+00 3.64375993535412e-01 0.00000000000000e+00
538 3.40090877261939e+00 6.51114650318577e-01 0.00000000000000e+00
539 3.09731977525370e+00 6.30214982538958e-01 0.00000000000000e+00
540 4.88816148310914e-01 6.60186717422371e-01 0.00000000000000e+00
541 4.58070953605696e+00 6.59550519747074e-01 0.00000000000000e+00
542 2.09580938039247e+00 6.31641542245066e-01 0.00000000000000e+00
543 2.69813719574803e+00 6.48949788682559e-01 0.00000000000000e+00
544 4.00753182913133e+00 6.34188514878955e-01 0.00000000000000e+00
545 3.31958624183881e-01 6.00015522257262e-01 0.00000000000000e+00
546 2.20221933612905e+00 3.50851782129002e-01 0.00000000000000e+00
547 4.65128925941893e+00 5.02529093686013e-01 0.00000000000000e+00
548 3.50327266931272e+00 3.69037373088550e-01 0.00000000000000e+00
549 1.39750275062142e+00 6.48629855976893e-01 0.00000000000000e+00
550 4.10868033188571e+00 6.38641799370766e-01 0.00000000000000e+00
551 2.40116518509353e+00 3.62085144427190e-01 0.00000000000000e+00
552 4.40250285635369e+00 3.86843173093695e-01 0.00000000000000e+00
553 6.31995548384631e-01 4.28104879118480e-01 0.00000000000000e+00
554 4.08813563053606e+00 3.59397223449626e-01 0.00000000000000e+00
555 3.89708403416640e+00 3.46250370343258e-01 0.00000000000000e+00
556 4.11600724473451e-01 3.40777051610541e-01 0.00000000000000e+00
557 4.40017904317506e+00 6.50921170847417e-01 0.00000000000000e+00
558 1.80769716864466e+00 3.65662931778446e-01 0.00000000000000e+00
559 3.49770679937005e+00 6.51971467239015e-01 0.00000000000000e+00
560 3.20193665561294e+00 6.31341029371008e-01 0.00000000000000e+00
561 5.84215040055291e-01 6.60217150458074e-01 0.00000000000000e+00
562 1.41231308632079e+00 4.52325992137087e-01 0.00000000000000e+00
563 2.60034284622041e+00 3.53456839377749e-01 0.00000000000000e+00
564 4.30400196514072e+00 6.47876542409043e-01 0.00000000000000e+00
565 6.14491122817367e-01 3.34440762077750e-01 0.00000000000000e+00
566 5.05366679052307e-01 3.38054234314983e-01 0.00000000000000e+00
567 4.06695556576131e+00 5.44146871322647e-01 0.00000000000000e+00
568 2.34987500100128e+00 5.70443157120122e-01 0.00000000000000e+00
569 5.71302210380864e-01 4.94785504679894e-01 0.00000000000000e+00
570 2.74736960314985e+00 5.73862105823066e-01 0.00000000000000e+00
571 3.93371057574231e+00 4.40642833215841e-01 0.00000000000000e+00
572 5.23202571632734e-01 5.70813582836596e-01 0.00000000000000e+00
573 2.63902560262562e+00 4.51018858108829e-01 0.00000000000000e+00
574 3.44969626102532e+00 5.76336581138672e-01 0.00000000000000e+00
575 3.84956672974550e+00 4.21672461853429e-01 0.00000000000000e+00
576 2.55006001808985e+00 4.29332897073854e-01 0.00000000000000e+00
577 3.53473597576069e+00 5.57340012815831e-01 0.00000000000000e+00
578 2.93238141747023e+00 5.47188200164901e-01 0.00000000000000e+00
579 6.20552729687379e-01 5.80471902152488e-01 0.00000000000000e+00
580 4.12740533637497e+00 4.53732195464910e-01 0.00000000000000e+00
581 3.76528280178420e+00 4.42058678547076e-01 0.00000000000000e+00
582 2.03555889178741e+00 5.40049514653577e-01 0.00000000000000e+00
583 2.15311402054723e+00 4.25827090293526e-01 0.00000000000000e+00
584 3.66767337839126e+00 4.51827181266281e-01 0.00000000000000e+00
585 3.63253877149025e+00 5.48147107104451e-01 0.00000000000000e+00
586 4.31948704378674e+00 4.67868376308437e-01 0.00000000000000e+00
587 3.15062018860341e+00 5.24662391238115e-01 0.00000000000000e+00
588 3.15144977971558e+00 4.22927921675778e-01 0.00000000000000e+00
589 4.16580489781587e+00 5.48968232024983e-01 0.00000000000000e+00
590 2.46104187020934e+00 4.49941902675499e-01 0.00000000000000e+00
591 4.22485109686749e+00 4.59311654659003e-01 0.00000000000000e+00
592 1.73259640619265e+00 5.59125776574299e-01 0.00000000000000e+00
593 1.83055957661710e+00 5.50612686991117e-01 0.00000000000000e+00
594 3.45052443321006e+00 4.74503661758099e-01 0.00000000000000e+00
595 2.43887554464259e+00 5.49669475756017e-01 0.00000000000000e+00
596 1.56003009210074e+00 5.60380992756733e-01 0.00000000000000e+00
597 3.56465028951471e+00 4.59915191948639e-01 0.00000000000000e+00
598 3.26437583418929e+00 5.42272894661726e-01 0.00000000000000e+00
599 1.64679926227040e+00 5.79080208321788e-01 0.00000000000000e+00
600 4.02957073648200e+00 4.48636715980548e-01 0.00000000000000e+00
601 1.45828411906636e+00 5.54100610552440e-01 0.00000000000000e+00
602 1.86842800733388e+00 4.55187887785766e-01 0.00000000000000e+00
603 1.64701480610289e+00 4.77392070756237e-01 0.00000000000000e+00
604 2.35031946697268e+00 4.68249818648104e-01 0.00000000000000e+00
605 3.33697985049544e+00 4.56490879129009e-01 0.00000000000000e+00
606 2.96809727595311e+00 4.51058515320384e-01 0.00000000000000e+00
607 2.86475530754458e+00 4.58696023683890e-01 0.00000000000000e+00
608 2.83381900936021e+00 5.55879307716348e-01 0.00000000000000e+00
609 2.06705398121101e+00 4.43419153830299e-01 0.00000000000000e+00
610 1.93170482678563e+00 5.45443989698737e-01 0.00000000000000e+00
611 2.75023483686643e+00 4.71925303769932e-01 0.00000000000000e+00
612 1.76379945210633e+00 4.61967893853270e-01 0.00000000000000e+00
613 3.36450700674634e+00 5.55046689254256e-01 0.00000000000000e+00
614 3.03594639924698e+00 5.39392625768373e-01 0.00000000000000e+00
615 2.14999772002993e+00 5.27660682896558e-01 0.00000000000000e+00
616 4.25945772240974e-01 5.73381650816536e-01 0.00000000000000e+00
617 2.54963766757348e+00 5.31505045448162e-01 0.00000000000000e+00
618 1.96954469893600e+00 4.50277038895926e-01 0.00000000000000e+00
619 2.65992452717516e+00 5.50951165037349e-01 0.00000000000000e+00
620 2.24024405631587e+00 4.48922168215902e-01 0.00000000000000e+00
621 1.52810897020343e+00 4.62566195765096e-01 0.00000000000000e+00
622 3.06617998620992e+00 4.42095132735872e-01 0.00000000000000e+00
623 2.26098697446247e+00 5.48825391736414e-01 0.00000000000000e+00
624 4.57012991134805e+00 4.55291859958796e-01 0.00000000000000e+00
625 5.52252154941583e-01 4.09552073156215e-01 0.00000000000000e+00
626 4.57344882928851e-01 4.55570332450473e-01 0.00000000000000e+00
627 4.55733531176517e+00 5.59539234142931e-01 0.00000000000000e+00
628 4.48439863129437e+00 4.69270007077537e-01 0.00000000000000e+00
629 3.73569934914142e+00 5.39689430945199e-01 0.00000000000000e+00
630 4.45181734592154e+00 5.64548103821376e-01 0.00000000000000e+00
631 4.26208291719224e+00 5.54980164895235e-01 0.00000000000000e+00
632 3.96411597308363e+00 5.37797374108944e-01 0.00000000000000e+00
633 3.23684928432953e+00 4.43850514165891e-01 0.00000000000000e+00
634 3.85006023520862e+00 5.23380813547131e-01 0.00000000000000e+00
635 4.40236743863136e+00 4.88262281133466e-01 0.00000000000000e+00
636 4.35529653027822e+00 5.63740747896468e-01 0.00000000000000e+00
1 102 1 6 
2 102 6 7 
3 102 7 8 
4 102 8 9 
5 102 9 10 
6 102 10 11 
7 102 11 12 
8 102 12 13 
9 102 13 14 
10 102 14 15 
11 102 15 16 
12 102 16 17 
13 102 17 18 
14 102 18 19 
15 102 19 20 
16 102 20 21 
17 102 21 22 
18 102 22 23 
19 102 23 24 
20 102 24 25 
21 102 25 26 
22 102 26 27 
23 102 27 28 
24 102 28 29 
25 102 29 30 
26 102 30 31 
27 102 31 32 
28 102 32 33 
29 102 33 34 
30 102 34 35 
31 102 35 36 
32 102 36 37 
33 102 37 38 
34 102 38 39 
35 102 39 40 
36 102 40 41 
37 102 41 42 
38 102 42 43 
39 102 43 44 
40 102 44 45 
41 102 45 46 
42 102 46 47 
43 102 47 48 
44 102 48 49 
45 102 49 50 
46 102 50 51 
47 102 51 52 
48 102 52 53 
49 102 53 54 
50 102 54 2 
51 102 3 55 
52 102 55 56 
53 102 56 57 
54 102 57 58 
55 102 58 59 
56 102 59 60 
57 102 60 61 
58 102 61 62 
59 102 62 63 
60 102 63 1 
61 102 2 64 
62 102 64 65 
63 102 65 66 
64 102 66 67 
65 102 67 68 
66 102 68 69 
67 102 69 70 
68 102 70 71 
69 102 71 72 
70 102 72 4 
71 102 4 73 
72 102 73 74 
73 102 74 75 
74 102 75 76 
75 102 76 77 
76 102 77 78 
77 102 78 79 
78 102 79 80 
79 102 80 81 
80 102 81 82 
81 102 82 83 
82 102 83 84 
83 102 84 85 
84 102 85 86 
85 102 86 87 
86 102 87 88 
87 102 88 89 
88 102 89 90 
89 102 90 91 
90 102 91 92 
91 102 92 93 
92 102 93 94 
93 102 94 95 
94 102 95 96 
95 102 96 97 
96 102 97 98 
97 102 98 99 
98 102 99 100 
99 102 100 101 
100 102 101 102 
101 102 102 103 
102 102 103 104 
103 102 104 105 
104 102 105 106 
105 102 106 107 
106 102 107 108 
107 102 108 109 
108 102 109 110 
109 102 110 111 
110 102 111 112 
111 102 112 113 
112 102 113 114 
113 102 114 115 
114 102 115 116 
115 102 116 117 
116 102 117 118 
117 102 118 119 
118 102 119 120 
119 102 120 121 
120 102 121 3 
121 102 122 5 
122 102 123 122 
123 102 124 123 
124 102 125 124 
125 102 126 125 
126 102 127 126 
127 102 128 127 
128 102 129 128 
129 102 130 129 
130 102 131 130 
131 102 5 131 
132 203 1 6 63 
133 203 6 7 132 
134 203 8 9 133 
135 203 10 11 134 
136 203 12 13 135 
137 203 14 15 136 
138 203 16 17 137 
139 203 18 19 138 
140 203 20 21 139 
141 203 22 23 140 
142 203 24 25 141 
143 203 26 27 142 
144 203 28 29 143 
145 203 30 31 144 
146 203 32 33 145 
147 203 34 35 146 
148 203 36 37 147 
149 203 38 39 148 
150 203 40 41 149 
151 203 42 43 150 
152 203 44 45 151 
153 203 46 47 152 
154 203 48 49 153 
155 203 50 51 154 
156 203 52 53 155 
157 203 54 2 64 
158 203 3 55 121 
159 203 55 56 156 
160 203 57 58 157 
161 203 59 60 158 
162 203 61 62 159 
163 203 121 55 156 
164 203 64 65 160 
165 203 66 67 161 
166 203 68 69 162 
167 203 70 71 163 
168 203 72 4 73 
169 203 73 74 164 
170 203 75 76 165 
171 203 77 78 166 
172 203 79 80 167 
173 203 81 82 168 
174 203 83 84 169 
175 203 85 86 170 
176 203 87 88 171 
177 203 89 90 172 
178 203 91 92 173 
179 203 93 94 174 
180 203 95 96 175 
181 203 97 98 176 
182 203 99 100 177 
183 203 101 102 178 
184 203 103 104 179 
185 203 105 106 180 
186 203 107 108 181 
187 203 109 110 182 
188 203 111 112 183 
189 203 113 114 184 
190 203 115 116 185 
191 203 117 118 186 
192 203 119 120 187 
193 203 120 121 188 
194 203 187 120 188 
195 203 121 156 188 
196 203 122 5 189 
197 203 123 122 190 
198 203 124 123 191 
199 203 125 124 192 
200 203 126 125 193 
201 203 127 126 194 
202 203 128 127 195 
203 203 129 128 196 
204 203 130 129 197 
205 203 131 130 198 
206 203 5 131 199 
207 203 63 6 132 
208 203 54 64 160 
209 203 72 73 164 
210 203 7 8 200 
211 203 9 10 201 
212 203 11 12 202 
213 203 13 14 203 
214 203 15 16 204 
215 203 17 18 205 
216 203 19 20 206 
217 203 21 22 207 
218 203 23 24 208 
219 203 25 26 209 
220 203 27 28 210 
221 203 29 30 211 
222 203 31 32 212 
223 203 33 34 213 
224 203 35 36 214 
225 203 37 38 215 
226 203 39 40 216 
227 203 41 42 217 
228 203 43 44 218 
229 203 45 46 219 
230 203 47 48 220 
231 203 49 50 221 
232 203 51 52 222 
233 203 201 10 134 
234 203 53 54 223 
235 203 56 57 224 
236 203 58 59 225 
237 203 60 61 226 
238 203 62 63 227 
239 203 65 66 228 
240 203 67 68 229 
241 203 69 70 230 
242 203 200 8 133 
243 203 71 72 231 
244 203 7 200 132 
245 203 74 75 232 
246 203 76 77 233 
247 203 78 79 234 
248 203 80 81 235 
249 203 82 83 236 
250 203 84 85 237 
251 203 86 87 238 
252 203 88 89 239 
253 203 90 91 240 
254 203 92 93 241 
255 203 94 95 242 
256 203 96 97 243 
257 203 98 99 244 
258 203 100 101 245 
259 203 102 103 246 
260 203 104 105 247 
261 203 106 107 248 
262 203 108 109 249 
263 203 110 111 250 
264 203 112 113 251 
265 203 114 115 252 
266 203 116 117 253 
267 203 118 119 254 
268 203 190 122 255 
269 203 122 189 255 
270 203 129 196 197 
271 203 130 197 198 
272 203 202 12 135 
273 203 133 9 201 
274 203 134 11 202 
275 203 135 13 203 
276 203 136 15 204 
277 203 137 17 205 
278 203 138 19 206 
279 203 139 21 207 
280 203 140 23 208 
281 203 141 25 209 
282 203 142 27 210 
283 203 143 29 211 
284 203 144 31 212 
285 203 145 33 213 
286 203 146 35 214 
287 203 147 37 215 
288 203 148 39 216 
289 203 149 41 217 
290 203 150 43 218 
291 203 151 45 219 
292 203 152 47 220 
293 203 153 49 221 
294 203 154 51 222 
295 203 155 53 223 
296 203 158 60 226 
297 203 159 62 227 
298 203 161 67 229 
299 203 162 69 230 
300 203 163 71 231 
301 203 165 76 233 
302 203 166 78 234 
303 203 167 80 235 
304 203 168 82 236 
305 203 169 84 237 
306 203 170 86 238 
307 203 171 88 239 
308 203 172 90 240 
309 203 173 92 241 
310 203 174 94 242 
311 203 175 96 243 
312 203 176 98 244 
313 203 177 100 245 
314 203 178 102 246 
315 203 179 104 247 
316 203 180 106 248 
317 203 181 108 249 
318 203 182 110 250 
319 203 183 112 251 
320 203 184 114 252 
321 203 185 116 253 
322 203 186 118 254 
323 203 189 5 256 
324 203 5 199 256 
325 203 191 123 257 
326 203 123 190 257 
327 203 193 125 258 
328 203 125 192 258 
329 203 194 126 259 
330 203 126 193 259 
331 203 195 127 260 
332 203 127 194 260 
333 203 196 128 261 
334 203 128 195 261 
335 203 199 131 262 
336 203 131 198 262 
337 203 203 14 136 
338 203 204 16 137 
339 203 205 18 138 
340 203 206 20 139 
341 203 207 22 140 
342 203 208 24 141 
343 203 209 26 142 
344 203 210 28 143 
345 203 211 30 144 
346 203 212 32 145 
347 203 213 34 146 
348 203 214 36 147 
349 203 215 38 148 
350 203 216 40 149 
351 203 217 42 150 
352 203 218 44 151 
353 203 219 46 152 
354 203 220 48 153 
355 203 221 50 154 
356 203 222 52 155 
357 203 224 57 157 
358 203 225 59 158 
359 203 226 61 159 
360 203 228 66 161 
361 203 229 68 162 
362 203 230 70 163 
363 203 233 77 166 
364 203 234 79 167 
365 203 235 81 168 
366 203 236 83 169 
367 203 237 85 170 
368 203 238 87 171 
369 203 239 89 172 
370 203 240 91 173 
371 203 241 93 174 
372 203 242 95 175 
373 203 243 97 176 
374 203 244 99 177 
375 203 245 101 178 
376 203 246 103 179 
377 203 247 105 180 
378 203 248 107 181 
379 203 249 109 182 
380 203 250 111 183 
381 203 251 113 184 
382 203 252 115 185 
383 203 253 117 186 
384 203 254 119 187 
385 203 74 232 164 
386 203 56 224 156 
387 203 58 225 157 
388 203 65 228 160 
389 203 232 75 165 
390 203 165 233 263 
391 203 134 202 264 
392 203 158 226 265 
393 203 135 203 266 
394 203 133 201 267 
395 203 136 204 268 
396 203 137 205 269 
397 203 138 206 270 
398 203 139 207 271 
399 203 140 208 272 
400 203 141 209 273 
401 203 142 210 274 
402 203 143 211 275 
403 203 144 212 276 
404 203 145 213 277 
405 203 146 214 278 
406 203 147 215 279 
407 203 148 216 280 
408 203 149 217 281 
409 203 150 218 282 
410 203 151 219 283 
411 203 152 220 284 
412 203 153 221 285 
413 203 154 222 286 
414 203 155 223 287 
415 203 224 157 288 
416 203 201 134 289 
417 203 267 201 289 
418 203 134 264 289 
419 203 223 54 160 
420 203 225 158 290 
421 203 158 265 290 
422 203 159 227 291 
423 203 228 161 292 
424 203 197 196 293 
425 203 232 165 294 
426 203 165 263 294 
427 203 229 162 295 
428 203 230 163 296 
429 203 200 133 297 
430 203 133 267 297 
431 203 231 72 164 
432 203 156 224 298 
433 203 188 156 298 
434 203 224 288 298 
435 203 166 234 299 
436 203 167 235 300 
437 203 168 236 301 
438 203 169 237 302 
439 203 170 238 303 
440 203 171 239 304 
441 203 172 240 305 
442 203 173 241 306 
443 203 174 242 307 
444 203 175 243 308 
445 203 176 244 309 
446 203 177 245 310 
447 203 178 246 311 
448 203 179 247 312 
449 203 180 248 313 
450 203 181 249 314 
451 203 182 250 315 
452 203 183 251 316 
453 203 184 252 317 
454 203 185 253 318 
455 203 186 254 319 
456 203 164 232 320 
457 203 232 294 320 
458 203 124 191 192 
459 203 203 136 321 
460 203 266 203 321 
461 203 136 268 321 
462 203 63 132 227 
463 203 198 197 322 
464 203 202 135 323 
465 203 264 202 323 
466 203 135 266 323 
467 203 223 160 287 
468 203 231 164 320 
469 203 227 132 291 
470 203 192 191 324 
471 203 292 161 325 
472 203 161 229 325 
473 203 287 160 228 
474 203 325 229 295 
475 203 204 137 326 
476 203 205 138 327 
477 203 206 139 328 
478 203 207 140 329 
479 203 208 141 330 
480 203 209 142 331 
481 203 210 143 332 
482 203 211 144 333 
483 203 212 145 334 
484 203 213 146 335 
485 203 214 147 336 
486 203 215 148 337 
487 203 216 149 338 
488 203 217 150 339 
489 203 218 151 340 
490 203 219 152 341 
491 203 220 153 342 
492 203 221 154 343 
493 203 222 155 344 
494 203 157 225 345 
495 203 265 226 346 
496 203 226 159 346 
497 203 228 292 287 
498 203 197 293 322 
499 203 330 141 273 
500 203 225 290 345 
501 203 162 230 347 
502 203 200 297 291 
503 203 163 231 320 
504 203 233 166 348 
505 203 301 236 349 
506 203 236 169 349 
507 203 132 200 291 
508 203 300 235 350 
509 203 235 168 350 
510 203 263 233 348 
511 203 204 326 268 
512 203 234 167 351 
513 203 168 301 350 
514 203 169 302 349 
515 203 237 170 352 
516 203 238 171 353 
517 203 239 172 354 
518 203 240 173 355 
519 203 241 174 356 
520 203 242 175 357 
521 203 243 176 358 
522 203 244 177 359 
523 203 245 178 360 
524 203 246 179 361 
525 203 247 180 362 
526 203 248 181 363 
527 203 249 182 364 
528 203 250 183 365 
529 203 251 184 366 
530 203 252 185 367 
531 203 253 186 368 
532 203 254 187 369 
533 203 333 144 276 
534 203 187 188 370 
535 203 369 187 370 
536 203 188 298 370 
537 203 332 143 275 
538 203 368 186 319 
539 203 367 185 318 
540 203 366 184 317 
541 203 365 183 316 
542 203 364 182 315 
543 203 363 181 314 
544 203 362 180 313 
545 203 361 179 312 
546 203 346 159 291 
547 203 162 347 295 
548 203 344 155 287 
549 203 343 154 286 
550 203 342 153 285 
551 203 341 152 284 
552 203 340 151 283 
553 203 339 150 282 
554 203 256 199 371 
555 203 199 262 371 
556 203 257 190 372 
557 203 190 255 372 
558 203 299 234 351 
559 203 259 193 373 
560 203 193 258 373 
561 203 260 194 374 
562 203 194 259 374 
563 203 261 195 375 
564 203 195 260 375 
565 203 262 198 376 
566 203 198 322 376 
567 203 331 142 274 
568 203 338 149 281 
569 203 337 148 280 
570 203 336 147 279 
571 203 335 146 278 
572 203 334 145 277 
573 203 319 254 369 
574 203 318 253 368 
575 203 317 252 367 
576 203 316 251 366 
577 203 315 250 365 
578 203 314 249 364 
579 203 313 248 363 
580 203 312 247 362 
581 203 311 246 361 
582 203 310 245 360 
583 203 309 244 359 
584 203 308 243 358 
585 203 307 242 357 
586 203 306 241 356 
587 203 305 240 355 
588 203 304 239 354 
589 203 303 238 353 
590 203 302 237 352 
591 203 296 163 320 
592 203 288 157 345 
593 203 286 222 344 
594 203 285 221 343 
595 203 284 220 342 
596 203 283 219 341 
597 203 282 218 340 
598 203 281 217 339 
599 203 280 216 338 
600 203 279 215 337 
601 203 278 214 336 
602 203 277 213 335 
603 203 276 212 334 
604 203 275 211 333 
605 203 274 210 332 
606 203 273 209 331 
607 203 272 208 330 
608 203 271 207 329 
609 203 270 206 328 
610 203 269 205 327 
611 203 255 189 377 
612 203 189 256 377 
613 203 328 139 271 
614 203 329 140 272 
615 203 327 138 270 
616 203 326 137 269 
617 203 360 178 311 
618 203 359 177 310 
619 203 347 230 296 
620 203 348 166 299 
621 203 358 176 309 
622 203 356 174 307 
623 203 355 173 306 
624 203 354 172 305 
625 203 351 167 300 
626 203 353 171 304 
627 203 352 170 303 
628 203 357 175 308 
629 203 295 347 378 
630 203 324 191 379 
631 203 360 311 380 
632 203 326 269 376 
633 203 329 272 381 
634 203 270 328 382 
635 203 327 270 383 
636 203 270 382 383 
637 203 271 329 384 
638 203 329 381 384 
639 203 345 290 385 
640 203 338 281 386 
641 203 273 331 387 
642 203 368 319 388 
643 203 274 332 389 
644 203 275 333 390 
645 203 276 334 391 
646 203 277 335 392 
647 203 278 336 393 
648 203 279 337 394 
649 203 280 338 395 
650 203 338 386 395 
651 203 339 282 396 
652 203 340 283 397 
653 203 341 284 398 
654 203 342 285 399 
655 203 343 286 400 
656 203 358 309 401 
657 203 293 196 402 
658 203 325 295 403 
659 203 295 378 403 
660 203 265 346 404 
661 203 192 324 405 
662 203 292 325 406 
663 203 325 403 406 
664 203 348 299 407 
665 203 349 302 408 
666 203 288 345 409 
667 203 345 385 409 
668 203 301 349 410 
669 203 349 408 410 
670 203 353 304 411 
671 203 350 301 412 
672 203 301 410 412 
673 203 263 348 413 
674 203 348 407 413 
675 203 379 191 257 
676 203 402 196 261 
677 203 192 405 258 
678 203 324 379 316 
679 203 293 402 321 
680 203 379 257 414 
681 203 257 372 414 
682 203 316 379 365 
683 203 357 308 415 
684 203 352 303 416 
685 203 303 353 417 
686 203 353 411 417 
687 203 351 300 418 
688 203 354 305 419 
689 203 355 306 420 
690 203 307 357 421 
691 203 357 415 421 
692 203 356 307 422 
693 203 307 421 422 
694 203 308 358 423 
695 203 358 401 423 
696 203 359 310 424 
697 203 310 360 425 
698 203 360 380 425 
699 203 346 291 426 
700 203 404 346 426 
701 203 291 297 426 
702 203 361 312 427 
703 203 362 313 428 
704 203 363 314 429 
705 203 364 315 430 
706 203 316 366 324 
707 203 366 317 405 
708 203 317 367 431 
709 203 318 368 432 
710 203 368 388 432 
711 203 300 350 433 
712 203 350 412 433 
713 203 333 276 434 
714 203 276 391 434 
715 203 328 271 435 
716 203 271 384 435 
717 203 299 351 436 
718 203 407 299 436 
719 203 351 418 436 
720 203 332 275 437 
721 203 275 390 437 
722 203 258 405 431 
723 203 365 379 414 
724 203 402 261 438 
725 203 261 375 438 
726 203 330 273 439 
727 203 273 387 439 
728 203 366 405 324 
729 203 331 274 440 
730 203 274 389 440 
731 203 294 263 441 
732 203 263 413 441 
733 203 405 317 431 
734 203 394 337 442 
735 203 337 280 442 
736 203 293 321 268 
737 203 392 335 443 
738 203 335 278 443 
739 203 255 377 444 
740 203 269 327 445 
741 203 327 383 445 
742 203 272 330 446 
743 203 300 433 418 
744 203 258 431 373 
745 203 369 370 447 
746 203 328 435 382 
747 203 319 369 448 
748 203 334 277 449 
749 203 278 393 443 
750 203 255 444 372 
751 203 336 279 450 
752 203 280 395 442 
753 203 293 268 322 
754 203 272 446 381 
755 203 269 445 376 
756 203 446 330 439 
757 203 449 277 392 
758 203 448 369 447 
759 203 334 449 391 
760 203 450 279 394 
761 203 396 282 451 
762 203 282 340 451 
763 203 256 371 452 
764 203 281 339 453 
765 203 340 397 451 
766 203 256 452 377 
767 203 283 341 454 
768 203 284 342 455 
769 203 285 343 456 
770 203 286 344 457 
771 203 267 289 458 
772 203 416 303 417 
773 203 290 265 459 
774 203 323 266 460 
775 203 415 308 423 
776 203 390 333 434 
777 203 287 292 461 
778 203 389 332 437 
779 203 296 320 462 
780 203 388 319 448 
781 203 344 287 461 
782 203 288 409 447 
783 203 387 331 440 
784 203 386 281 453 
785 203 344 461 457 
786 203 380 311 463 
787 203 311 361 463 
788 203 302 352 464 
789 203 290 459 385 
790 203 304 354 465 
791 203 305 355 466 
792 203 306 356 467 
793 203 265 404 459 
794 203 424 310 425 
795 203 347 296 468 
796 203 309 359 469 
797 203 347 468 378 
798 203 302 464 408 
799 203 312 362 470 
800 203 313 363 471 
801 203 314 364 472 
802 203 315 365 414 
803 203 356 422 467 
804 203 322 268 326 
805 203 367 318 473 
806 203 260 374 474 
807 203 262 376 475 
808 203 371 262 475 
809 203 376 445 475 
810 203 336 450 393 
811 203 266 321 402 
812 203 374 259 476 
813 203 375 260 477 
814 203 260 474 477 
815 203 264 323 478 
816 203 323 460 478 
817 203 320 294 462 
818 203 297 267 479 
819 203 431 367 473 
820 203 289 264 480 
821 203 264 478 480 
822 203 430 315 414 
823 203 429 314 472 
824 203 420 306 467 
825 203 419 305 466 
826 203 312 470 427 
827 203 401 309 469 
828 203 400 286 457 
829 203 399 285 456 
830 203 398 284 455 
831 203 397 283 454 
832 203 259 373 476 
833 203 266 402 438 
834 203 460 266 438 
835 203 304 465 411 
836 203 456 343 400 
837 203 453 339 396 
838 203 455 342 399 
839 203 454 341 398 
840 203 267 458 479 
841 203 462 294 441 
842 203 461 292 406 
843 203 297 479 426 
844 203 472 364 430 
845 203 322 326 376 
846 203 466 355 420 
847 203 463 361 427 
848 203 464 352 416 
849 203 465 354 419 
850 203 469 359 424 
851 203 468 296 462 
852 203 471 363 429 
853 203 470 362 428 
854 203 313 471 428 
855 203 473 318 432 
856 203 444 377 481 
857 203 377 452 481 
858 203 450 394 482 
859 203 404 426 483 
860 203 426 479 483 
861 203 445 383 475 
862 203 458 289 480 
863 203 384 381 484 
864 203 455 399 485 
865 203 418 433 486 
866 203 380 463 487 
867 203 461 406 457 
868 203 382 435 488 
869 203 448 447 489 
870 203 447 409 489 
871 203 443 393 490 
872 203 396 451 491 
873 203 442 395 492 
874 203 452 371 493 
875 203 371 475 493 
876 203 397 454 494 
877 203 398 455 495 
878 203 455 485 495 
879 203 453 396 496 
880 203 396 491 496 
881 203 468 462 497 
882 203 462 441 497 
883 203 460 438 498 
884 203 478 460 498 
885 203 438 375 498 
886 203 416 417 499 
887 203 424 425 500 
888 203 415 423 501 
889 203 401 469 502 
890 203 389 437 503 
891 203 388 448 504 
892 203 448 489 504 
893 203 464 416 505 
894 203 416 499 505 
895 203 471 429 506 
896 203 387 440 507 
897 203 410 408 508 
898 203 456 400 509 
899 203 298 288 447 
900 203 383 382 510 
901 203 382 488 510 
902 203 393 450 511 
903 203 450 482 511 
904 203 446 439 512 
905 203 413 407 513 
906 203 414 372 430 
907 203 408 464 514 
908 203 508 408 514 
909 203 464 505 514 
910 203 465 419 515 
911 203 385 459 516 
912 203 373 431 517 
913 203 476 373 517 
914 203 431 473 517 
915 203 469 424 518 
916 203 424 500 518 
917 203 427 470 519 
918 203 463 427 520 
919 203 427 519 520 
920 203 390 434 521 
921 203 459 404 522 
922 203 516 459 522 
923 203 404 483 522 
924 203 422 421 523 
925 203 423 401 524 
926 203 401 502 524 
927 203 400 457 525 
928 203 509 400 525 
929 203 457 406 525 
930 203 378 468 497 
931 203 428 471 526 
932 203 471 506 526 
933 203 470 428 527 
934 203 428 526 527 
935 203 420 467 528 
936 203 386 453 529 
937 203 453 496 529 
938 203 474 374 530 
939 203 374 476 530 
940 203 435 384 531 
941 203 384 484 531 
942 203 394 442 532 
943 203 442 492 532 
944 203 392 443 533 
945 203 443 490 533 
946 203 449 392 534 
947 203 392 533 534 
948 203 467 422 535 
949 203 422 523 535 
950 203 439 387 536 
951 203 387 507 536 
952 203 391 449 537 
953 203 449 534 537 
954 203 411 465 538 
955 203 465 515 538 
956 203 466 420 539 
957 203 420 528 539 
958 203 432 388 540 
959 203 388 504 540 
960 203 441 413 541 
961 203 497 441 541 
962 203 413 513 541 
963 203 425 380 542 
964 203 380 487 542 
965 203 421 415 543 
966 203 415 501 543 
967 203 412 410 544 
968 203 410 508 544 
969 203 409 385 545 
970 203 489 409 545 
971 203 385 516 545 
972 203 406 403 525 
973 203 440 389 546 
974 203 389 503 546 
975 203 403 378 547 
976 203 395 386 548 
977 203 386 529 548 
978 203 430 372 444 
979 203 430 444 472 
980 203 472 444 549 
981 203 429 472 549 
982 203 444 481 549 
983 203 482 394 532 
984 203 439 536 512 
985 203 486 433 550 
986 203 433 412 550 
987 203 503 437 551 
988 203 437 390 551 
989 203 485 399 552 
990 203 399 456 552 
991 203 474 530 553 
992 203 421 543 523 
993 203 378 497 547 
994 203 488 435 531 
995 203 490 393 511 
996 203 467 535 528 
997 203 494 454 554 
998 203 454 398 554 
999 203 451 397 555 
1000 203 479 458 556 
1001 203 398 495 554 
1002 203 451 555 491 
1003 203 474 553 477 
1004 203 498 375 477 
1005 203 500 425 542 
1006 203 390 521 551 
1007 203 412 544 550 
1008 203 403 547 525 
1009 203 513 407 557 
1010 203 407 436 557 
1011 203 381 446 558 
1012 203 506 429 549 
1013 203 456 509 552 
1014 203 502 469 518 
1015 203 501 423 524 
1016 203 383 510 493 
1017 203 417 411 559 
1018 203 519 470 527 
1019 203 463 520 487 
1020 203 419 466 560 
1021 203 492 395 548 
1022 203 383 493 475 
1023 203 440 546 507 
1024 203 473 432 561 
1025 203 419 560 515 
1026 203 483 479 556 
1027 203 473 561 517 
1028 203 481 452 562 
1029 203 434 391 563 
1030 203 436 418 564 
1031 203 418 486 564 
1032 203 397 494 555 
1033 203 499 417 559 
1034 203 478 498 565 
1035 203 480 478 565 
1036 203 498 477 565 
1037 203 381 558 484 
1038 203 556 458 566 
1039 203 458 480 566 
1040 203 558 446 512 
1041 203 559 411 538 
1042 203 560 466 539 
1043 203 561 432 540 
1044 203 563 391 537 
1045 203 562 452 493 
1046 203 434 563 521 
1047 203 550 544 567 
1048 203 502 518 568 
1049 203 553 530 569 
1050 203 523 543 570 
1051 203 555 494 571 
1052 203 447 370 298 
1053 203 561 540 572 
1054 203 563 537 573 
1055 203 559 538 574 
1056 203 491 555 575 
1057 203 555 571 575 
1058 203 521 563 576 
1059 203 563 573 576 
1060 203 499 559 577 
1061 203 559 574 577 
1062 203 528 535 578 
1063 203 517 561 579 
1064 203 476 517 579 
1065 203 561 572 579 
1066 203 554 495 580 
1067 203 496 491 581 
1068 203 491 575 581 
1069 203 542 487 582 
1070 203 507 546 583 
1071 203 529 496 584 
1072 203 496 581 584 
1073 203 505 499 585 
1074 203 499 577 585 
1075 203 485 552 586 
1076 203 483 556 522 
1077 203 560 539 587 
1078 203 562 493 510 
1079 203 504 489 545 
1080 203 510 488 562 
1081 203 511 482 588 
1082 203 486 550 589 
1083 203 550 567 589 
1084 203 551 521 590 
1085 203 521 576 590 
1086 203 495 485 591 
1087 203 485 586 591 
1088 203 519 527 592 
1089 203 520 519 593 
1090 203 519 592 593 
1091 203 492 548 594 
1092 203 524 502 595 
1093 203 502 568 595 
1094 203 477 553 565 
1095 203 526 506 596 
1096 203 548 529 597 
1097 203 529 584 597 
1098 203 515 560 598 
1099 203 560 587 598 
1100 203 527 526 599 
1101 203 526 596 599 
1102 203 494 554 600 
1103 203 554 580 600 
1104 203 549 481 601 
1105 203 506 549 601 
1106 203 481 562 601 
1107 203 530 476 579 
1108 203 558 512 602 
1109 203 531 484 603 
1110 203 503 551 604 
1111 203 551 590 604 
1112 203 532 492 605 
1113 203 492 594 605 
1114 203 533 490 606 
1115 203 534 533 607 
1116 203 533 606 607 
1117 203 535 523 608 
1118 203 523 570 608 
1119 203 536 507 609 
1120 203 507 583 609 
1121 203 487 520 610 
1122 203 520 593 610 
1123 203 537 534 611 
1124 203 534 607 611 
1125 203 484 558 612 
1126 203 603 484 612 
1127 203 558 602 612 
1128 203 538 515 613 
1129 203 515 598 613 
1130 203 539 528 614 
1131 203 528 578 614 
1132 203 500 542 615 
1133 203 542 582 615 
1134 203 540 504 616 
1135 203 572 540 616 
1136 203 504 545 616 
1137 203 501 524 617 
1138 203 524 595 617 
1139 203 512 536 618 
1140 203 536 609 618 
1141 203 543 501 619 
1142 203 501 617 619 
1143 203 546 503 620 
1144 203 503 604 620 
1145 203 488 531 621 
1146 203 531 603 621 
1147 203 490 511 622 
1148 203 511 588 622 
1149 203 518 500 623 
1150 203 500 615 623 
1151 203 530 579 569 
1152 203 562 488 621 
1153 203 525 547 624 
1154 203 553 569 625 
1155 203 543 619 570 
1156 203 566 480 565 
1157 203 495 591 580 
1158 203 574 538 613 
1159 203 573 537 611 
1160 203 535 608 578 
1161 203 583 546 620 
1162 203 569 579 572 
1163 203 582 487 610 
1164 203 527 599 592 
1165 203 509 525 624 
1166 203 557 436 564 
1167 203 539 614 587 
1168 203 522 556 626 
1169 203 518 623 568 
1170 203 624 547 627 
1171 203 506 601 596 
1172 203 509 624 628 
1173 203 552 509 628 
1174 203 624 627 628 
1175 203 514 505 629 
1176 203 505 585 629 
1177 203 547 497 627 
1178 203 513 557 630 
1179 203 594 548 597 
1180 203 571 494 600 
1181 203 512 618 602 
1182 203 516 522 626 
1183 203 628 635 552 
1184 203 564 486 631 
1185 203 486 589 631 
1186 203 562 621 601 
1187 203 490 622 606 
1188 203 567 544 632 
1189 203 544 508 632 
1190 203 482 532 633 
1191 203 508 514 634 
1192 203 514 629 634 
1193 203 482 633 588 
1194 203 545 516 616 
1195 203 627 497 541 
1196 203 626 556 566 
1197 203 616 516 626 
1198 203 632 508 634 
1199 203 633 532 605 
1200 203 553 625 565 
1201 203 570 619 611 
1202 203 616 626 572 
1203 203 576 573 617 
1204 203 577 574 594 
1205 203 583 620 615 
1206 203 573 611 619 
1207 203 581 575 634 
1208 203 592 599 603 
1209 203 610 618 582 
1210 203 585 577 597 
1211 203 633 605 598 
1212 203 568 623 604 
1213 203 586 552 635 
1214 203 513 630 627 
1215 203 593 592 612 
1216 203 596 601 621 
1217 203 589 567 580 
1218 203 575 571 634 
1219 203 603 599 596 
1220 203 589 580 591 
1221 203 590 576 617 
1222 203 591 586 631 
1223 203 590 617 595 
1224 203 578 608 607 
1225 203 594 597 577 
1226 203 574 613 594 
1227 203 597 584 585 
1228 203 571 600 632 
1229 203 598 587 633 
1230 203 589 591 631 
1231 203 600 580 567 
1232 203 606 622 614 
1233 203 604 590 595 
1234 203 588 633 587 
1235 203 632 634 571 
1236 203 615 620 623 
1237 203 557 564 636 
1238 203 630 557 636 
1239 203 564 631 636 
1240 203 581 629 584 
1241 203 587 614 622 
1242 203 567 632 600 
1243 203 578 607 606 
1244 203 608 570 611 
1245 203 609 583 615 
1246 203 610 593 602 
1247 203 611 607 608 
1248 203 614 578 606 
1249 203 615 582 609 
1250 203 627 541 513 
1251 203 595 568 604 
1252 203 587 622 588 
1253 203 619 617 573 
1254 203 620 604 623 
1255 203 621 603 596 
1256 203 592 603 612 
1257 203 602 593 612 
1258 203 581 634 629 
1259 203 594 613 605 
1260 203 610 602 618 
1261 203 609 582 618 
1262 203 613 598 605 
1263 203 585 584 629 
1264 203 628 627 630 
1265 203 626 566 625 
1266 203 626 625 569 
1267 203 625 566 565 
1268 203 631 586 636 
1269 203 628 630 635 
1270 203 635 630 636 
1271 203 572 626 569 
1272 203 586 635 636 
