436 434
1 0.00000000000000e+00 0.00000000000000e+00 0.00000000000000e+00
2 5.00000000000000e+00 0.00000000000000e+00 0.00000000000000e+00
3 0.00000000000000e+00 1.00000000000000e+00 0.00000000000000e+00
4 5.00000000000000e+00 1.00000000000000e+00 0.00000000000000e+00
5 1.12500000000000e+00 5.00000000000000e-01 0.00000000000000e+00
6 2.50000000000000e-02 0.00000000000000e+00 0.00000000000000e+00
7 5.00000000000000e-02 0.00000000000000e+00 0.00000000000000e+00
8 7.50000000000000e-02 0.00000000000000e+00 0.00000000000000e+00
9 1.00000000000000e-01 0.00000000000000e+00 0.00000000000000e+00
10 1.25000000000000e-01 0.00000000000000e+00 0.00000000000000e+00
11 1.50000000000000e-01 0.00000000000000e+00 0.00000000000000e+00
12 1.75000000000000e-01 0.00000000000000e+00 0.00000000000000e+00
13 2.00000000000000e-01 0.00000000000000e+00 0.00000000000000e+00
14 2.25000000000000e-01 0.00000000000000e+00 0.00000000000000e+00
15 2.50000000000000e-01 0.00000000000000e+00 0.00000000000000e+00
16 2.75000000000000e-01 0.00000000000000e+00 0.00000000000000e+00
17 3.00000000000000e-01 0.00000000000000e+00 0.00000000000000e+00
18 3.25000000000000e-01 0.00000000000000e+00 0.00000000000000e+00
19 3.50000000000000e-01 0.00000000000000e+00 0.00000000000000e+00
20 3.75000000000000e-01 0.00000000000000e+00 0.00000000000000e+00
21 4.00000000000000e-01 0.00000000000000e+00 0.00000000000000e+00
22 4.25000000000000e-01 0.00000000000000e+00 0.00000000000000e+00
23 4.50000000000000e-01 0.00000000000000e+00 0.00000000000000e+00
24 4.75000000000000e-01 0.00000000000000e+00 0.00000000000000e+00
25 5.00000000000000e-01 0.00000000000000e+00 0.00000000000000e+00
26 5.25000000000000e-01 0.00000000000000e+00 0.00000000000000e+00
27 5.50000000000000e-01 0.00000000000000e+00 0.00000000000000e+00
28 5.75000000000000e-01 0.00000000000000e+00 0.00000000000000e+00
29 6.00000000000000e-01 0.00000000000000e+00 0.00000000000000e+00
30 6.25000000000000e-01 0.00000000000000e+00 0.00000000000000e+00
31 6.50000000000000e-01 0.00000000000000e+00 0.00000000000000e+00
32 6.75000000000000e-01 0.00000000000000e+00 0.00000000000000e+00
33 7.00000000000000e-01 0.00000000000000e+00 0.00000000000000e+00
34 7.25000000000000e-01 0.00000000000000e+00 0.00000000000000e+00
35 7.50000000000000e-01 0.00000000000000e+00 0.00000000000000e+00
36 7.75000000000000e-01 0.00000000000000e+00 0.00000000000000e+00
37 8.00000000000000e-01 0.00000000000000e+00 0.00000000000000e+00
38 8.25000000000000e-01 0.00000000000000e+00 0.00000000000000e+00
39 8.50000000000000e-01 0.00000000000000e+00 0.00000000000000e+00
40 8.75000000000000e-01 0.00000000000000e+00 0.00000000000000e+00
41 9.00000000000000e-01 0.00000000000000e+00 0.00000000000000e+00
42 9.25000000000000e-01 0.00000000000000e+00 0.00000000000000e+00
43 9.50000000000001e-01 0.00000000000000e+00 0.00000000000000e+00
44 9.75000000000001e-01 0.00000000000000e+00 0.00000000000000e+00
45 1.00000000000000e+00 0.00000000000000e+00 0.00000000000000e+00
46 1.02500000000000e+00 0.00000000000000e+00 0.00000000000000e+00
47 1.05000000000000e+00 0.00000000000000e+00 0.00000000000000e+00
48 1.07500000000000e+00 0.00000000000000e+00 0.00000000000000e+00
49 1.10000000000000e+00 0.00000000000000e+00 0.00000000000000e+00
50 1.12500000000000e+00 0.00000000000000e+00 0.00000000000000e+00
51 1.15000000000000e+00 0.00000000000000e+00 0.00000000000000e+00
52 1.17500000000000e+00 0.00000000000000e+00 0.00000000000000e+00
53 1.20000000000000e+00 0.00000000000000e+00 0.00000000000000e+00
54 1.22500000000000e+00 0.00000000000000e+00 0.00000000000000e+00
55 1.25000000000000e+00 0.00000000000000e+00 0.00000000000000e+00
56 1.27500000000000e+00 0.00000000000000e+00 0.00000000000000e+00
57 1.30000000000000e+00 0.00000000000000e+00 0.00000000000000e+00
58 1.32500000000000e+00 0.00000000000000e+00 0.00000000000000e+00
59 1.35000000000000e+00 0.00000000000000e+00 0.00000000000000e+00
60 1.37500000000000e+00 0.00000000000000e+00 0.00000000000000e+00
61 1.40000000000000e+00 0.00000000000000e+00 0.00000000000000e+00
62 1.42500000000000e+00 0.00000000000000e+00 0.00000000000000e+00
63 1.45000000000000e+00 0.00000000000000e+00 0.00000000000000e+00
64 1.47500000000000e+00 0.00000000000000e+00 0.00000000000000e+00
65 1.50000000000000e+00 0.00000000000000e+00 0.00000000000000e+00
66 1.52500000000000e+00 0.00000000000000e+00 0.00000000000000e+00
67 1.55000000000000e+00 0.00000000000000e+00 0.00000000000000e+00
68 1.57500000000000e+00 0.00000000000000e+00 0.00000000000000e+00
69 1.60000000000000e+00 0.00000000000000e+00 0.00000000000000e+00
70 1.62500000000000e+00 0.00000000000000e+00 0.00000000000000e+00
71 1.65000000000000e+00 0.00000000000000e+00 0.00000000000000e+00
72 1.67500000000000e+00 0.00000000000000e+00 0.00000000000000e+00
73 1.70000000000000e+00 0.00000000000000e+00 0.00000000000000e+00
74 1.72500000000000e+00 0.00000000000000e+00 0.00000000000000e+00
75 1.75000000000000e+00 0.00000000000000e+00 0.00000000000000e+00
76 1.77500000000000e+00 0.00000000000000e+00 0.00000000000000e+00
77 1.80000000000000e+00 0.00000000000000e+00 0.00000000000000e+00
78 1.82500000000000e+00 0.00000000000000e+00 0.00000000000000e+00
79 1.85000000000000e+00 0.00000000000000e+00 0.00000000000000e+00
80 1.87500000000000e+00 0.00000000000000e+00 0.00000000000000e+00
81 1.90000000000000e+00 0.00000000000000e+00 0.00000000000000e+00
82 1.92500000000000e+00 0.00000000000000e+00 0.00000000000000e+00
83 1.95000000000000e+00 0.00000000000000e+00 0.00000000000000e+00
84 1.97500000000000e+00 0.00000000000000e+00 0.00000000000000e+00
85 2.00000000000000e+00 0.00000000000000e+00 0.00000000000000e+00
86 2.02500000000000e+00 0.00000000000000e+00 0.00000000000000e+00
87 2.05000000000000e+00 0.00000000000000e+00 0.00000000000000e+00
88 2.07500000000000e+00 0.00000000000000e+00 0.00000000000000e+00
89 2.10000000000000e+00 0.00000000000000e+00 0.00000000000000e+00
90 2.12500000000000e+00 0.00000000000000e+00 0.00000000000000e+00
91 2.15000000000000e+00 0.00000000000000e+00 0.00000000000000e+00
92 2.17500000000000e+00 0.00000000000000e+00 0.00000000000000e+00
93 2.20000000000000e+00 0.00000000000000e+00 0.00000000000000e+00
94 2.22500000000000e+00 0.00000000000000e+00 0.00000000000000e+00
95 2.25000000000000e+00 0.00000000000000e+00 0.00000000000000e+00
96 2.27500000000000e+00 0.00000000000000e+00 0.00000000000000e+00
97 2.30000000000000e+00 0.00000000000000e+00 0.00000000000000e+00
98 2.32500000000000e+00 0.00000000000000e+00 0.00000000000000e+00
99 2.35000000000000e+00 0.00000000000000e+00 0.00000000000000e+00
100 2.37500000000000e+00 0.00000000000000e+00 0.00000000000000e+00
101 2.40000000000000e+00 0.00000000000000e+00 0.00000000000000e+00
102 2.42500000000000e+00 0.00000000000000e+00 0.00000000000000e+00
103 2.45000000000000e+00 0.00000000000000e+00 0.00000000000000e+00
104 2.47500000000000e+00 0.00000000000000e+00 0.00000000000000e+00
105 2.50000000000000e+00 0.00000000000000e+00 0.00000000000000e+00
106 2.52500000000000e+00 0.00000000000000e+00 0.00000000000000e+00
107 2.54999999999999e+00 0.00000000000000e+00 0.00000000000000e+00
108 2.57499999999999e+00 0.00000000000000e+00 0.00000000000000e+00
109 2.59999999999999e+00 0.00000000000000e+00 0.00000000000000e+00
110 2.62499999999999e+00 0.00000000000000e+00 0.00000000000000e+00
111 2.64999999999999e+00 0.00000000000000e+00 0.00000000000000e+00
112 2.67499999999999e+00 0.00000000000000e+00 0.00000000000000e+00
113 2.69999999999999e+00 0.00000000000000e+00 0.00000000000000e+00
114 2.72499999999999e+00 0.00000000000000e+00 0.00000000000000e+00
115 2.74999999999999e+00 0.00000000000000e+00 0.00000000000000e+00
116 2.77499999999999e+00 0.00000000000000e+00 0.00000000000000e+00
117 2.79999999999999e+00 0.00000000000000e+00 0.00000000000000e+00
118 2.82499999999999e+00 0.00000000000000e+00 0.00000000000000e+00
119 2.84999999999999e+00 0.00000000000000e+00 0.00000000000000e+00
120 2.87499999999999e+00 0.00000000000000e+00 0.00000000000000e+00
121 2.89999999999999e+00 0.00000000000000e+00 0.00000000000000e+00
122 2.92499999999999e+00 0.00000000000000e+00 0.00000000000000e+00
123 2.94999999999999e+00 0.00000000000000e+00 0.00000000000000e+00
124 2.97499999999999e+00 0.00000000000000e+00 0.00000000000000e+00
125 2.99999999999999e+00 0.00000000000000e+00 0.00000000000000e+00
126 3.02499999999999e+00 0.00000000000000e+00 0.00000000000000e+00
127 3.04999999999999e+00 0.00000000000000e+00 0.00000000000000e+00
128 3.07499999999999e+00 0.00000000000000e+00 0.00000000000000e+00
129 3.09999999999999e+00 0.00000000000000e+00 0.00000000000000e+00
130 3.12499999999999e+00 0.00000000000000e+00 0.00000000000000e+00
131 3.14999999999999e+00 0.00000000000000e+00 0.00000000000000e+00
132 3.17499999999999e+00 0.00000000000000e+00 0.00000000000000e+00
133 3.19999999999999e+00 0.00000000000000e+00 0.00000000000000e+00
134 3.22499999999999e+00 0.00000000000000e+00 0.00000000000000e+00
135 3.24999999999999e+00 0.00000000000000e+00 0.00000000000000e+00
136 3.27499999999999e+00 0.00000000000000e+00 0.00000000000000e+00
137 3.29999999999999e+00 0.00000000000000e+00 0.00000000000000e+00
138 3.32499999999999e+00 0.00000000000000e+00 0.00000000000000e+00
139 3.34999999999999e+00 0.00000000000000e+00 0.00000000000000e+00
140 3.37499999999999e+00 0.00000000000000e+00 0.00000000000000e+00
141 3.39999999999999e+00 0.00000000000000e+00 0.00000000000000e+00
142 3.42499999999999e+00 0.00000000000000e+00 0.00000000000000e+00
143 3.44999999999999e+00 0.00000000000000e+00 0.00000000000000e+00
144 3.47499999999999e+00 0.00000000000000e+00 0.00000000000000e+00
145 3.49999999999999e+00 0.00000000000000e+00 0.00000000000000e+00
146 3.52499999999999e+00 0.00000000000000e+00 0.00000000000000e+00
147 3.54999999999999e+00 0.00000000000000e+00 0.00000000000000e+00
148 3.57499999999999e+00 0.00000000000000e+00 0.00000000000000e+00
149 3.59999999999999e+00 0.00000000000000e+00 0.00000000000000e+00
150 3.62499999999999e+00 0.00000000000000e+00 0.00000000000000e+00
151 3.64999999999999e+00 0.00000000000000e+00 0.00000000000000e+00
152 3.67499999999999e+00 0.00000000000000e+00 0.00000000000000e+00
153 3.69999999999999e+00 0.00000000000000e+00 0.00000000000000e+00
154 3.72499999999999e+00 0.00000000000000e+00 0.00000000000000e+00
155 3.74999999999999e+00 0.00000000000000e+00 0.00000000000000e+00
156 3.77499999999999e+00 0.00000000000000e+00 0.00000000000000e+00
157 3.79999999999999e+00 0.00000000000000e+00 0.00000000000000e+00
158 3.82499999999999e+00 0.00000000000000e+00 0.00000000000000e+00
159 3.84999999999999e+00 0.00000000000000e+00 0.00000000000000e+00
160 3.87499999999999e+00 0.00000000000000e+00 0.00000000000000e+00
161 3.89999999999999e+00 0.00000000000000e+00 0.00000000000000e+00
162 3.92499999999999e+00 0.00000000000000e+00 0.00000000000000e+00
163 3.94999999999999e+00 0.00000000000000e+00 0.00000000000000e+00
164 3.97499999999999e+00 0.00000000000000e+00 0.00000000000000e+00
165 3.99999999999999e+00 0.00000000000000e+00 0.00000000000000e+00
166 4.02499999999999e+00 0.00000000000000e+00 0.00000000000000e+00
167 4.04999999999999e+00 0.00000000000000e+00 0.00000000000000e+00
168 4.07499999999999e+00 0.00000000000000e+00 0.00000000000000e+00
169 4.09999999999999e+00 0.00000000000000e+00 0.00000000000000e+00
170 4.12499999999999e+00 0.00000000000000e+00 0.00000000000000e+00
171 4.14999999999999e+00 0.00000000000000e+00 0.00000000000000e+00
172 4.17499999999999e+00 0.00000000000000e+00 0.00000000000000e+00
173 4.19999999999999e+00 0.00000000000000e+00 0.00000000000000e+00
174 4.22499999999999e+00 0.00000000000000e+00 0.00000000000000e+00
175 4.24999999999999e+00 0.00000000000000e+00 0.00000000000000e+00
176 4.27499999999999e+00 0.00000000000000e+00 0.00000000000000e+00
177 4.29999999999999e+00 0.00000000000000e+00 0.00000000000000e+00
178 4.32499999999999e+00 0.00000000000000e+00 0.00000000000000e+00
179 4.34999999999999e+00 0.00000000000000e+00 0.00000000000000e+00
180 4.37499999999999e+00 0.00000000000000e+00 0.00000000000000e+00
181 4.40000000000000e+00 0.00000000000000e+00 0.00000000000000e+00
182 4.42500000000000e+00 0.00000000000000e+00 0.00000000000000e+00
183 4.45000000000000e+00 0.00000000000000e+00 0.00000000000000e+00
184 4.47500000000000e+00 0.00000000000000e+00 0.00000000000000e+00
185 4.50000000000000e+00 0.00000000000000e+00 0.00000000000000e+00
186 4.52500000000000e+00 0.00000000000000e+00 0.00000000000000e+00
187 4.55000000000000e+00 0.00000000000000e+00 0.00000000000000e+00
188 4.57500000000000e+00 0.00000000000000e+00 0.00000000000000e+00
189 4.60000000000000e+00 0.00000000000000e+00 0.00000000000000e+00
190 4.62500000000000e+00 0.00000000000000e+00 0.00000000000000e+00
191 4.65000000000000e+00 0.00000000000000e+00 0.00000000000000e+00
192 4.67500000000000e+00 0.00000000000000e+00 0.00000000000000e+00
193 4.70000000000000e+00 0.00000000000000e+00 0.00000000000000e+00
194 4.72500000000000e+00 0.00000000000000e+00 0.00000000000000e+00
195 4.75000000000000e+00 0.00000000000000e+00 0.00000000000000e+00
196 4.77500000000000e+00 0.00000000000000e+00 0.00000000000000e+00
197 4.80000000000000e+00 0.00000000000000e+00 0.00000000000000e+00
198 4.82500000000000e+00 0.00000000000000e+00 0.00000000000000e+00
199 4.85000000000000e+00 0.00000000000000e+00 0.00000000000000e+00
200 4.87500000000000e+00 0.00000000000000e+00 0.00000000000000e+00
201 4.90000000000000e+00 0.00000000000000e+00 0.00000000000000e+00
202 4.92500000000000e+00 0.00000000000000e+00 0.00000000000000e+00
203 4.95000000000000e+00 0.00000000000000e+00 0.00000000000000e+00
204 4.97500000000000e+00 0.00000000000000e+00 0.00000000000000e+00
205 0.00000000000000e+00 9.75000000000000e-01 0.00000000000000e+00
282 5.00000000000000e+00 9.75000000000001e-01 0.00000000000000e+00
283 4.97500000000000e+00 1.00000000000000e+00 0.00000000000000e+00
284 4.95000000000000e+00 1.00000000000000e+00 0.00000000000000e+00
285 4.92500000000000e+00 1.00000000000000e+00 0.00000000000000e+00
286 4.90000000000000e+00 1.00000000000000e+00 0.00000000000000e+00
287 4.87500000000000e+00 1.00000000000000e+00 0.00000000000000e+00
288 4.85000000000000e+00 1.00000000000000e+00 0.00000000000000e+00
289 4.82500000000000e+00 1.00000000000000e+00 0.00000000000000e+00
290 4.80000000000000e+00 1.00000000000000e+00 0.00000000000000e+00
291 4.77500000000000e+00 1.00000000000000e+00 0.00000000000000e+00
292 4.75000000000000e+00 1.00000000000000e+00 0.00000000000000e+00
293 4.72500000000000e+00 1.00000000000000e+00 0.00000000000000e+00
294 4.70000000000000e+00 1.00000000000000e+00 0.00000000000000e+00
295 4.67500000000000e+00 1.00000000000000e+00 0.00000000000000e+00
296 4.65000000000000e+00 1.00000000000000e+00 0.00000000000000e+00
297 4.62500000000000e+00 1.00000000000000e+00 0.00000000000000e+00
298 4.60000000000000e+00 1.00000000000000e+00 0.00000000000000e+00
299 4.57500000000000e+00 1.00000000000000e+00 0.00000000000000e+00
300 4.55000000000000e+00 1.00000000000000e+00 0.00000000000000e+00
301 4.52500000000000e+00 1.00000000000000e+00 0.00000000000000e+00
302 4.50000000000000e+00 1.00000000000000e+00 0.00000000000000e+00
303 4.47500000000000e+00 1.00000000000000e+00 0.00000000000000e+00
304 4.45000000000000e+00 1.00000000000000e+00 0.00000000000000e+00
305 4.42500000000000e+00 1.00000000000000e+00 0.00000000000000e+00
306 4.40000000000000e+00 1.00000000000000e+00 0.00000000000000e+00
307 4.37500000000000e+00 1.00000000000000e+00 0.00000000000000e+00
308 4.35000000000000e+00 1.00000000000000e+00 0.00000000000000e+00
309 4.32500000000000e+00 1.00000000000000e+00 0.00000000000000e+00
310 4.30000000000000e+00 1.00000000000000e+00 0.00000000000000e+00
311 4.27500000000000e+00 1.00000000000000e+00 0.00000000000000e+00
312 4.25000000000000e+00 1.00000000000000e+00 0.00000000000000e+00
313 4.22500000000000e+00 1.00000000000000e+00 0.00000000000000e+00
314 4.20000000000000e+00 1.00000000000000e+00 0.00000000000000e+00
315 4.17500000000000e+00 1.00000000000000e+00 0.00000000000000e+00
316 4.15000000000000e+00 1.00000000000000e+00 0.00000000000000e+00
317 4.12500000000000e+00 1.00000000000000e+00 0.00000000000000e+00
318 4.10000000000000e+00 1.00000000000000e+00 0.00000000000000e+00
319 4.07500000000000e+00 1.00000000000000e+00 0.00000000000000e+00
320 4.05000000000000e+00 1.00000000000000e+00 0.00000000000000e+00
321 4.02500000000000e+00 1.00000000000000e+00 0.00000000000000e+00
322 4.00000000000000e+00 1.00000000000000e+00 0.00000000000000e+00
323 3.97500000000000e+00 1.00000000000000e+00 0.00000000000000e+00
324 3.95000000000000e+00 1.00000000000000e+00 0.00000000000000e+00
325 3.92500000000000e+00 1.00000000000000e+00 0.00000000000000e+00
326 3.90000000000000e+00 1.00000000000000e+00 0.00000000000000e+00
327 3.87500000000000e+00 1.00000000000000e+00 0.00000000000000e+00
328 3.85000000000000e+00 1.00000000000000e+00 0.00000000000000e+00
329 3.82500000000000e+00 1.00000000000000e+00 0.00000000000000e+00
330 3.80000000000000e+00 1.00000000000000e+00 0.00000000000000e+00
331 3.77500000000000e+00 1.00000000000000e+00 0.00000000000000e+00
332 3.75000000000000e+00 1.00000000000000e+00 0.00000000000000e+00
333 3.72500000000000e+00 1.00000000000000e+00 0.00000000000000e+00
334 3.70000000000000e+00 1.00000000000000e+00 0.00000000000000e+00
335 3.67500000000000e+00 1.00000000000000e+00 0.00000000000000e+00
336 3.65000000000000e+00 1.00000000000000e+00 0.00000000000000e+00
337 3.62500000000000e+00 1.00000000000000e+00 0.00000000000000e+00
338 3.60000000000000e+00 1.00000000000000e+00 0.00000000000000e+00
339 3.57500000000000e+00 1.00000000000000e+00 0.00000000000000e+00
340 3.55000000000000e+00 1.00000000000000e+00 0.00000000000000e+00
341 3.52500000000000e+00 1.00000000000000e+00 0.00000000000000e+00
342 3.50000000000000e+00 1.00000000000000e+00 0.00000000000000e+00
343 3.47500000000000e+00 1.00000000000000e+00 0.00000000000000e+00
344 3.45000000000000e+00 1.00000000000000e+00 0.00000000000000e+00
345 3.42500000000000e+00 1.00000000000000e+00 0.00000000000000e+00
346 3.40000000000000e+00 1.00000000000000e+00 0.00000000000000e+00
347 3.37500000000000e+00 1.00000000000000e+00 0.00000000000000e+00
348 3.35000000000000e+00 1.00000000000000e+00 0.00000000000000e+00
349 3.32500000000000e+00 1.00000000000000e+00 0.00000000000000e+00
350 3.30000000000000e+00 1.00000000000000e+00 0.00000000000000e+00
351 3.27500000000000e+00 1.00000000000000e+00 0.00000000000000e+00
352 3.25000000000000e+00 1.00000000000000e+00 0.00000000000000e+00
353 3.22500000000000e+00 1.00000000000000e+00 0.00000000000000e+00
354 3.20000000000000e+00 1.00000000000000e+00 0.00000000000000e+00
355 3.17500000000000e+00 1.00000000000000e+00 0.00000000000000e+00
356 3.15000000000000e+00 1.00000000000000e+00 0.00000000000000e+00
357 3.12500000000000e+00 1.00000000000000e+00 0.00000000000000e+00
358 3.10000000000000e+00 1.00000000000000e+00 0.00000000000000e+00
359 3.07500000000000e+00 1.00000000000000e+00 0.00000000000000e+00
360 3.05000000000000e+00 1.00000000000000e+00 0.00000000000000e+00
361 3.02500000000000e+00 1.00000000000000e+00 0.00000000000000e+00
362 3.00000000000000e+00 1.00000000000000e+00 0.00000000000000e+00
363 2.97500000000000e+00 1.00000000000000e+00 0.00000000000000e+00
364 2.95000000000000e+00 1.00000000000000e+00 0.00000000000000e+00
365 2.92500000000000e+00 1.00000000000000e+00 0.00000000000000e+00
366 2.90000000000000e+00 1.00000000000000e+00 0.00000000000000e+00
367 2.87500000000000e+00 1.00000000000000e+00 0.00000000000000e+00
368 2.85000000000000e+00 1.00000000000000e+00 0.00000000000000e+00
369 2.82500000000000e+00 1.00000000000000e+00 0.00000000000000e+00
370 2.80000000000000e+00 1.00000000000000e+00 0.00000000000000e+00
371 2.77500000000000e+00 1.00000000000000e+00 0.00000000000000e+00
372 2.75000000000000e+00 1.00000000000000e+00 0.00000000000000e+00
373 2.72500000000000e+00 1.00000000000000e+00 0.00000000000000e+00
374 2.70000000000000e+00 1.00000000000000e+00 0.00000000000000e+00
375 2.67500000000000e+00 1.00000000000000e+00 0.00000000000000e+00
376 2.65000000000000e+00 1.00000000000000e+00 0.00000000000000e+00
377 2.62500000000000e+00 1.00000000000000e+00 0.00000000000000e+00
378 2.60000000000000e+00 1.00000000000000e+00 0.00000000000000e+00
379 2.57500000000000e+00 1.00000000000000e+00 0.00000000000000e+00
380 2.55000000000000e+00 1.00000000000000e+00 0.00000000000000e+00
381 2.52500000000000e+00 1.00000000000000e+00 0.00000000000000e+00
382 2.50000000000000e+00 1.00000000000000e+00 0.00000000000000e+00
383 2.47500000000000e+00 1.00000000000000e+00 0.00000000000000e+00
384 2.45000000000001e+00 1.00000000000000e+00 0.00000000000000e+00
385 2.42500000000001e+00 1.00000000000000e+00 0.00000000000000e+00
386 2.40000000000001e+00 1.00000000000000e+00 0.00000000000000e+00
387 2.37500000000001e+00 1.00000000000000e+00 0.00000000000000e+00
388 2.35000000000001e+00 1.00000000000000e+00 0.00000000000000e+00
389 2.32500000000001e+00 1.00000000000000e+00 0.00000000000000e+00
390 2.30000000000001e+00 1.00000000000000e+00 0.00000000000000e+00
391 2.27500000000001e+00 1.00000000000000e+00 0.00000000000000e+00
392 2.25000000000001e+00 1.00000000000000e+00 0.00000000000000e+00
393 2.22500000000001e+00 1.00000000000000e+00 0.00000000000000e+00
394 2.20000000000001e+00 1.00000000000000e+00 0.00000000000000e+00
395 2.17500000000001e+00 1.00000000000000e+00 0.00000000000000e+00
396 2.15000000000001e+00 1.00000000000000e+00 0.00000000000000e+00
397 2.12500000000001e+00 1.00000000000000e+00 0.00000000000000e+00
398 2.10000000000001e+00 1.00000000000000e+00 0.00000000000000e+00
399 2.07500000000001e+00 1.00000000000000e+00 0.00000000000000e+00
400 2.05000000000001e+00 1.00000000000000e+00 0.00000000000000e+00
401 2.02500000000001e+00 1.00000000000000e+00 0.00000000000000e+00
402 2.00000000000001e+00 1.00000000000000e+00 0.00000000000000e+00
403 1.97500000000001e+00 1.00000000000000e+00 0.00000000000000e+00
404 1.95000000000001e+00 1.00000000000000e+00 0.00000000000000e+00
405 1.92500000000001e+00 1.00000000000000e+00 0.00000000000000e+00
406 1.90000000000001e+00 1.00000000000000e+00 0.00000000000000e+00
407 1.87500000000001e+00 1.00000000000000e+00 0.00000000000000e+00
408 1.85000000000001e+00 1.00000000000000e+00 0.00000000000000e+00
409 1.82500000000001e+00 1.00000000000000e+00 0.00000000000000e+00
410 1.80000000000001e+00 1.00000000000000e+00 0.00000000000000e+00
411 1.77500000000001e+00 1.00000000000000e+00 0.00000000000000e+00
412 1.75000000000001e+00 1.00000000000000e+00 0.00000000000000e+00
413 1.72500000000001e+00 1.00000000000000e+00 0.00000000000000e+00
414 1.70000000000001e+00 1.00000000000000e+00 0.00000000000000e+00
415 1.67500000000001e+00 1.00000000000000e+00 0.00000000000000e+00
416 1.65000000000001e+00 1.00000000000000e+00 0.00000000000000e+00
417 1.62500000000001e+00 1.00000000000000e+00 0.00000000000000e+00
418 1.60000000000001e+00 1.00000000000000e+00 0.00000000000000e+00
419 1.57500000000001e+00 1.00000000000000e+00 0.00000000000000e+00
420 1.55000000000001e+00 1.00000000000000e+00 0.00000000000000e+00
421 1.52500000000001e+00 1.00000000000000e+00 0.00000000000000e+00
422 1.50000000000001e+00 1.00000000000000e+00 0.00000000000000e+00
423 1.47500000000001e+00 1.00000000000000e+00 0.00000000000000e+00
424 1.45000000000001e+00 1.00000000000000e+00 0.00000000000000e+00
425 1.42500000000001e+00 1.00000000000000e+00 0.00000000000000e+00
426 1.40000000000001e+00 1.00000000000000e+00 0.00000000000000e+00
427 1.37500000000001e+00 1.00000000000000e+00 0.00000000000000e+00
428 1.35000000000001e+00 1.00000000000000e+00 0.00000000000000e+00
429 1.32500000000001e+00 1.00000000000000e+00 0.00000000000000e+00
430 1.30000000000001e+00 1.00000000000000e+00 0.00000000000000e+00
431 1.27500000000001e+00 1.00000000000000e+00 0.00000000000000e+00
432 1.25000000000001e+00 1.00000000000000e+00 0.00000000000000e+00
433 1.22500000000001e+00 1.00000000000000e+00 0.00000000000000e+00
434 1.20000000000001e+00 1.00000000000000e+00 0.00000000000000e+00
435 1.17500000000001e+00 1.00000000000000e+00 0.00000000000000e+00
436 1.15000000000001e+00 1.00000000000000e+00 0.00000000000000e+00
437 1.12500000000001e+00 1.00000000000000e+00 0.00000000000000e+00
438 1.10000000000001e+00 1.00000000000000e+00 0.00000000000000e+00
439 1.07500000000001e+00 1.00000000000000e+00 0.00000000000000e+00
440 1.05000000000001e+00 1.00000000000000e+00 0.00000000000000e+00
441 1.02500000000001e+00 1.00000000000000e+00 0.00000000000000e+00
442 1.00000000000001e+00 1.00000000000000e+00 0.00000000000000e+00
443 9.75000000000010e-01 1.00000000000000e+00 0.00000000000000e+00
444 9.50000000000010e-01 1.00000000000000e+00 0.00000000000000e+00
445 9.25000000000010e-01 1.00000000000000e+00 0.00000000000000e+00
446 9.00000000000009e-01 1.00000000000000e+00 0.00000000000000e+00
447 8.75000000000009e-01 1.00000000000000e+00 0.00000000000000e+00
448 8.50000000000009e-01 1.00000000000000e+00 0.00000000000000e+00
449 8.25000000000008e-01 1.00000000000000e+00 0.00000000000000e+00
450 8.00000000000008e-01 1.00000000000000e+00 0.00000000000000e+00
451 7.75000000000007e-01 1.00000000000000e+00 0.00000000000000e+00
452 7.50000000000007e-01 1.00000000000000e+00 0.00000000000000e+00
453 7.25000000000007e-01 1.00000000000000e+00 0.00000000000000e+00
454 7.00000000000006e-01 1.00000000000000e+00 0.00000000000000e+00
455 6.75000000000006e-01 1.00000000000000e+00 0.00000000000000e+00
456 6.50000000000006e-01 1.00000000000000e+00 0.00000000000000e+00
457 6.25000000000005e-01 1.00000000000000e+00 0.00000000000000e+00
458 6.00000000000005e-01 1.00000000000000e+00 0.00000000000000e+00
459 5.75000000000005e-01 1.00000000000000e+00 0.00000000000000e+00
460 5.50000000000004e-01 1.00000000000000e+00 0.00000000000000e+00
461 5.25000000000004e-01 1.00000000000000e+00 0.00000000000000e+00
462 5.00000000000004e-01 1.00000000000000e+00 0.00000000000000e+00
463 4.75000000000003e-01 1.00000000000000e+00 0.00000000000000e+00
464 4.50000000000003e-01 1.00000000000000e+00 0.00000000000000e+00
465 4.25000000000002e-01 1.00000000000000e+00 0.00000000000000e+00
466 4.00000000000002e-01 1.00000000000000e+00 0.00000000000000e+00
467 3.75000000000002e-01 1.00000000000000e+00 0.00000000000000e+00
468 3.50000000000001e-01 1.00000000000000e+00 0.00000000000000e+00
469 3.25000000000001e-01 1.00000000000000e+00 0.00000000000000e+00
470 3.00000000000001e-01 1.00000000000000e+00 0.00000000000000e+00
471 2.75000000000000e-01 1.00000000000000e+00 0.00000000000000e+00
472 2.50000000000000e-01 1.00000000000000e+00 0.00000000000000e+00
473 2.25000000000000e-01 1.00000000000000e+00 0.00000000000000e+00
474 1.99999999999999e-01 1.00000000000000e+00 0.00000000000000e+00
475 1.74999999999999e-01 1.00000000000000e+00 0.00000000000000e+00
476 1.49999999999999e-01 1.00000000000000e+00 0.00000000000000e+00
477 1.24999999999998e-01 1.00000000000000e+00 0.00000000000000e+00
478 9.99999999999979e-02 1.00000000000000e+00 0.00000000000000e+00
479 7.49999999999975e-02 1.00000000000000e+00 0.00000000000000e+00
480 4.99999999999972e-02 1.00000000000000e+00 0.00000000000000e+00
481 2.49999999999968e-02 1.00000000000000e+00 0.00000000000000e+00
482 1.12259816005040e+00 5.24386290252016e-01 0.00000000000000e+00
483 1.11548494156391e+00 5.47835429045636e-01 0.00000000000000e+00
484 1.10393370153782e+00 5.69446279127450e-01 0.00000000000000e+00
485 1.08838834764832e+00 5.88388347648318e-01 0.00000000000000e+00
486 1.06944627912745e+00 6.03933701537818e-01 0.00000000000000e+00
487 1.04783542904564e+00 6.15484941563911e-01 0.00000000000000e+00
488 1.02438629025202e+00 6.22598160050404e-01 0.00000000000000e+00
489 1.00000000000000e+00 6.25000000000000e-01 0.00000000000000e+00
490 9.75613709747984e-01 6.22598160050404e-01 0.00000000000000e+00
491 9.52164570954364e-01 6.15484941563911e-01 0.00000000000000e+00
492 9.30553720872550e-01 6.03933701537818e-01 0.00000000000000e+00
493 9.11611652351682e-01 5.88388347648318e-01 0.00000000000000e+00
494 8.96066298462182e-01 5.69446279127450e-01 0.00000000000000e+00
495 8.84515058436089e-01 5.47835429045636e-01 0.00000000000000e+00
496 8.77401839949596e-01 5.24386290252016e-01 0.00000000000000e+00
497 8.75000000000000e-01 5.00000000000000e-01 0.00000000000000e+00
498 8.77401839949596e-01 4.75613709747984e-01 0.00000000000000e+00
499 8.84515058436089e-01 4.52164570954364e-01 0.00000000000000e+00
500 8.96066298462182e-01 4.30553720872550e-01 0.00000000000000e+00
501 9.11611652351682e-01 4.11611652351681e-01 0.00000000000000e+00
502 9.30553720872550e-01 3.96066298462182e-01 0.00000000000000e+00
503 9.52164570954364e-01 3.84515058436089e-01 0.00000000000000e+00
504 9.75613709747984e-01 3.77401839949596e-01 0.00000000000000e+00
505 1.00000000000000e+00 3.75000000000000e-01 0.00000000000000e+00
506 1.02438629025202e+00 3.77401839949596e-01 0.00000000000000e+00
507 1.04783542904564e+00 3.84515058436089e-01 0.00000000000000e+00
508 1.06944627912745e+00 3.96066298462182e-01 0.00000000000000e+00
509 1.08838834764832e+00 4.11611652351682e-01 0.00000000000000e+00
510 1.10393370153782e+00 4.30553720872550e-01 0.00000000000000e+00
511 1.11548494156391e+00 4.52164570954364e-01 0.00000000000000e+00
512 1.12259816005040e+00 4.75613709747984e-01 0.00000000000000e+00
1 102 1 6 
2 102 6 7 
3 102 7 8 
4 102 8 9 
5 102 9 10 
6 102 10 11 
7 102 11 12 
8 102 12 13 
9 102 13 14 
10 102 14 15 
11 102 15 16 
12 102 16 17 
13 102 17 18 
14 102 18 19 
15 102 19 20 
16 102 20 21 
17 102 21 22 
18 102 22 23 
19 102 23 24 
20 102 24 25 
21 102 25 26 
22 102 26 27 
23 102 27 28 
24 102 28 29 
25 102 29 30 
26 102 30 31 
27 102 31 32 
28 102 32 33 
29 102 33 34 
30 102 34 35 
31 102 35 36 
32 102 36 37 
33 102 37 38 
34 102 38 39 
35 102 39 40 
36 102 40 41 
37 102 41 42 
38 102 42 43 
39 102 43 44 
40 102 44 45 
41 102 45 46 
42 102 46 47 
43 102 47 48 
44 102 48 49 
45 102 49 50 
46 102 50 51 
47 102 51 52 
48 102 52 53 
49 102 53 54 
50 102 54 55 
51 102 55 56 
52 102 56 57 
53 102 57 58 
54 102 58 59 
55 102 59 60 
56 102 60 61 
57 102 61 62 
58 102 62 63 
59 102 63 64 
60 102 64 65 
61 102 65 66 
62 102 66 67 
63 102 67 68 
64 102 68 69 
65 102 69 70 
66 102 70 71 
67 102 71 72 
68 102 72 73 
69 102 73 74 
70 102 74 75 
71 102 75 76 
72 102 76 77 
73 102 77 78 
74 102 78 79 
75 102 79 80 
76 102 80 81 
77 102 81 82 
78 102 82 83 
79 102 83 84 
80 102 84 85 
81 102 85 86 
82 102 86 87 
83 102 87 88 
84 102 88 89 
85 102 89 90 
86 102 90 91 
87 102 91 92 
88 102 92 93 
89 102 93 94 
90 102 94 95 
91 102 95 96 
92 102 96 97 
93 102 97 98 
94 102 98 99 
95 102 99 100 
96 102 100 101 
97 102 101 102 
98 102 102 103 
99 102 103 104 
100 102 104 105 
101 102 105 106 
102 102 106 107 
103 102 107 108 
104 102 108 109 
105 102 109 110 
106 102 110 111 
107 102 111 112 
108 102 112 113 
109 102 113 114 
110 102 114 115 
111 102 115 116 
112 102 116 117 
113 102 117 118 
114 102 118 119 
115 102 119 120 
116 102 120 121 
117 102 121 122 
118 102 122 123 
119 102 123 124 
120 102 124 125 
121 102 125 126 
122 102 126 127 
123 102 127 128 
124 102 128 129 
125 102 129 130 
126 102 130 131 
127 102 131 132 
128 102 132 133 
129 102 133 134 
130 102 134 135 
131 102 135 136 
132 102 136 137 
133 102 137 138 
134 102 138 139 
135 102 139 140 
136 102 140 141 
137 102 141 142 
138 102 142 143 
139 102 143 144 
140 102 144 145 
141 102 145 146 
142 102 146 147 
143 102 147 148 
144 102 148 149 
145 102 149 150 
146 102 150 151 
147 102 151 152 
148 102 152 153 
149 102 153 154 
150 102 154 155 
151 102 155 156 
152 102 156 157 
153 102 157 158 
154 102 158 159 
155 102 159 160 
156 102 160 161 
157 102 161 162 
158 102 162 163 
159 102 163 164 
160 102 164 165 
161 102 165 166 
162 102 166 167 
163 102 167 168 
164 102 168 169 
165 102 169 170 
166 102 170 171 
167 102 171 172 
168 102 172 173 
169 102 173 174 
170 102 174 175 
171 102 175 176 
172 102 176 177 
173 102 177 178 
174 102 178 179 
175 102 179 180 
176 102 180 181 
177 102 181 182 
178 102 182 183 
179 102 183 184 
180 102 184 185 
181 102 185 186 
182 102 186 187 
183 102 187 188 
184 102 188 189 
185 102 189 190 
186 102 190 191 
187 102 191 192 
188 102 192 193 
189 102 193 194 
190 102 194 195 
191 102 195 196 
192 102 196 197 
193 102 197 198 
194 102 198 199 
195 102 199 200 
196 102 200 201 
197 102 201 202 
198 102 202 203 
199 102 203 204 
200 102 204 2 
201 102 3 205 
280 102 282 4 
281 102 4 283 
282 102 283 284 
283 102 284 285 
284 102 285 286 
285 102 286 287 
286 102 287 288 
287 102 288 289 
288 102 289 290 
289 102 290 291 
290 102 291 292 
291 102 292 293 
292 102 293 294 
293 102 294 295 
294 102 295 296 
295 102 296 297 
296 102 297 298 
297 102 298 299 
298 102 299 300 
299 102 300 301 
300 102 301 302 
301 102 302 303 
302 102 303 304 
303 102 304 305 
304 102 305 306 
305 102 306 307 
306 102 307 308 
307 102 308 309 
308 102 309 310 
309 102 310 311 
310 102 311 312 
311 102 312 313 
312 102 313 314 
313 102 314 315 
314 102 315 316 
315 102 316 317 
316 102 317 318 
317 102 318 319 
318 102 319 320 
319 102 320 321 
320 102 321 322 
321 102 322 323 
322 102 323 324 
323 102 324 325 
324 102 325 326 
325 102 326 327 
326 102 327 328 
327 102 328 329 
328 102 329 330 
329 102 330 331 
330 102 331 332 
331 102 332 333 
332 102 333 334 
333 102 334 335 
334 102 335 336 
335 102 336 337 
336 102 337 338 
337 102 338 339 
338 102 339 340 
339 102 340 341 
340 102 341 342 
341 102 342 343 
342 102 343 344 
343 102 344 345 
344 102 345 346 
345 102 346 347 
346 102 347 348 
347 102 348 349 
348 102 349 350 
349 102 350 351 
350 102 351 352 
351 102 352 353 
352 102 353 354 
353 102 354 355 
354 102 355 356 
355 102 356 357 
356 102 357 358 
357 102 358 359 
358 102 359 360 
359 102 360 361 
360 102 361 362 
361 102 362 363 
362 102 363 364 
363 102 364 365 
364 102 365 366 
365 102 366 367 
366 102 367 368 
367 102 368 369 
368 102 369 370 
369 102 370 371 
370 102 371 372 
371 102 372 373 
372 102 373 374 
373 102 374 375 
374 102 375 376 
375 102 376 377 
376 102 377 378 
377 102 378 379 
378 102 379 380 
379 102 380 381 
380 102 381 382 
381 102 382 383 
382 102 383 384 
383 102 384 385 
384 102 385 386 
385 102 386 387 
386 102 387 388 
387 102 388 389 
388 102 389 390 
389 102 390 391 
390 102 391 392 
391 102 392 393 
392 102 393 394 
393 102 394 395 
394 102 395 396 
395 102 396 397 
396 102 397 398 
397 102 398 399 
398 102 399 400 
399 102 400 401 
400 102 401 402 
401 102 402 403 
402 102 403 404 
403 102 404 405 
404 102 405 406 
405 102 406 407 
406 102 407 408 
407 102 408 409 
408 102 409 410 
409 102 410 411 
410 102 411 412 
411 102 412 413 
412 102 413 414 
413 102 414 415 
414 102 415 416 
415 102 416 417 
416 102 417 418 
417 102 418 419 
418 102 419 420 
419 102 420 421 
420 102 421 422 
421 102 422 423 
422 102 423 424 
423 102 424 425 
424 102 425 426 
425 102 426 427 
426 102 427 428 
427 102 428 429 
428 102 429 430 
429 102 430 431 
430 102 431 432 
431 102 432 433 
432 102 433 434 
433 102 434 435 
434 102 435 436 
435 102 436 437 
436 102 437 438 
437 102 438 439 
438 102 439 440 
439 102 440 441 
440 102 441 442 
441 102 442 443 
442 102 443 444 
443 102 444 445 
444 102 445 446 
445 102 446 447 
446 102 447 448 
447 102 448 449 
448 102 449 450 
449 102 450 451 
450 102 451 452 
451 102 452 453 
452 102 453 454 
453 102 454 455 
454 102 455 456 
455 102 456 457 
456 102 457 458 
457 102 458 459 
458 102 459 460 
459 102 460 461 
460 102 461 462 
461 102 462 463 
462 102 463 464 
463 102 464 465 
464 102 465 466 
465 102 466 467 
466 102 467 468 
467 102 468 469 
468 102 469 470 
469 102 470 471 
470 102 471 472 
471 102 472 473 
472 102 473 474 
473 102 474 475 
474 102 475 476 
475 102 476 477 
476 102 477 478 
477 102 478 479 
478 102 479 480 
479 102 480 481 
480 102 481 3 
481 102 5 482 
482 102 482 483 
483 102 483 484 
484 102 484 485 
485 102 485 486 
486 102 486 487 
487 102 487 488 
488 102 488 489 
489 102 489 490 
490 102 490 491 
491 102 491 492 
492 102 492 493 
493 102 493 494 
494 102 494 495 
495 102 495 496 
496 102 496 497 
497 102 497 498 
498 102 498 499 
499 102 499 500 
500 102 500 501 
501 102 501 502 
502 102 502 503 
503 102 503 504 
504 102 504 505 
505 102 505 506 
506 102 506 507 
507 102 507 508 
508 102 508 509 
509 102 509 510 
510 102 510 511 
511 102 511 512 
512 102 512 5 
