113 111
1 0.00000000000000e+00 0.00000000000000e+00 0.00000000000000e+00
2 5.00000000000000e+00 0.00000000000000e+00 0.00000000000000e+00
3 0.00000000000000e+00 1.00000000000000e+00 0.00000000000000e+00
4 5.00000000000000e+00 1.00000000000000e+00 0.00000000000000e+00
5 1.12500000000000e+00 5.00000000000000e-01 0.00000000000000e+00
6 9.99999999999985e-02 0.00000000000000e+00 0.00000000000000e+00
7 1.99999999999997e-01 0.00000000000000e+00 0.00000000000000e+00
8 2.99999999999996e-01 0.00000000000000e+00 0.00000000000000e+00
9 3.99999999999995e-01 0.00000000000000e+00 0.00000000000000e+00
10 4.99999999999994e-01 0.00000000000000e+00 0.00000000000000e+00
11 5.99999999999993e-01 0.00000000000000e+00 0.00000000000000e+00
12 6.99999999999991e-01 0.00000000000000e+00 0.00000000000000e+00
13 7.99999999999990e-01 0.00000000000000e+00 0.00000000000000e+00
14 8.99999999999989e-01 0.00000000000000e+00 0.00000000000000e+00
15 9.99999999999987e-01 0.00000000000000e+00 0.00000000000000e+00
16 1.09999999999999e+00 0.00000000000000e+00 0.00000000000000e+00
17 1.19999999999999e+00 0.00000000000000e+00 0.00000000000000e+00
18 1.29999999999998e+00 0.00000000000000e+00 0.00000000000000e+00
19 1.39999999999998e+00 0.00000000000000e+00 0.00000000000000e+00
20 1.49999999999998e+00 0.00000000000000e+00 0.00000000000000e+00
21 1.59999999999998e+00 0.00000000000000e+00 0.00000000000000e+00
22 1.69999999999998e+00 0.00000000000000e+00 0.00000000000000e+00
23 1.79999999999998e+00 0.00000000000000e+00 0.00000000000000e+00
24 1.89999999999998e+00 0.00000000000000e+00 0.00000000000000e+00
25 1.99999999999998e+00 0.00000000000000e+00 0.00000000000000e+00
26 2.09999999999998e+00 0.00000000000000e+00 0.00000000000000e+00
27 2.19999999999998e+00 0.00000000000000e+00 0.00000000000000e+00
28 2.29999999999998e+00 0.00000000000000e+00 0.00000000000000e+00
29 2.39999999999998e+00 0.00000000000000e+00 0.00000000000000e+00
30 2.49999999999998e+00 0.00000000000000e+00 0.00000000000000e+00
31 2.59999999999998e+00 0.00000000000000e+00 0.00000000000000e+00
32 2.69999999999998e+00 0.00000000000000e+00 0.00000000000000e+00
33 2.79999999999998e+00 0.00000000000000e+00 0.00000000000000e+00
34 2.89999999999998e+00 0.00000000000000e+00 0.00000000000000e+00
35 2.99999999999999e+00 0.00000000000000e+00 0.00000000000000e+00
36 3.09999999999999e+00 0.00000000000000e+00 0.00000000000000e+00
37 3.19999999999999e+00 0.00000000000000e+00 0.00000000000000e+00
38 3.29999999999999e+00 0.00000000000000e+00 0.00000000000000e+00
39 3.39999999999999e+00 0.00000000000000e+00 0.00000000000000e+00
40 3.49999999999999e+00 0.00000000000000e+00 0.00000000000000e+00
41 3.59999999999999e+00 0.00000000000000e+00 0.00000000000000e+00
42 3.69999999999999e+00 0.00000000000000e+00 0.00000000000000e+00
43 3.79999999999999e+00 0.00000000000000e+00 0.00000000000000e+00
44 3.89999999999999e+00 0.00000000000000e+00 0.00000000000000e+00
45 3.99999999999999e+00 0.00000000000000e+00 0.00000000000000e+00
46 4.09999999999999e+00 0.00000000000000e+00 0.00000000000000e+00
47 4.19999999999999e+00 0.00000000000000e+00 0.00000000000000e+00
48 4.30000000000000e+00 0.00000000000000e+00 0.00000000000000e+00
49 4.40000000000000e+00 0.00000000000000e+00 0.00000000000000e+00
50 4.50000000000000e+00 0.00000000000000e+00 0.00000000000000e+00
51 4.60000000000000e+00 0.00000000000000e+00 0.00000000000000e+00
52 4.70000000000000e+00 0.00000000000000e+00 0.00000000000000e+00
53 4.80000000000000e+00 0.00000000000000e+00 0.00000000000000e+00
54 4.90000000000000e+00 0.00000000000000e+00 0.00000000000000e+00
73 4.90000000000000e+00 1.00000000000000e+00 0.00000000000000e+00
74 4.80000000000000e+00 1.00000000000000e+00 0.00000000000000e+00
75 4.70000000000000e+00 1.00000000000000e+00 0.00000000000000e+00
76 4.60000000000001e+00 1.00000000000000e+00 0.00000000000000e+00
77 4.50000000000001e+00 1.00000000000000e+00 0.00000000000000e+00
78 4.40000000000001e+00 1.00000000000000e+00 0.00000000000000e+00
79 4.30000000000001e+00 1.00000000000000e+00 0.00000000000000e+00
80 4.20000000000001e+00 1.00000000000000e+00 0.00000000000000e+00
81 4.10000000000001e+00 1.00000000000000e+00 0.00000000000000e+00
82 4.00000000000002e+00 1.00000000000000e+00 0.00000000000000e+00
83 3.90000000000002e+00 1.00000000000000e+00 0.00000000000000e+00
84 3.80000000000002e+00 1.00000000000000e+00 0.00000000000000e+00
85 3.70000000000002e+00 1.00000000000000e+00 0.00000000000000e+00
86 3.60000000000002e+00 1.00000000000000e+00 0.00000000000000e+00
87 3.50000000000002e+00 1.00000000000000e+00 0.00000000000000e+00
88 3.40000000000002e+00 1.00000000000000e+00 0.00000000000000e+00
89 3.30000000000002e+00 1.00000000000000e+00 0.00000000000000e+00
90 3.20000000000002e+00 1.00000000000000e+00 0.00000000000000e+00
91 3.10000000000002e+00 1.00000000000000e+00 0.00000000000000e+00
92 3.00000000000002e+00 1.00000000000000e+00 0.00000000000000e+00
93 2.90000000000002e+00 1.00000000000000e+00 0.00000000000000e+00
94 2.80000000000002e+00 1.00000000000000e+00 0.00000000000000e+00
95 2.70000000000002e+00 1.00000000000000e+00 0.00000000000000e+00
96 2.60000000000002e+00 1.00000000000000e+00 0.00000000000000e+00
97 2.50000000000002e+00 1.00000000000000e+00 0.00000000000000e+00
98 2.40000000000002e+00 1.00000000000000e+00 0.00000000000000e+00
99 2.30000000000002e+00 1.00000000000000e+00 0.00000000000000e+00
100 2.20000000000002e+00 1.00000000000000e+00 0.00000000000000e+00
101 2.10000000000002e+00 1.00000000000000e+00 0.00000000000000e+00
102 2.00000000000002e+00 1.00000000000000e+00 0.00000000000000e+00
103 1.90000000000002e+00 1.00000000000000e+00 0.00000000000000e+00
104 1.80000000000001e+00 1.00000000000000e+00 0.00000000000000e+00
105 1.70000000000001e+00 1.00000000000000e+00 0.00000000000000e+00
106 1.60000000000001e+00 1.00000000000000e+00 0.00000000000000e+00
107 1.50000000000001e+00 1.00000000000000e+00 0.00000000000000e+00
108 1.40000000000001e+00 1.00000000000000e+00 0.00000000000000e+00
109 1.30000000000001e+00 1.00000000000000e+00 0.00000000000000e+00
110 1.20000000000001e+00 1.00000000000000e+00 0.00000000000000e+00
111 1.10000000000001e+00 1.00000000000000e+00 0.00000000000000e+00
112 1.00000000000001e+00 1.00000000000000e+00 0.00000000000000e+00
113 9.00000000000007e-01 1.00000000000000e+00 0.00000000000000e+00
114 8.00000000000008e-01 1.00000000000000e+00 0.00000000000000e+00
115 7.00000000000005e-01 1.00000000000000e+00 0.00000000000000e+00
116 6.00000000000005e-01 1.00000000000000e+00 0.00000000000000e+00
117 5.00000000000004e-01 1.00000000000000e+00 0.00000000000000e+00
118 4.00000000000004e-01 1.00000000000000e+00 0.00000000000000e+00
119 3.00000000000002e-01 1.00000000000000e+00 0.00000000000000e+00
120 2.00000000000002e-01 1.00000000000000e+00 0.00000000000000e+00
121 1.00000000000001e-01 1.00000000000000e+00 0.00000000000000e+00
122 1.10531682023955e+00 5.67330285716244e-01 0.00000000000000e+00
123 1.05247207090855e+00 6.13453434388599e-01 0.00000000000000e+00
124 9.84608319837962e-01 6.24048765337627e-01 0.00000000000000e+00
125 9.20806772924599e-01 5.96713146910769e-01 0.00000000000000e+00
126 8.80596613319698e-01 5.36984202698914e-01 0.00000000000000e+00
127 8.80206567699485e-01 4.64299389673818e-01 0.00000000000000e+00
128 9.19292840173181e-01 4.04546585432011e-01 0.00000000000000e+00
129 9.82014860212912e-01 3.76300627540642e-01 0.00000000000000e+00
130 1.05081476548378e+00 3.85794660331364e-01 0.00000000000000e+00
131 1.10397217490665e+00 4.30611334894085e-01 0.00000000000000e+00
1 102 1 6 
2 102 6 7 
3 102 7 8 
4 102 8 9 
5 102 9 10 
6 102 10 11 
7 102 11 12 
8 102 12 13 
9 102 13 14 
10 102 14 15 
11 102 15 16 
12 102 16 17 
13 102 17 18 
14 102 18 19 
15 102 19 20 
16 102 20 21 
17 102 21 22 
18 102 22 23 
19 102 23 24 
20 102 24 25 
21 102 25 26 
22 102 26 27 
23 102 27 28 
24 102 28 29 
25 102 29 30 
26 102 30 31 
27 102 31 32 
28 102 32 33 
29 102 33 34 
30 102 34 35 
31 102 35 36 
32 102 36 37 
33 102 37 38 
34 102 38 39 
35 102 39 40 
36 102 40 41 
37 102 41 42 
38 102 42 43 
39 102 43 44 
40 102 44 45 
41 102 45 46 
42 102 46 47 
43 102 47 48 
44 102 48 49 
45 102 49 50 
46 102 50 51 
47 102 51 52 
48 102 52 53 
49 102 53 54 
50 102 54 2 
71 102 4 73 
72 102 73 74 
73 102 74 75 
74 102 75 76 
75 102 76 77 
76 102 77 78 
77 102 78 79 
78 102 79 80 
79 102 80 81 
80 102 81 82 
81 102 82 83 
82 102 83 84 
83 102 84 85 
84 102 85 86 
85 102 86 87 
86 102 87 88 
87 102 88 89 
88 102 89 90 
89 102 90 91 
90 102 91 92 
91 102 92 93 
92 102 93 94 
93 102 94 95 
94 102 95 96 
95 102 96 97 
96 102 97 98 
97 102 98 99 
98 102 99 100 
99 102 100 101 
100 102 101 102 
101 102 102 103 
102 102 103 104 
103 102 104 105 
104 102 105 106 
105 102 106 107 
106 102 107 108 
107 102 108 109 
108 102 109 110 
109 102 110 111 
110 102 111 112 
111 102 112 113 
112 102 113 114 
113 102 114 115 
114 102 115 116 
115 102 116 117 
116 102 117 118 
117 102 118 119 
118 102 119 120 
119 102 120 121 
120 102 121 3 
121 102 122 5 
122 102 123 122 
123 102 124 123 
124 102 125 124 
125 102 126 125 
126 102 127 126 
127 102 128 127 
128 102 129 128 
129 102 130 129 
130 102 131 130 
131 102 5 131 
