738 1358
2 0.00000000000000e+00 -5.00000000000000e-01 6.12323399573677e-17
3 0.00000000000000e+00 5.00000000000000e-01 0.00000000000000e+00
4 1.00000000000000e+00 -5.00000000000000e-01 6.12323399573677e-17
5 1.00000000000000e+00 5.00000000000000e-01 0.00000000000000e+00
6 1.50000000000000e+00 -2.50000000000000e-01 3.06161699786838e-17
7 1.50000000000000e+00 2.50000000000000e-01 0.00000000000000e+00
8 2.00000000000000e+00 -2.50000000000000e-01 3.06161699786838e-17
9 2.00000000000000e+00 2.50000000000000e-01 0.00000000000000e+00
10 2.50000000000000e+00 -5.00000000000000e-01 6.12323399573677e-17
11 2.50000000000000e+00 5.00000000000000e-01 0.00000000000000e+00
13 4.00000000000000e+00 -5.00000000000000e-01 6.12323399573677e-17
14 4.00000000000000e+00 5.00000000000000e-01 0.00000000000000e+00
58 3.89950000000000e+00 -5.00000000000000e-01 6.12323399573677e-17
59 3.79900000000000e+00 -5.00000000000000e-01 6.12323399573677e-17
60 3.69850000000000e+00 -5.00000000000000e-01 6.12323399573677e-17
61 3.59950000000000e+00 -5.00000000000000e-01 6.12323399573677e-17
62 3.49900000000000e+00 -5.00000000000000e-01 6.12323399573677e-17
63 3.39850000000000e+00 -5.00000000000000e-01 6.12323399573677e-17
64 3.29950000000000e+00 -5.00000000000000e-01 6.12323399573677e-17
65 3.19900000000000e+00 -5.00000000000000e-01 6.12323399573677e-17
66 3.09850000000000e+00 -5.00000000000000e-01 6.12323399573677e-17
67 2.99950000000000e+00 -5.00000000000000e-01 6.12323399573677e-17
68 2.89900000000000e+00 -5.00000000000000e-01 6.12323399573677e-17
69 2.79850000000000e+00 -5.00000000000000e-01 6.12323399573677e-17
70 2.69950000000000e+00 -5.00000000000000e-01 6.12323399573677e-17
71 2.59900000000000e+00 -5.00000000000000e-01 6.12323399573677e-17
72 2.41650000000000e+00 -4.58250000000000e-01 5.61194395709275e-17
73 2.33300000000000e+00 -4.16500000000000e-01 5.10065391844873e-17
74 2.24950000000000e+00 -3.74750000000000e-01 4.58936387980471e-17
75 2.16650000000000e+00 -3.33250000000000e-01 4.08113545815855e-17
76 2.08300000000000e+00 -2.91500000000000e-01 3.56984541951453e-17
77 1.90000000000000e+00 -2.50000000000000e-01 3.06161699786838e-17
78 1.80000000000000e+00 -2.50000000000000e-01 3.06161699786838e-17
79 1.70000000000000e+00 -2.50000000000000e-01 3.06161699786838e-17
80 1.60000000000000e+00 -2.50000000000000e-01 3.06161699786838e-17
81 1.41650000000000e+00 -2.91750000000000e-01 3.57290703651240e-17
82 1.33300000000000e+00 -3.33500000000000e-01 4.08419707515642e-17
83 1.24950000000000e+00 -3.75250000000000e-01 4.59548711380044e-17
84 1.16650000000000e+00 -4.16750000000000e-01 5.10371553544660e-17
85 1.08300000000000e+00 -4.58500000000000e-01 5.61500557409061e-17
86 9.00000000000000e-01 -5.00000000000000e-01 6.12323399573677e-17
87 8.00000000000000e-01 -5.00000000000000e-01 6.12323399573677e-17
88 7.00000000000000e-01 -5.00000000000000e-01 6.12323399573677e-17
89 6.00000000000000e-01 -5.00000000000000e-01 6.12323399573677e-17
90 5.00000000000000e-01 -5.00000000000000e-01 6.12323399573677e-17
91 4.00000000000000e-01 -5.00000000000000e-01 6.12323399573677e-17
92 3.00000000000000e-01 -5.00000000000000e-01 6.12323399573677e-17
93 2.00000000000000e-01 -5.00000000000000e-01 6.12323399573677e-17
94 1.00000000000000e-01 -5.00000000000000e-01 6.12323399573677e-17
103 3.89950000000000e+00 5.00000000000000e-01 0.00000000000000e+00
104 3.79900000000000e+00 5.00000000000000e-01 0.00000000000000e+00
105 3.69850000000000e+00 5.00000000000000e-01 0.00000000000000e+00
106 3.59950000000000e+00 5.00000000000000e-01 0.00000000000000e+00
107 3.49900000000000e+00 5.00000000000000e-01 0.00000000000000e+00
108 3.39850000000000e+00 5.00000000000000e-01 0.00000000000000e+00
109 3.29950000000000e+00 5.00000000000000e-01 0.00000000000000e+00
110 3.19900000000000e+00 5.00000000000000e-01 0.00000000000000e+00
111 3.09850000000000e+00 5.00000000000000e-01 0.00000000000000e+00
112 2.99950000000000e+00 5.00000000000000e-01 0.00000000000000e+00
113 2.89900000000000e+00 5.00000000000000e-01 0.00000000000000e+00
114 2.79850000000000e+00 5.00000000000000e-01 0.00000000000000e+00
115 2.69950000000000e+00 5.00000000000000e-01 0.00000000000000e+00
116 2.59900000000000e+00 5.00000000000000e-01 0.00000000000000e+00
117 2.41650000000000e+00 4.58250000000000e-01 0.00000000000000e+00
118 2.33300000000000e+00 4.16500000000000e-01 0.00000000000000e+00
119 2.24950000000000e+00 3.74750000000000e-01 0.00000000000000e+00
120 2.16650000000000e+00 3.33250000000000e-01 0.00000000000000e+00
121 2.08300000000000e+00 2.91500000000000e-01 0.00000000000000e+00
122 1.90000000000000e+00 2.50000000000000e-01 0.00000000000000e+00
123 1.80000000000000e+00 2.50000000000000e-01 0.00000000000000e+00
124 1.70000000000000e+00 2.50000000000000e-01 0.00000000000000e+00
125 1.60000000000000e+00 2.50000000000000e-01 0.00000000000000e+00
126 1.41650000000000e+00 2.91750000000000e-01 0.00000000000000e+00
127 1.33300000000000e+00 3.33500000000000e-01 0.00000000000000e+00
128 1.24950000000000e+00 3.75250000000000e-01 0.00000000000000e+00
129 1.16650000000000e+00 4.16750000000000e-01 0.00000000000000e+00
130 1.08300000000000e+00 4.58500000000000e-01 0.00000000000000e+00
131 9.00000000000000e-01 5.00000000000000e-01 0.00000000000000e+00
132 8.00000000000000e-01 5.00000000000000e-01 0.00000000000000e+00
133 7.00000000000000e-01 5.00000000000000e-01 0.00000000000000e+00
134 6.00000000000000e-01 5.00000000000000e-01 0.00000000000000e+00
135 5.00000000000000e-01 5.00000000000000e-01 0.00000000000000e+00
136 4.00000000000000e-01 5.00000000000000e-01 0.00000000000000e+00
137 3.00000000000000e-01 5.00000000000000e-01 0.00000000000000e+00
138 2.00000000000000e-01 5.00000000000000e-01 0.00000000000000e+00
139 1.00000000000000e-01 5.00000000000000e-01 0.00000000000000e+00
144 0.00000000000000e+00 4.90238811686472e-01 9.83153473077100e-02
145 0.00000000000000e+00 4.61336369935057e-01 1.92791996138698e-01
146 0.00000000000000e+00 4.15297949597906e-01 2.78437808244094e-01
147 0.00000000000000e+00 3.52440926971181e-01 3.54662364786137e-01
148 0.00000000000000e+00 2.77131739368347e-01 4.16170636920332e-01
149 0.00000000000000e+00 1.91341716182545e-01 4.61939766255643e-01
150 0.00000000000000e+00 9.67747340254302e-02 4.90545258721667e-01
151 0.00000000000000e+00 3.06161699786838e-17 5.00000000000000e-01
152 0.00000000000000e+00 -9.83153473077100e-02 4.90238811686472e-01
153 0.00000000000000e+00 -1.92791996138698e-01 4.61336369935057e-01
154 0.00000000000000e+00 -2.78437808244094e-01 4.15297949597906e-01
155 0.00000000000000e+00 -3.54662364786137e-01 3.52440926971181e-01
156 0.00000000000000e+00 -4.16170636920332e-01 2.77131739368347e-01
157 0.00000000000000e+00 -4.62538603417229e-01 1.89889547760901e-01
158 0.00000000000000e+00 -4.90545258721667e-01 9.67747340254303e-02
159 1.00000000000000e+00 4.90238811686472e-01 9.83153473077100e-02
160 1.00000000000000e+00 4.61336369935057e-01 1.92791996138698e-01
161 1.00000000000000e+00 4.15297949597906e-01 2.78437808244094e-01
162 1.00000000000000e+00 3.52440926971181e-01 3.54662364786137e-01
163 1.00000000000000e+00 2.77131739368347e-01 4.16170636920332e-01
164 1.00000000000000e+00 1.91341716182545e-01 4.61939766255643e-01
165 1.00000000000000e+00 9.67747340254302e-02 4.90545258721667e-01
166 1.00000000000000e+00 3.06161699786838e-17 5.00000000000000e-01
167 1.00000000000000e+00 -9.83153473077100e-02 4.90238811686472e-01
168 1.00000000000000e+00 -1.92791996138698e-01 4.61336369935057e-01
169 1.00000000000000e+00 -2.78437808244094e-01 4.15297949597906e-01
170 1.00000000000000e+00 -3.54662364786137e-01 3.52440926971181e-01
171 1.00000000000000e+00 -4.16170636920332e-01 2.77131739368347e-01
172 1.00000000000000e+00 -4.62538603417229e-01 1.89889547760901e-01
173 1.00000000000000e+00 -4.90545258721667e-01 9.67747340254303e-02
174 1.50000000000000e+00 2.30668184967529e-01 9.63959980693491e-02
175 1.50000000000000e+00 1.76220463485590e-01 1.77331182393068e-01
176 1.50000000000000e+00 9.56708580912725e-02 2.30969883127822e-01
177 1.50000000000000e+00 1.53080849893419e-17 2.50000000000000e-01
178 1.50000000000000e+00 -9.63959980693491e-02 2.30668184967529e-01
179 1.50000000000000e+00 -1.77331182393068e-01 1.76220463485590e-01
180 1.50000000000000e+00 -2.31269301708614e-01 9.49447738804503e-02
181 2.00000000000000e+00 2.30668184967529e-01 9.63959980693491e-02
182 2.00000000000000e+00 1.76220463485590e-01 1.77331182393068e-01
183 2.00000000000000e+00 9.56708580912725e-02 2.30969883127822e-01
184 2.00000000000000e+00 1.53080849893419e-17 2.50000000000000e-01
185 2.00000000000000e+00 -9.63959980693491e-02 2.30668184967529e-01
186 2.00000000000000e+00 -1.77331182393068e-01 1.76220463485590e-01
187 2.00000000000000e+00 -2.31269301708614e-01 9.49447738804503e-02
188 2.50000000000000e+00 4.90238811686472e-01 9.83153473077100e-02
189 2.50000000000000e+00 4.61336369935057e-01 1.92791996138698e-01
190 2.50000000000000e+00 4.15297949597906e-01 2.78437808244094e-01
191 2.50000000000000e+00 3.52440926971181e-01 3.54662364786137e-01
192 2.50000000000000e+00 2.77131739368347e-01 4.16170636920332e-01
193 2.50000000000000e+00 1.91341716182545e-01 4.61939766255643e-01
194 2.50000000000000e+00 9.67747340254302e-02 4.90545258721667e-01
195 2.50000000000000e+00 3.06161699786838e-17 5.00000000000000e-01
196 2.50000000000000e+00 -9.83153473077100e-02 4.90238811686472e-01
197 2.50000000000000e+00 -1.92791996138698e-01 4.61336369935057e-01
198 2.50000000000000e+00 -2.78437808244094e-01 4.15297949597906e-01
199 2.50000000000000e+00 -3.54662364786137e-01 3.52440926971181e-01
200 2.50000000000000e+00 -4.16170636920332e-01 2.77131739368347e-01
201 2.50000000000000e+00 -4.62538603417229e-01 1.89889547760901e-01
202 2.50000000000000e+00 -4.90545258721667e-01 9.67747340254303e-02
203 4.00000000000000e+00 4.90238811686472e-01 9.83153473077100e-02
204 4.00000000000000e+00 4.61336369935057e-01 1.92791996138698e-01
205 4.00000000000000e+00 4.15297949597906e-01 2.78437808244094e-01
206 4.00000000000000e+00 3.52440926971181e-01 3.54662364786137e-01
207 4.00000000000000e+00 2.77131739368347e-01 4.16170636920332e-01
208 4.00000000000000e+00 1.91341716182545e-01 4.61939766255643e-01
209 4.00000000000000e+00 9.67747340254302e-02 4.90545258721667e-01
210 4.00000000000000e+00 3.06161699786838e-17 5.00000000000000e-01
211 4.00000000000000e+00 -9.83153473077100e-02 4.90238811686472e-01
212 4.00000000000000e+00 -1.92791996138698e-01 4.61336369935057e-01
213 4.00000000000000e+00 -2.78437808244094e-01 4.15297949597906e-01
214 4.00000000000000e+00 -3.54662364786137e-01 3.52440926971181e-01
215 4.00000000000000e+00 -4.16170636920332e-01 2.77131739368347e-01
216 4.00000000000000e+00 -4.62538603417229e-01 1.89889547760901e-01
217 4.00000000000000e+00 -4.90545258721667e-01 9.67747340254303e-02
545 9.11940854280467e-01 4.80873807206897e-01 1.36968542163317e-01
546 9.13880133870682e-01 4.42415762545494e-01 2.32955560249780e-01
547 9.15326737545729e-01 3.88122343867076e-01 3.15215872365475e-01
548 9.12653805794243e-01 3.19257709998753e-01 3.84804514794658e-01
549 9.12129275389479e-01 2.37019480810219e-01 4.40251934369918e-01
550 9.12955574319897e-01 1.45583938667565e-01 4.78335987358299e-01
551 9.14341455669562e-01 4.92939276138766e-02 4.97564175459204e-01
552 9.15734489460470e-01 -4.80428291412712e-02 4.97686534445230e-01
553 9.17069606580648e-01 -1.42835690014175e-01 4.79163819229055e-01
554 9.18002058705556e-01 -2.31199477528206e-01 4.43335991760972e-01
555 9.18492164399742e-01 -3.09966503792812e-01 3.92327371625357e-01
556 9.17683308503793e-01 -3.76968882161948e-01 3.28472924122479e-01
557 9.15515066059631e-01 -4.30241498459770e-01 2.54739578791933e-01
558 9.11456360138902e-01 -4.68992308566335e-01 1.73338439203828e-01
559 9.06316196461557e-01 -4.92267724920203e-01 8.75927337276758e-02
560 9.18423560430573e-02 4.81292083667603e-01 1.35491439577920e-01
561 9.54442920835877e-02 4.41838832357871e-01 2.34047957095619e-01
562 9.27748336407339e-02 3.84250618978757e-01 3.19924150095678e-01
563 9.00025609400429e-02 3.13065777485610e-01 3.89858716674811e-01
564 8.78996989523400e-02 2.31079174959015e-01 4.43398708726425e-01
565 8.65231214724018e-02 1.40741976982288e-01 4.79782967512517e-01
566 8.59287359846864e-02 4.53401904984483e-02 4.97940023622890e-01
567 8.61984318987873e-02 -5.18868274112294e-02 4.97300469677234e-01
568 8.72637535993426e-02 -1.47618018972040e-01 4.77712173253697e-01
569 8.92200953116838e-02 -2.37938144980490e-01 4.39756113275578e-01
570 9.17135472242461e-02 -3.19696030785217e-01 3.84440434788249e-01
571 9.42361892603043e-02 -3.89646924790473e-01 3.13329337919907e-01
572 9.41520694055448e-02 -4.44598494586834e-01 2.28762275323360e-01
573 8.34690118114694e-02 -4.80292165362118e-01 1.38994373597524e-01
574 6.69502496720006e-02 -4.95981573273153e-01 6.32635675052222e-02
575 8.33704819056546e-01 4.92947365025173e-01 8.36833036796415e-02
576 7.44471667205757e-01 4.91866877487813e-01 8.98163394399279e-02
577 6.43767468139947e-01 4.92363198222538e-01 8.70544716604108e-02
578 5.45248329116807e-01 4.93340306105841e-01 8.13347550029831e-02
579 4.50163216734400e-01 4.93818036748609e-01 7.83820552278991e-02
580 3.55141822465699e-01 4.93468577202052e-01 8.05528603724428e-02
581 2.57879033100873e-01 4.92811442793758e-01 8.44800677765758e-02
582 8.12128035191168e-01 -4.93569256973238e-01 7.99336510543951e-02
583 7.18130581204320e-01 -4.94496317236030e-01 7.39823779017945e-02
584 6.23992765495660e-01 -4.95128756711582e-01 6.96240926493357e-02
585 5.30497789120173e-01 -4.95590233027613e-01 6.62594968863769e-02
586 4.40329455784955e-01 -4.96111984115322e-01 6.22326218084874e-02
587 3.52041108745353e-01 -4.95781934768939e-01 6.48095144000266e-02
588 2.54233159210029e-01 -4.94291808542692e-01 7.53366312466535e-02
589 1.49977675597274e-01 -4.94363841276986e-01 7.48624901927746e-02
590 1.69338485398475e-01 4.93334039993517e-01 8.13727533249012e-02
591 8.38930792140949e-01 4.17276135400017e-01 2.75464383951223e-01
592 8.25673228289666e-01 3.60290988406373e-01 3.46684876614425e-01
593 8.22836285384035e-01 2.82081762392744e-01 4.12831538675770e-01
594 8.24178545539683e-01 1.92857341108427e-01 4.61309056902840e-01
595 8.27056368297354e-01 9.77449394521144e-02 4.90352859491512e-01
596 8.30188979281438e-01 8.30357301949319e-04 4.99999310506276e-01
597 8.32939217884048e-01 -9.45010058408836e-02 4.90988350060428e-01
598 8.35479858396541e-01 -1.84633629239403e-01 4.64661621993776e-01
599 8.37220207530714e-01 -2.66453852285913e-01 4.23086686864521e-01
600 8.37893157214576e-01 -3.37212387880096e-01 3.69171783131110e-01
601 8.35697208324605e-01 -3.95751044020268e-01 3.05583231144754e-01
602 8.30769995363993e-01 -4.41299746996826e-01 2.35062828410911e-01
603 8.22304081038600e-01 -4.74051040587050e-01 1.58983052299089e-01
604 1.89129786169370e-01 4.12529018541382e-01 2.82523996965363e-01
605 2.01310706371251e-01 4.67197278393607e-01 1.78119912030089e-01
606 1.77022278052005e-01 2.68661531367630e-01 4.21688251630514e-01
607 1.73547456316480e-01 1.82258674726842e-01 4.65598298414862e-01
608 1.71584566945821e-01 8.97838351638627e-02 4.91872811754490e-01
609 1.71344606250442e-01 -5.87830224077796e-03 4.99965444368674e-01
610 1.72703051034383e-01 -1.01707571280979e-01 4.89546289889041e-01
611 1.75901675054403e-01 -1.94441749482672e-01 4.60643469570684e-01
612 1.80680565442487e-01 -2.80794325659893e-01 4.13708286933204e-01
613 1.87230280367242e-01 -3.57570202368004e-01 3.49490415288467e-01
614 1.93894144918648e-01 -4.21760631662676e-01 2.68547890662914e-01
615 1.99672767743026e-01 -4.71347353721484e-01 1.66828271404324e-01
616 6.88393966441180e-01 4.66514516510627e-01 1.79900544426235e-01
617 5.84495014119220e-01 4.71795802831142e-01 1.65555792501857e-01
618 8.09430770210838e-01 4.64677401081487e-01 1.84593913562054e-01
619 4.93398738308765e-01 4.76038588639020e-01 1.52928944698412e-01
620 4.07033626890859e-01 4.76215850243094e-01 1.52376061037312e-01
621 3.15308820907720e-01 4.72369776631501e-01 1.63910933513008e-01
622 1.81971594530049e-01 3.46210870477219e-01 3.60746494318942e-01
623 7.33815569269531e-01 -4.77761850950264e-01 1.47457159122839e-01
624 6.45110372267554e-01 -4.80275725939651e-01 1.39051167104563e-01
625 5.56080074718786e-01 -4.81807525459276e-01 1.33646954364133e-01
626 4.68303225396913e-01 -4.83539119968004e-01 1.27239614352482e-01
627 3.95857549937661e-01 -4.86356623121488e-01 1.16005323782413e-01
628 3.19822772250442e-01 -4.80071320040562e-01 1.39755242028744e-01
629 7.29727848962557e-01 3.27175223447356e-01 3.78095719576634e-01
630 7.32288422926066e-01 2.38772586924610e-01 4.39303598589096e-01
631 7.37726495150990e-01 1.44483408267162e-01 4.78669556934118e-01
632 7.43484448583403e-01 4.81408127784273e-02 4.97677066123237e-01
633 7.48235053819099e-01 -4.74113858051266e-02 4.97747084869452e-01
634 7.52607685874719e-01 -1.39095985797771e-01 4.80262747602754e-01
635 7.56425499708125e-01 -2.23823461602059e-01 4.47105197952866e-01
636 7.59891328160390e-01 -2.98264375259078e-01 4.01295854017098e-01
637 7.60812279764142e-01 -3.60763916144646e-01 3.46192716283833e-01
638 7.56843074142834e-01 -4.11027563745160e-01 2.84703954734947e-01
639 7.47684672990527e-01 -4.49763805481293e-01 2.18431955718448e-01
640 2.88052425011121e-01 4.32707323435560e-01 2.50528186528449e-01
641 2.56991970378424e-01 1.32134060009486e-01 4.82224626274322e-01
642 2.61127825928973e-01 2.20977733477816e-01 4.48518496058978e-01
643 2.56694589641247e-01 -5.55067398624914e-02 4.96909450332591e-01
644 2.60440359906527e-01 -1.48979073728612e-01 4.77289467295230e-01
645 2.66670562881846e-01 -2.38110241314268e-01 4.39662953842215e-01
646 2.76526763918033e-01 -3.19753184275470e-01 3.84392899447554e-01
647 2.89624263503850e-01 -3.90881485445843e-01 3.11787851488238e-01
648 4.50088091054775e-01 4.54843860396667e-01 2.07646484823263e-01
649 7.33053120239814e-01 4.10791280405074e-01 2.85044775330403e-01
650 6.14838800037499e-01 4.30779471679905e-01 2.53828774529567e-01
651 5.21336934738724e-01 4.44789260106815e-01 2.28391142765283e-01
652 3.78970188115956e-01 4.45590319467904e-01 2.26824309095148e-01
653 2.67231485376798e-01 3.02972731644734e-01 3.97753094117102e-01
654 2.75194244294956e-01 3.74752435514201e-01 3.30999414011830e-01
655 2.55573109795970e-01 3.91531869016011e-02 4.98464670719449e-01
656 6.65245745041574e-01 -4.55620915502072e-01 2.05935867097147e-01
657 5.81427542472628e-01 -4.58409476883877e-01 1.99651575258123e-01
658 4.91347499080046e-01 -4.59987277911256e-01 1.95989040917581e-01
659 3.99496697506542e-01 -4.65514768467573e-01 1.82471916575077e-01
660 3.02952992804279e-01 -4.46025723013539e-01 2.25966932116736e-01
661 6.44018969181371e-01 1.88180615035551e-01 4.63236501287239e-01
662 6.55130359304461e-01 9.25301873510470e-02 4.91363576619981e-01
663 6.62388289900354e-01 -2.26544097766632e-03 4.99994867750837e-01
664 6.68379502605515e-01 -9.49153326110940e-02 4.90908422860441e-01
665 6.73932275931205e-01 -1.82547283137649e-01 4.65485219334689e-01
666 6.80315877477440e-01 -2.61247135853956e-01 4.26321397548967e-01
667 6.86182415010999e-01 -3.28181442598819e-01 3.77222667311706e-01
668 6.90420870640987e-01 -3.81013170503692e-01 3.23773012931474e-01
669 6.81918800938954e-01 -4.22947408422146e-01 2.66674876411315e-01
670 3.41934651069197e-01 1.71370083807915e-01 4.69715120446072e-01
671 3.48570322226860e-01 -1.92947386020527e-01 4.61271401918486e-01
672 3.42187029219663e-01 -1.02582673599332e-01 4.89363663421400e-01
673 3.76734695719385e-01 -3.53864890319371e-01 3.53241616176888e-01
674 3.49714450476963e-01 2.56237644745488e-01 4.29350986274965e-01
675 6.34755928063707e-01 2.82139481898003e-01 4.12792093861215e-01
676 6.30189118998382e-01 3.66055122362396e-01 3.40593081832633e-01
677 3.59459034937524e-01 -2.77473689328434e-01 4.15942726502661e-01
678 4.10585287619204e-01 -4.22192925926305e-01 2.67867753374282e-01
679 6.07602172798052e-01 -4.28226957571450e-01 2.58111744810458e-01
680 5.23782282081651e-01 -4.26440391983509e-01 2.61052853048863e-01
681 3.38136551264083e-01 8.22803772439747e-02 4.93183474500707e-01
682 3.66269696504259e-01 3.98238447504719e-01 3.02334481872365e-01
683 3.38581437471320e-01 -9.74295098010804e-03 4.99905065893715e-01
684 4.49552703315678e-01 4.19543444548816e-01 2.71998709805974e-01
685 5.33320632823156e-01 3.95229242728193e-01 3.06257809194311e-01
686 3.57997506581059e-01 3.33782311470220e-01 3.72275930661112e-01
687 5.66622348617764e-01 1.31145083708276e-01 4.82494525377386e-01
688 5.34187921705913e-01 2.27736641013716e-01 4.45124726722511e-01
689 5.77101860268161e-01 4.03890245371999e-02 4.98366056926968e-01
690 5.84008704200610e-01 -5.15390944728694e-02 4.97336628191526e-01
691 5.90955870485758e-01 -1.41176529471854e-01 4.79655279889925e-01
692 5.98815292849418e-01 -2.24673306040911e-01 4.46678749833308e-01
693 6.09261730059501e-01 -2.97722994048368e-01 4.01697670910444e-01
694 6.21218542059835e-01 -3.56801828642117e-01 3.50274827924647e-01
695 4.79049080945062e-01 -3.77237986954796e-01 3.28163832861413e-01
696 5.36958676909221e-01 3.24269595036010e-01 3.80590632747552e-01
697 4.28391226757084e-01 -1.46418385042365e-01 4.78081223770173e-01
698 4.27876901020195e-01 2.05806102968021e-01 4.55679545273997e-01
699 6.33378658794469e-01 -3.97432823519625e-01 3.03392733580121e-01
700 4.17885001349200e-01 1.21974266181404e-01 4.84894089868610e-01
701 4.53418653338314e-01 -3.10415607605667e-01 3.91972129818951e-01
702 4.22301755537442e-01 -5.58834115617697e-02 4.96867230064751e-01
703 4.47594314425471e-01 3.63188262068853e-01 3.43648492351423e-01
704 4.42058514477700e-01 2.88462020398127e-01 4.08398901550715e-01
705 4.38283591741137e-01 -2.32374006552635e-01 4.42721493806971e-01
706 5.68103117978665e-01 -3.89822116801909e-01 3.13111349605981e-01
707 4.94443265120376e-01 7.90631081342024e-02 4.93709453962712e-01
708 5.25375085753257e-01 -2.67216309894176e-01 4.22605541523700e-01
709 4.18457767806590e-01 3.49850649724600e-02 4.98774543485203e-01
710 5.43130602514694e-01 -3.35842121111440e-01 3.70418776099928e-01
711 4.88239716668236e-01 1.54342846287624e-01 4.75582049492866e-01
712 5.00132316568324e-01 -8.91833807208871e-03 4.99920456918930e-01
713 5.06094636824225e-01 -9.95034015724084e-02 4.89999054157781e-01
714 5.14206905669284e-01 -1.86981287268645e-01 4.63721897489606e-01
715 1.40430146055093e+00 2.36879504216732e-01 1.80561036653743e-01
716 1.41279363335032e+00 1.51144673733332e-01 2.51710382901705e-01
717 1.42141027006696e+00 4.55534387501257e-02 2.85685846891364e-01
718 1.42868594929107e+00 -6.05443712345217e-02 2.79167181534969e-01
719 1.43103370435333e+00 -1.56085862549058e-01 2.37839998544796e-01
720 1.43480653055268e+00 -2.27200517941115e-01 1.68050108966833e-01
721 1.43137671390253e+00 -2.71078917551012e-01 8.57282382441383e-02
722 1.07447194988891e+00 4.46102464134598e-01 1.23057443410175e-01
723 1.07797983788475e+00 4.10029798671171e-01 2.10726977481376e-01
724 1.07952117564109e+00 3.58034256675246e-01 2.89191610477022e-01
725 1.07953714901805e+00 2.92169255922150e-01 3.55598215551420e-01
726 1.07873402173451e+00 2.15071869883037e-01 4.07341185570992e-01
727 1.07625477798343e+00 1.30232345048466e-01 4.43131859724383e-01
728 1.07303778426342e+00 4.20532116042854e-02 4.61569349875596e-01
729 1.07166776667728e+00 -4.63764594253785e-02 4.61843488497624e-01
730 1.07284441747438e+00 -1.32879582083939e-01 4.44125416090209e-01
731 1.07692456132608e+00 -2.14894220058333e-01 4.08457513771364e-01
732 1.08345259992881e+00 -2.90692738794111e-01 3.54277455896777e-01
733 1.08624279234327e+00 -3.57846144842596e-01 2.84049635200343e-01
734 1.08271456310658e+00 -4.11446680725304e-01 2.02644447504283e-01
735 1.07113587989250e+00 -4.48604859032456e-01 1.20211558754726e-01
736 1.37591899779939e+00 2.98421254507028e-01 9.11812984409635e-02
737 1.28505375337821e+00 3.47251083886740e-01 8.48747231461158e-02
738 1.20398340950963e+00 3.90390554733683e-01 7.74972119415016e-02
739 1.35528028174942e+00 -3.12019019032483e-01 8.09938919751697e-02
740 1.27960523531849e+00 -3.52336458241205e-01 7.48409943759144e-02
741 1.17275411245736e+00 -4.00527496323852e-01 1.03255335467956e-01
742 1.13640399733133e+00 4.26021489504029e-01 7.03932130044994e-02
743 1.31685454929543e+00 9.91996327202212e-02 3.26850668612993e-01
744 1.34507927859543e+00 -2.14236541143930e-02 3.26758802292542e-01
745 1.35365835938507e+00 -1.24745831201364e-01 2.98123894876072e-01
746 1.34914399210429e+00 -2.22828681824875e-01 2.37172435813425e-01
747 1.37136095807835e+00 -2.74347735294481e-01 1.53395180484367e-01
748 1.15377361992909e+00 3.57984391687712e-01 2.25548103272803e-01
749 1.15294454792664e+00 2.33979587097125e-01 3.53028734728009e-01
750 1.15135291256005e+00 1.55409858492914e-01 3.94839518840615e-01
751 1.14253154894109e+00 7.47605242881690e-02 4.22165725928218e-01
752 1.13705698176856e+00 -4.62980244177651e-03 4.31446668903526e-01
753 1.13673685277940e+00 -8.22811875509567e-02 4.23716439983754e-01
754 1.14116833601682e+00 -1.57053335670891e-01 3.99665117967126e-01
755 1.15191799572489e+00 -2.27246636695434e-01 3.58008013324330e-01
756 1.17648356383719e+00 -2.93963307941483e-01 2.88323435991034e-01
757 1.16133315135481e+00 -3.60301561092333e-01 2.14530431008147e-01
758 1.22337064914776e+00 3.53995859679563e-01 1.59609581419856e-01
759 1.30742191827706e+00 2.99710787071670e-01 1.73463379229264e-01
760 1.15330513944119e+00 3.02083387324827e-01 2.96595134529438e-01
761 1.27226925501582e+00 -3.15849597890187e-01 1.80657246772480e-01
762 1.30544742046226e+00 2.22992965326581e-01 2.66223512955734e-01
763 1.14713093352400e+00 4.00728332536576e-01 1.45819116169196e-01
764 1.27878101733233e+00 -1.82787027848530e-01 3.10850619575303e-01
765 1.21683874701375e+00 9.25537710348063e-02 3.80485461630250e-01
766 1.26408508323445e+00 -9.22742906519614e-02 3.56199587961846e-01
767 1.22897595931326e+00 1.77106940342663e-01 3.42421742171386e-01
768 1.19817270934525e+00 -4.13730453254282e-02 3.98773146199923e-01
769 1.20905203251247e+00 -1.67765177954863e-01 3.58126397915507e-01
770 1.22860613210104e+00 3.02647952755717e-01 2.39094837984437e-01
771 1.25877376958939e+00 1.07291133676794e-02 3.70457780709925e-01
772 1.21542885204312e+00 2.49984596894670e-01 3.02317172630012e-01
773 1.26227366210448e+00 -2.52763980046472e-01 2.68645505819939e-01
774 1.19080254254464e+00 -1.08879208499470e-01 3.89673516221698e-01
775 1.21709978606295e+00 -2.26639400579444e-01 3.19167304639214e-01
776 1.19207504040379e+00 2.68310244339879e-02 4.03070441997991e-01
777 1.91430734649321e+00 2.11280143749429e-01 1.33643933110413e-01
778 1.91828871193545e+00 1.39649071388874e-01 2.07359921055697e-01
779 1.92237141876141e+00 4.96764683457846e-02 2.45014792395664e-01
780 1.92257713105590e+00 -4.62945122856206e-02 2.45676246577150e-01
781 1.92561011684324e+00 -1.34640004261440e-01 2.10646787899743e-01
782 1.92868658167433e+00 -1.99385862110291e-01 1.50815377168696e-01
783 1.92000395655698e+00 -2.37530542950900e-01 7.79694886827575e-02
784 1.58667945907404e+00 2.11356833704726e-01 1.33522615486339e-01
785 1.58425139593150e+00 1.39609750193886e-01 2.07386396976274e-01
786 1.58205759141793e+00 4.88929742444419e-02 2.45172341567177e-01
787 1.58557678987183e+00 -4.92613376602180e-02 2.45098593655545e-01
788 1.58731860268255e+00 -1.42822433795490e-01 2.05187115591435e-01
789 1.57986233462604e+00 -2.10818335329604e-01 1.34371237580275e-01
790 1.56546181425982e+00 -2.41961547792574e-01 6.28856850946396e-02
791 1.83693100094822e+00 2.35668607608096e-01 8.34284567043011e-02
792 1.75053235814704e+00 2.33235123724561e-01 9.00076500148111e-02
793 1.83591542634993e+00 -2.39493798388371e-01 7.17127640905754e-02
794 1.74367806561705e+00 -2.37840708696943e-01 7.70181620563360e-02
795 1.64555484291432e+00 -2.38441840203792e-01 7.51364681112260e-02
796 1.66397929370088e+00 2.35650133299394e-01 8.34806245543118e-02
797 1.84965475456571e+00 9.32627985546438e-02 2.31952690016210e-01
798 1.84216378781224e+00 5.63741371845284e-03 2.49936431051111e-01
799 1.84550545320675e+00 -9.14147114224901e-02 2.32687237586299e-01
800 1.85512310371252e+00 -1.68940485624824e-01 1.84279983494813e-01
801 1.86640094294947e+00 -2.14716349296773e-01 1.28050339104066e-01
802 1.65600548412122e+00 9.31546314778293e-02 2.31996152197035e-01
803 1.68758165583271e+00 1.78357289993070e-01 1.75181840115715e-01
804 1.67549840265504e+00 -9.77773021739557e-02 2.30086069068909e-01
805 1.68502163344910e+00 -1.91308126632198e-01 1.60938499696247e-01
806 1.81547964464693e+00 1.78206259446640e-01 1.75335475857104e-01
807 1.66867071703475e+00 4.26999988557175e-03 2.49963531542058e-01
808 1.79286859366807e+00 -2.05593523176408e-01 1.42236785776085e-01
809 1.75897705787787e+00 -4.34291789913414e-02 2.46198916350454e-01
810 1.75405481793442e+00 7.62425195178163e-02 2.38090483257050e-01
811 1.76879983573696e+00 -1.39019911398408e-01 2.07782251972537e-01
812 2.43106851779119e+00 4.41368794925075e-01 1.48039633449490e-01
813 2.42388350099937e+00 4.07419846510004e-01 2.17713687039832e-01
814 2.42192816137555e+00 3.57019999329722e-01 2.91589786794616e-01
815 2.42348522529372e+00 2.93318390317497e-01 3.56609817917990e-01
816 2.42445947808759e+00 2.18490216250568e-01 4.07330771068520e-01
817 2.42504787842850e+00 1.34501067930076e-01 4.42535712764444e-01
818 2.42823881478799e+00 4.69958788544639e-02 4.61733918713416e-01
819 2.42768166085150e+00 -4.08866396057082e-02 4.62035278600889e-01
820 2.42290787212165e+00 -1.28972844776604e-01 4.43064036473573e-01
821 2.41993950522190e+00 -2.15261866629270e-01 4.06490469866469e-01
822 2.42029447087210e+00 -2.94336162602739e-01 3.53697189222270e-01
823 2.42310276072868e+00 -3.61523895420723e-01 2.86932308665396e-01
824 2.42658918223450e+00 -4.14093531579755e-01 2.07770126010226e-01
825 2.43650731301281e+00 -4.50372696072598e-01 1.28163651102469e-01
826 2.07777803970883e+00 2.73480433874346e-01 9.30876902728972e-02
827 2.08185271274518e+00 2.25403245516480e-01 1.83933470969449e-01
828 2.08769642872251e+00 1.40392040231687e-01 2.58141139927139e-01
829 2.08557676446916e+00 3.08792314142032e-02 2.91155473654214e-01
830 2.08443091060765e+00 -8.63498867222609e-02 2.79165845657156e-01
831 2.07983499346970e+00 -2.02876847706686e-01 2.07106589894188e-01
832 2.38443952438073e+00 4.35520133014310e-01 7.66846256488285e-02
833 2.29804644825457e+00 3.92138721083929e-01 7.38021464429948e-02
834 2.22355456188432e+00 3.56350367086173e-01 6.24276932414844e-02
835 2.15765741583060e+00 3.17946622268916e-01 8.38943653473348e-02
836 2.35565729287076e+00 -4.09084302407327e-01 1.25249288359823e-01
837 2.26599374692981e+00 -3.71569517493025e-01 9.28584877859424e-02
838 2.17529671075952e+00 -3.29257337332835e-01 7.48065351633791e-02
839 2.10258019437067e+00 -2.77405189864476e-01 1.17567356431117e-01
840 2.34465688108871e+00 3.55048005634648e-01 2.28696797938860e-01
841 2.35032591538379e+00 3.01600828173430e-01 2.99667283897358e-01
842 2.35562773014104e+00 2.39083671563097e-01 3.54772745766196e-01
843 2.35405759575617e+00 1.65372168176363e-01 3.93707556709104e-01
844 2.35478559828395e+00 8.13310776069102e-02 4.19582960299521e-01
845 2.36941594195429e+00 5.37646557089040e-03 4.34674721658658e-01
846 2.35554405361115e+00 -6.87411785200559e-02 4.22212692008452e-01
847 2.34673815454898e+00 -1.52140383805038e-01 3.95088191683717e-01
848 2.34252786240122e+00 -2.34063638545268e-01 3.50253497971888e-01
849 2.34875114768478e+00 -3.07093832507192e-01 2.92895895686678e-01
850 2.35533008308907e+00 -3.64458153816725e-01 2.23757998462166e-01
851 2.20605975544823e+00 2.01741880058917e-01 2.89707280537089e-01
852 2.18307984009537e+00 7.47375797825116e-02 3.33262375845868e-01
853 2.19076694895413e+00 -6.18681104366110e-02 3.39797117928999e-01
854 2.17494850917503e+00 -1.83585389492847e-01 2.83170050100921e-01
855 2.20366529359949e+00 -2.97348406446758e-01 1.88069499222199e-01
856 2.25535952163870e+00 3.47036926256474e-01 1.49021386206873e-01
857 2.16880585908254e+00 2.83604697943527e-01 1.77182658830212e-01
858 2.29338025743574e+00 -3.56919616168398e-01 1.73122632305557e-01
859 2.35540706936940e+00 4.00106639238024e-01 1.51145594773523e-01
860 2.28672427663928e+00 7.81812912281622e-03 3.93284437424642e-01
861 2.29465433519678e+00 2.50059707507888e-01 3.08770174713859e-01
862 2.29698176995064e+00 1.94090554844581e-01 3.48028507350386e-01
863 2.27644041667628e+00 1.17900855229995e-01 3.69884196064315e-01
864 2.26512098122789e+00 -1.67247588793371e-01 3.44065070911863e-01
865 2.26742069552433e+00 -2.53410145388874e-01 2.88126585364407e-01
866 2.26714664346127e+00 2.95473897680005e-01 2.44588775157935e-01
867 2.28643366077065e+00 -8.94308850088129e-02 3.82911990547205e-01
868 2.29247125619847e+00 -3.17981937934996e-01 2.36410998310783e-01
869 3.90944806443959e+00 4.81112718556946e-01 1.36126970298852e-01
870 3.90783734391580e+00 4.41628248613802e-01 2.34445068249059e-01
871 3.91175802163178e+00 3.84848068607274e-01 3.19205206864254e-01
872 3.91442306787338e+00 3.15302480557168e-01 3.88051988468680e-01
873 3.91527343057195e+00 2.35012749082825e-01 4.41326418616123e-01
874 3.91532162658651e+00 1.45916507157818e-01 4.78234642135911e-01
875 3.91516170993946e+00 5.10874967177618e-02 4.97383220142289e-01
876 3.91528028097179e+00 -4.55401626327035e-02 4.97921774566434e-01
877 3.91564592298425e+00 -1.40535738365246e-01 4.79843418462872e-01
878 3.91653055709271e+00 -2.29454723662758e-01 4.44241521909926e-01
879 3.91776222009095e+00 -3.09103562767925e-01 3.93007617590519e-01
880 3.91882262486004e+00 -3.76290122662823e-01 3.29250274998212e-01
881 3.91698636939564e+00 -4.29515261381542e-01 2.55962185176533e-01
882 3.91210370609387e+00 -4.68309053733412e-01 1.75175997760299e-01
883 3.90600831264702e+00 -4.92036961244909e-01 8.88798558103932e-02
884 2.59027795048504e+00 4.80742716032571e-01 1.37427948327939e-01
885 2.59305487915075e+00 4.40663733314961e-01 2.36252987580942e-01
886 2.58964882035282e+00 3.83050433334544e-01 3.21360180361877e-01
887 2.58732609718498e+00 3.12601927299020e-01 3.90230745904187e-01
888 2.58692845633857e+00 2.31455829551081e-01 4.43202210020235e-01
889 2.58773792093391e+00 1.41266454053205e-01 4.79628803304424e-01
890 2.58907550741388e+00 4.53132842542428e-02 4.97942472852130e-01
891 2.59047352714676e+00 -5.27663619173604e-02 4.97207915313107e-01
892 2.59219205413795e+00 -1.49066528773585e-01 4.77262160661616e-01
893 2.59410759436349e+00 -2.39404032214094e-01 4.38959803808541e-01
894 2.59664865797115e+00 -3.20526758597811e-01 3.83748090578677e-01
895 2.59956018941775e+00 -3.89494930483442e-01 3.13518259640006e-01
896 2.60316399410176e+00 -4.44031062984865e-01 2.29861730404456e-01
897 2.60622043968757e+00 -4.82312849536960e-01 1.31811665536620e-01
898 3.83160714902021e+00 4.93198274549149e-01 8.21916174663937e-02
899 3.74317127499101e+00 4.92419522338213e-01 8.67353101118941e-02
900 3.64475237517509e+00 4.92735025061865e-01 8.49246435216731e-02
901 3.54657388284819e+00 4.93018425802365e-01 8.32636284301755e-02
902 3.44853279549025e+00 4.93073185725267e-01 8.29387335250316e-02
903 3.35026784241496e+00 4.92993460802586e-01 8.34113158143994e-02
904 3.25163398028307e+00 4.92906027841728e-01 8.39264423009202e-02
905 3.15258285923451e+00 4.92816739270360e-01 8.44491651523573e-02
906 3.05383584837998e+00 4.92725414881036e-01 8.49803832087778e-02
907 2.95514849768535e+00 4.92543229402996e-01 8.60300364365107e-02
908 2.85579506349819e+00 4.92236731269321e-01 8.77667385134845e-02
909 2.75651029192923e+00 4.92010833355556e-01 8.90243779016274e-02
910 3.81084817471683e+00 -4.93041015144507e-01 8.31297623313960e-02
911 3.71403413933753e+00 -4.93610671229495e-01 7.96775077946558e-02
912 3.61586509654019e+00 -4.93909914933513e-01 7.78010021167447e-02
913 3.51646642370833e+00 -4.94235679442780e-01 7.57039838167984e-02
914 3.41729116496683e+00 -4.94559927417622e-01 7.35559528024515e-02
915 3.31886574375717e+00 -4.94889333687046e-01 7.13060123887995e-02
916 3.22111892432134e+00 -4.95251464083903e-01 6.87458167654630e-02
917 3.12515079312211e+00 -4.95725869703885e-01 6.52369688621955e-02
918 3.03305169081860e+00 -4.96191956679600e-01 6.15917374853999e-02
919 2.94407895453485e+00 -4.96377544309750e-01 6.00777288603886e-02
920 2.85247302451838e+00 -4.95469292894227e-01 6.71578722034454e-02
921 2.72541024952195e+00 -4.92815327606039e-01 8.44574027338753e-02
922 2.66778077333648e+00 4.92945225855278e-01 8.36959037617089e-02
923 3.81993535729318e+00 4.12345471554830e-01 2.82791817576508e-01
924 3.82846970655035e+00 3.49113914588282e-01 3.57937808342240e-01
925 3.83112396090360e+00 2.75499394678405e-01 4.17253020997850e-01
926 3.83105990766312e+00 1.92108713715644e-01 4.61621318955830e-01
927 3.83042732913343e+00 1.00906836748474e-01 4.89711966667568e-01
928 3.83027153875872e+00 5.97191290664592e-03 4.99964334984242e-01
929 3.83054154616277e+00 -8.91478022800171e-02 4.91988484975658e-01
930 3.83172361824236e+00 -1.80089380891683e-01 4.66441652181760e-01
931 3.83365485525614e+00 -2.63798329083256e-01 4.24747503315655e-01
932 3.83703951058702e+00 -3.36387870275510e-01 3.69923236268697e-01
933 3.84036472258297e+00 -3.94889511360333e-01 3.06695734919150e-01
934 3.83430823537897e+00 -4.39586244115923e-01 2.38251828920694e-01
935 3.82244390783717e+00 -4.72506769169925e-01 1.63515605030833e-01
936 2.68244346989987e+00 4.09338168887188e-01 2.87127608376631e-01
937 2.69751427577612e+00 4.65068219967151e-01 1.83607055356230e-01
938 2.67248519430714e+00 2.69334834775481e-01 4.21258527244808e-01
939 2.67406091089629e+00 1.84164275283063e-01 4.64847845761884e-01
940 2.67679205240674e+00 9.08179710915492e-02 4.91682922346114e-01
941 2.67970420871841e+00 -6.78496353461753e-03 4.99953962150350e-01
942 2.68258399324027e+00 -1.04456277879876e-01 4.88967162508365e-01
943 2.68629445259118e+00 -1.97978874213016e-01 4.59134365262879e-01
944 2.69053932554402e+00 -2.83766349319594e-01 4.11675429184000e-01
945 2.69618782112235e+00 -3.58552986992261e-01 3.48482073454184e-01
946 2.70276770504610e+00 -4.19700111636473e-01 2.71756906613856e-01
947 2.71190458488555e+00 -4.65063510932717e-01 1.83618982675907e-01
948 3.59156684332530e+00 4.72261279527450e-01 1.64223274413511e-01
949 3.68926371882593e+00 4.70140794921140e-01 1.70198804199438e-01
950 3.80333334221789e+00 4.66392235562732e-01 1.80217320496108e-01
951 3.49647075422725e+00 4.72781810153076e-01 1.62718652859410e-01
952 3.40040820189467e+00 4.72427241449166e-01 1.63745233630575e-01
953 3.30315403756752e+00 4.72014343923484e-01 1.64931680190567e-01
954 3.20517469734346e+00 4.71650635913019e-01 1.65968905650561e-01
955 3.10728878758335e+00 4.71407054778836e-01 1.66659499293451e-01
956 3.00986849834267e+00 4.71028469329364e-01 1.67726506793756e-01
957 2.91261657074100e+00 4.70178796947859e-01 1.70093794421385e-01
958 2.81285771168499e+00 4.68176754620338e-01 1.75529275145681e-01
959 2.67459496192867e+00 3.44529174517864e-01 3.62352932796244e-01
960 3.72987843599813e+00 -4.74650125363006e-01 1.57185427100869e-01
961 3.63284600931278e+00 -4.75539900836743e-01 1.54472660079966e-01
962 3.53375872971639e+00 -4.76744353020460e-01 1.50714371786844e-01
963 3.43515526267130e+00 -4.78102344184871e-01 1.46349405481987e-01
964 3.33779332502616e+00 -4.79310906362016e-01 1.42341332867243e-01
965 3.24108163527306e+00 -4.80600414759245e-01 1.37924766931982e-01
966 3.14719442578679e+00 -4.82271348803258e-01 1.31963427219386e-01
967 3.05972945078719e+00 -4.84507483728949e-01 1.23501004897298e-01
968 2.97803348171635e+00 -4.85720430110013e-01 1.18640902616861e-01
969 2.90382741737144e+00 -4.86147470772543e-01 1.16878726299784e-01
970 2.82282967206182e+00 -4.77948869712704e-01 1.46849848281668e-01
971 3.75036111020981e+00 3.11892676596898e-01 3.90797848363092e-01
972 3.74855880120606e+00 2.36317392320883e-01 4.40629197950678e-01
973 3.74672414647721e+00 1.49791047337038e-01 4.77035262991818e-01
974 3.74584719115574e+00 5.72920680763866e-02 4.96706773595379e-01
975 3.74570798013197e+00 -3.74229463344091e-02 4.98597556239150e-01
976 3.74679442549472e+00 -1.29676698036816e-01 4.82891244470500e-01
977 3.74855082015256e+00 -2.16721195844196e-01 4.50590638242587e-01
978 3.75211579962103e+00 -2.95117826949649e-01 4.03615495510909e-01
979 3.75921155257484e+00 -3.62452310797240e-01 3.44424625132613e-01
980 3.77321336181549e+00 -4.10175776746222e-01 2.85929767898751e-01
981 3.74840944589840e+00 -4.44579676125388e-01 2.28798845224895e-01
982 2.77895553508670e+00 4.26437810755802e-01 2.61057069541889e-01
983 2.76360960066502e+00 1.36737832288374e-01 4.80939461077043e-01
984 2.75780966764039e+00 2.26054804646226e-01 4.45981193881936e-01
985 2.77255942532844e+00 -5.87316285566926e-02 4.96538614618318e-01
986 2.77755500036463e+00 -1.54786704631762e-01 4.75437773077865e-01
987 2.78339850890073e+00 -2.44646085756957e-01 4.36059964596384e-01
988 2.79113959215166e+00 -3.24722111668529e-01 3.80204616218072e-01
989 2.79943213221966e+00 -3.91939143316764e-01 3.10457256214315e-01
990 2.81029159638252e+00 -4.43614882445038e-01 2.30663902839770e-01
991 2.92212413664760e+00 -4.64104869297544e-01 1.86028681375506e-01
992 3.63151013050063e+00 4.38880401180822e-01 2.39549563680173e-01
993 2.76847999616195e+00 4.00082326136674e-02 4.98396770979840e-01
994 3.45038526764713e+00 4.39782453721728e-01 2.37889456257516e-01
995 3.54224925720429e+00 4.41296115527122e-01 2.35069645893877e-01
996 3.72419271212948e+00 4.30247745181556e-01 2.54729028118483e-01
997 3.35472173448348e+00 4.38494932431751e-01 2.40254436445353e-01
998 3.25735504983450e+00 4.37518169821610e-01 2.42028616233595e-01
999 3.15978430305086e+00 4.37061363092579e-01 2.42852557926938e-01
1000 3.06274554660050e+00 4.36720856860840e-01 2.43464357109482e-01
1001 2.96755859352951e+00 4.36377723066911e-01 2.44078845480182e-01
1002 2.87402418569579e+00 4.33953048409502e-01 2.48364151551910e-01
1003 2.76056749220267e+00 3.70439383150453e-01 3.35819391058813e-01
1004 2.75469383460647e+00 3.03975724320104e-01 3.96987101835901e-01
1005 3.74398543438063e+00 3.76265210351441e-01 3.29278744347681e-01
1006 3.65283831017200e+00 -4.44014715108330e-01 2.29893307356410e-01
1007 3.55168985987139e+00 -4.46913293683251e-01 2.24206395825785e-01
1008 3.45391414319548e+00 -4.50089447493191e-01 2.17760164528028e-01
1009 3.35741367060258e+00 -4.52862274132444e-01 2.11933387335717e-01
1010 3.26163224479026e+00 -4.55247876034277e-01 2.06759211079650e-01
1011 3.16653766647970e+00 -4.58337443979326e-01 1.99816884788294e-01
1012 3.07809712580745e+00 -4.63233497823695e-01 1.88188008369356e-01
1013 3.00864905398052e+00 -4.69874108821904e-01 1.70933676783778e-01
1014 3.67994284891364e+00 -3.96757329605759e-01 3.04275568201108e-01
1015 2.84340218634740e+00 3.87428161641612e-01 3.16068694379878e-01
1016 3.66387761449889e+00 1.97465870708911e-01 4.59355232804821e-01
1017 3.66144674427296e+00 1.07689830001342e-01 4.88265194862671e-01
1018 3.66047620291588e+00 1.36704140263361e-02 4.99813084843073e-01
1019 3.66129715841295e+00 -7.94858941130237e-02 4.93641562914888e-01
1020 3.66278540240991e+00 -1.68834909851967e-01 4.70632312124102e-01
1021 3.66520809151063e+00 -2.50814747910850e-01 4.32541283845157e-01
1022 3.66893984584772e+00 -3.25156710027302e-01 3.79833007944572e-01
1023 2.84902431267696e+00 1.84369404790533e-01 4.64766524802706e-01
1024 3.30985913851889e+00 3.91286997259353e-01 3.11278791079249e-01
1025 2.87373841648841e+00 -2.03566197769277e-01 4.56684577280380e-01
1026 2.86699434000454e+00 -1.10366244533006e-01 4.87667193962933e-01
1027 2.89398210690181e+00 -3.62345755384609e-01 3.44536723085881e-01
1028 2.90421934755084e+00 -4.20842936884509e-01 2.69983744833687e-01
1029 3.40714029348685e+00 3.93670085247465e-01 3.08259410207140e-01
1030 3.65884506771922e+00 3.92750143160875e-01 3.09430646586779e-01
1031 3.11424243417546e+00 3.90090986273583e-01 3.12776313726125e-01
1032 3.01785871517658e+00 3.90319649464711e-01 3.12490913854700e-01
1033 2.88396331607747e+00 -2.88707513937076e-01 4.08225392885196e-01
1034 3.56842469842860e+00 -4.04194228290419e-01 2.94324694541101e-01
1035 3.47104883641594e+00 -4.11180991177981e-01 2.84482323693219e-01
1036 3.37703305620949e+00 -4.16025959507130e-01 2.77348879601436e-01
1037 3.28203228499440e+00 -4.19549778955915e-01 2.71988939072976e-01
1038 3.18505143436702e+00 -4.22809426475938e-01 2.66893590936703e-01
1039 3.08799972439499e+00 -4.29398279028607e-01 2.56158384534393e-01
1040 3.00129825466798e+00 -4.42474333642032e-01 2.32844291465434e-01
1041 3.21188758626897e+00 3.90294656181513e-01 3.12522129386311e-01
1042 3.66827400387420e+00 2.79201397200060e-01 4.14784980202435e-01
1043 2.82891554166591e+00 3.32829682637529e-01 3.73127863279334e-01
1044 2.85688843438813e+00 8.77662225553040e-02 4.92236823265360e-01
1045 3.68101917753125e+00 3.41926781898612e-01 3.64809643266812e-01
1046 2.86166907634384e+00 -1.22683222987586e-02 4.99849465607370e-01
1047 3.58274855731088e+00 4.05144807010038e-01 2.93014821046306e-01
1048 3.50191513757771e+00 3.96962514771794e-01 3.04007831915649e-01
1049 2.92758898953393e+00 3.92692644892642e-01 3.09503613302368e-01
1050 2.83457399242421e+00 2.66829250940399e-01 4.22850033513757e-01
1051 3.57586738121680e+00 6.58819606749585e-02 4.95640562562855e-01
1052 3.57651017687345e+00 -2.80164707637321e-02 4.99214460293314e-01
1053 3.57827816538928e+00 -1.19395666962206e-01 4.85535451548752e-01
1054 3.58133169933958e+00 -2.03629510897281e-01 4.56656350324546e-01
1055 3.58115426792447e+00 -2.80332449077993e-01 4.14021397990411e-01
1056 2.99741293777602e+00 -3.96655612411351e-01 3.04408155512588e-01
1057 3.36482707217526e+00 3.34980572717978e-01 3.71198081758965e-01
1058 3.06854457304982e+00 3.33780455732389e-01 3.72277594505872e-01
1059 3.58311931143669e+00 2.45718485797926e-01 4.35456571585703e-01
1060 2.96258353867926e+00 -1.60185735924898e-01 4.73645996506039e-01
1061 3.57825749194565e+00 -3.47114137744654e-01 3.59877444941727e-01
1062 3.48788117471158e+00 -3.60846221506296e-01 3.46106926288147e-01
1063 3.39790471583776e+00 -3.69305344943443e-01 3.37066109533731e-01
1064 3.30744844503756e+00 -3.73945445086508e-01 3.31910837573969e-01
1065 3.20972713293530e+00 -3.75962100653335e-01 3.29624784978818e-01
1066 3.10142346105024e+00 -3.77569431563340e-01 3.27782434472832e-01
1067 3.57807715539239e+00 1.58911260875277e-01 4.74075111313629e-01
1068 2.89131161415727e+00 3.52315652476821e-01 3.54786810662167e-01
1069 2.99443762020402e+00 -3.30868934169596e-01 3.74867641176823e-01
1070 2.95710151087384e+00 -6.51525892801120e-02 4.95736966656812e-01
1071 3.58138777034761e+00 3.39959160528107e-01 3.66643926955057e-01
1072 3.26540049239507e+00 3.32470860379737e-01 3.73447622831311e-01
1073 3.16601342651775e+00 3.32406311187455e-01 3.73505079326572e-01
1074 3.46264860399919e+00 3.40142322641609e-01 3.66474010467280e-01
1075 2.97533498413519e+00 -2.49451513884772e-01 4.33328907667831e-01
1076 2.93644651908856e+00 2.42894976510584e-01 4.37037790569560e-01
1077 2.94847869289426e+00 1.38008064916516e-01 4.80576501733073e-01
1078 2.96605242830631e+00 3.31364004975388e-01 3.74430095220284e-01
1079 3.49226639712664e+00 -7.05072874643787e-02 4.95003760000281e-01
1080 3.49696568449504e+00 -1.58556546041887e-01 4.74193865109268e-01
1081 3.50348312595970e+00 -2.35934341559559e-01 4.40834420698812e-01
1082 2.95246724513035e+00 3.50395479885920e-02 4.98770718944843e-01
1083 3.12384262322027e+00 -2.94032621993395e-01 4.04406747228195e-01
1084 3.50853200194557e+00 2.83069077682326e-01 4.12155185894921e-01
1085 3.02778412125251e+00 2.74102318218433e-01 4.18172116654471e-01
1086 2.89152552895384e+00 3.05875811691767e-01 3.95524952211491e-01
1087 3.49977431711895e+00 -3.02949292071251e-01 3.97770947196409e-01
1088 3.41788100529753e+00 -3.16261153813044e-01 3.87271071200577e-01
1089 3.33161154065764e+00 -3.19938526842069e-01 3.84238648553379e-01
1090 3.24901085974243e+00 -3.26788732538451e-01 3.78429814213829e-01
1091 3.49059760001516e+00 2.29219320679294e-02 4.99474308678908e-01
1092 3.05170067037776e+00 -1.18823642710245e-01 4.85675758024907e-01
1093 3.05100478702170e+00 -2.02822704544476e-01 4.57015262897492e-01
1094 3.48915069748521e+00 1.18293703766967e-01 4.85805104593491e-01
1095 3.11753741438297e+00 2.65377473057066e-01 4.23762665644162e-01
1096 3.42318178555078e+00 2.70635700489720e-01 4.20423973650931e-01
1097 3.49551291513257e+00 2.10489689856243e-01 4.53535103894090e-01
1098 3.32174025984399e+00 2.63443011220282e-01 4.24967975074817e-01
1099 3.05372098409418e+00 1.87331781773640e-01 4.63580417551813e-01
1100 3.42004975949102e+00 -1.99747454341079e-01 4.58367706633286e-01
1101 3.44059001585052e+00 -2.63568265878160e-01 4.24890302574652e-01
1102 3.39029354832948e+00 1.78257248106897e-01 4.67144895613081e-01
1103 3.36146354207248e+00 -2.56609570329989e-01 4.29128801661061e-01
1104 3.25541211874940e+00 -2.56262804317186e-01 4.29335969985618e-01
1105 3.21877487667762e+00 2.63397148965598e-01 4.24996402239824e-01
1106 3.04764356471555e+00 -2.06100062137521e-02 4.99575047058867e-01
1107 3.40846577834137e+00 -1.95307166276820e-02 4.99618405493642e-01
1108 3.40891015671641e+00 -1.10964739073852e-01 4.87531359691120e-01
1109 3.40453025434217e+00 7.34141062779297e-02 4.94581003476087e-01
1110 3.15175456126163e+00 -1.85078245352852e-01 4.64484707064839e-01
1111 3.14912377973753e+00 -7.85386721074732e-02 4.93793152021770e-01
1112 3.27430610850553e+00 1.85521519403463e-01 4.64307835210898e-01
1113 3.04296071050909e+00 7.97337359927941e-02 4.93601591716063e-01
1114 3.32330793073000e+00 1.11669335801057e-01 4.87370454009833e-01
1115 3.29156877252351e+00 -1.51602549454338e-01 4.76462660655528e-01
1116 3.13811708188741e+00 2.60564431718208e-02 4.99320600185125e-01
1117 3.17031979083526e+00 1.87709050219495e-01 4.63427785599542e-01
1118 3.22722641755394e+00 9.02681529740183e-02 4.91784160540637e-01
1119 3.12629082164003e+00 1.15111720904663e-01 4.86568897187610e-01
1120 3.33287537285693e+00 -5.80137592419072e-02 4.96622999606967e-01
1121 3.32328951818526e+00 2.79002400121584e-02 4.99220969719085e-01
1122 3.24095779176438e+00 -2.38913713244087e-02 4.99428876193837e-01
1083 203 159 5 131 
1084 203 160 159 545 
1085 203 161 160 546 
1086 203 160 545 546 
1087 203 162 161 547 
1088 203 161 546 547 
1089 203 163 162 548 
1090 203 162 547 548 
1091 203 164 163 549 
1092 203 163 548 549 
1093 203 165 164 550 
1094 203 164 549 550 
1095 203 166 165 551 
1096 203 165 550 551 
1097 203 167 166 552 
1098 203 166 551 552 
1099 203 168 167 553 
1100 203 167 552 553 
1101 203 169 168 554 
1102 203 168 553 554 
1103 203 170 169 555 
1104 203 169 554 555 
1105 203 171 170 556 
1106 203 170 555 556 
1107 203 172 171 557 
1108 203 171 556 557 
1109 203 173 172 558 
1110 203 172 557 558 
1111 203 4 173 559 
1112 203 86 4 559 
1113 203 173 558 559 
1114 203 3 144 139 
1115 203 144 145 560 
1116 203 145 146 561 
1117 203 145 561 560 
1118 203 146 147 562 
1119 203 146 562 561 
1120 203 147 148 563 
1121 203 147 563 562 
1122 203 148 149 564 
1123 203 148 564 563 
1124 203 149 150 565 
1125 203 149 565 564 
1126 203 150 151 566 
1127 203 150 566 565 
1128 203 151 152 567 
1129 203 151 567 566 
1130 203 152 153 568 
1131 203 152 568 567 
1132 203 153 154 569 
1133 203 153 569 568 
1134 203 154 155 570 
1135 203 154 570 569 
1136 203 155 156 571 
1137 203 155 571 570 
1138 203 156 157 572 
1139 203 156 572 571 
1140 203 157 158 573 
1141 203 157 573 572 
1142 203 158 2 574 
1143 203 573 158 574 
1144 203 2 94 574 
1145 203 131 132 575 
1146 203 132 133 576 
1147 203 132 576 575 
1148 203 133 134 577 
1149 203 133 577 576 
1150 203 134 135 578 
1151 203 134 578 577 
1152 203 135 136 579 
1153 203 135 579 578 
1154 203 136 137 580 
1155 203 136 580 579 
1156 203 137 138 581 
1157 203 137 581 580 
1158 203 87 86 582 
1159 203 86 559 582 
1160 203 88 87 583 
1161 203 87 582 583 
1162 203 89 88 584 
1163 203 88 583 584 
1164 203 90 89 585 
1165 203 89 584 585 
1166 203 91 90 586 
1167 203 90 585 586 
1168 203 92 91 587 
1169 203 91 586 587 
1170 203 93 92 588 
1171 203 92 587 588 
1172 203 94 93 589 
1173 203 574 94 589 
1174 203 93 588 589 
1175 203 139 144 560 
1176 203 138 139 590 
1177 203 138 590 581 
1178 203 159 131 545 
1179 203 590 139 560 
1180 203 547 546 591 
1181 203 548 547 592 
1182 203 547 591 592 
1183 203 549 548 593 
1184 203 548 592 593 
1185 203 550 549 594 
1186 203 549 593 594 
1187 203 551 550 595 
1188 203 550 594 595 
1189 203 552 551 596 
1190 203 551 595 596 
1191 203 553 552 597 
1192 203 552 596 597 
1193 203 554 553 598 
1194 203 553 597 598 
1195 203 555 554 599 
1196 203 554 598 599 
1197 203 556 555 600 
1198 203 555 599 600 
1199 203 557 556 601 
1200 203 556 600 601 
1201 203 558 557 602 
1202 203 557 601 602 
1203 203 559 558 603 
1204 203 582 559 603 
1205 203 558 602 603 
1206 203 561 562 604 
1207 203 560 561 605 
1208 203 561 604 605 
1209 203 563 564 606 
1210 203 564 565 607 
1211 203 564 607 606 
1212 203 565 566 608 
1213 203 565 608 607 
1214 203 566 567 609 
1215 203 566 609 608 
1216 203 567 568 610 
1217 203 567 610 609 
1218 203 568 569 611 
1219 203 568 611 610 
1220 203 569 570 612 
1221 203 569 612 611 
1222 203 570 571 613 
1223 203 570 613 612 
1224 203 571 572 614 
1225 203 571 614 613 
1226 203 572 573 615 
1227 203 572 615 614 
1228 203 573 574 589 
1229 203 576 577 616 
1230 203 577 578 617 
1231 203 577 617 616 
1232 203 575 576 618 
1233 203 576 616 618 
1234 203 578 579 619 
1235 203 578 619 617 
1236 203 579 580 620 
1237 203 579 620 619 
1238 203 580 581 621 
1239 203 580 621 620 
1240 203 545 131 575 
1241 203 562 563 622 
1242 203 563 606 622 
1243 203 583 582 623 
1244 203 582 603 623 
1245 203 584 583 624 
1246 203 583 623 624 
1247 203 585 584 625 
1248 203 584 624 625 
1249 203 586 585 626 
1250 203 585 625 626 
1251 203 587 586 627 
1252 203 586 626 627 
1253 203 590 560 605 
1254 203 545 575 618 
1255 203 591 546 618 
1256 203 545 618 546 
1257 203 573 589 615 
1258 203 621 581 605 
1259 203 590 605 581 
1260 203 604 562 622 
1261 203 588 587 628 
1262 203 587 627 628 
1263 203 593 592 629 
1264 203 594 593 630 
1265 203 593 629 630 
1266 203 595 594 631 
1267 203 594 630 631 
1268 203 596 595 632 
1269 203 595 631 632 
1270 203 597 596 633 
1271 203 596 632 633 
1272 203 598 597 634 
1273 203 597 633 634 
1274 203 599 598 635 
1275 203 598 634 635 
1276 203 600 599 636 
1277 203 599 635 636 
1278 203 601 600 637 
1279 203 600 636 637 
1280 203 602 601 638 
1281 203 601 637 638 
1282 203 603 602 639 
1283 203 623 603 639 
1284 203 602 638 639 
1285 203 605 604 640 
1286 203 605 640 621 
1287 203 607 608 641 
1288 203 606 607 642 
1289 203 607 641 642 
1290 203 609 610 643 
1291 203 610 611 644 
1292 203 610 644 643 
1293 203 611 612 645 
1294 203 611 645 644 
1295 203 612 613 646 
1296 203 612 646 645 
1297 203 613 614 647 
1298 203 613 647 646 
1299 203 619 620 648 
1300 203 591 618 649 
1301 203 618 616 649 
1302 203 616 617 650 
1303 203 616 650 649 
1304 203 617 619 651 
1305 203 650 617 651 
1306 203 619 648 651 
1307 203 620 621 652 
1308 203 648 620 652 
1309 203 621 640 652 
1310 203 622 606 653 
1311 203 606 642 653 
1312 203 604 622 654 
1313 203 640 604 654 
1314 203 622 653 654 
1315 203 608 609 655 
1316 203 641 608 655 
1317 203 609 643 655 
1318 203 624 623 656 
1319 203 623 639 656 
1320 203 625 624 657 
1321 203 624 656 657 
1322 203 626 625 658 
1323 203 625 657 658 
1324 203 627 626 659 
1325 203 626 658 659 
1326 203 628 627 659 
1327 203 589 588 615 
1328 203 588 628 615 
1329 203 592 591 649 
1330 203 615 628 660 
1331 203 614 615 660 
1332 203 628 659 660 
1333 203 629 592 649 
1334 203 647 614 660 
1335 203 631 630 661 
1336 203 632 631 662 
1337 203 631 661 662 
1338 203 633 632 663 
1339 203 632 662 663 
1340 203 634 633 664 
1341 203 633 663 664 
1342 203 635 634 665 
1343 203 634 664 665 
1344 203 636 635 666 
1345 203 635 665 666 
1346 203 637 636 667 
1347 203 636 666 667 
1348 203 638 637 668 
1349 203 637 667 668 
1350 203 639 638 669 
1351 203 656 639 669 
1352 203 638 668 669 
1353 203 642 641 670 
1354 203 644 645 671 
1355 203 643 644 672 
1356 203 644 671 672 
1357 203 646 647 673 
1358 203 653 642 674 
1359 203 642 670 674 
1360 203 630 629 675 
1361 203 630 675 661 
1362 203 629 649 676 
1363 203 675 629 676 
1364 203 649 650 676 
1365 203 645 646 677 
1366 203 671 645 677 
1367 203 646 673 677 
1368 203 647 660 678 
1369 203 660 659 678 
1370 203 657 656 679 
1371 203 656 669 679 
1372 203 658 657 680 
1373 203 657 679 680 
1374 203 659 658 678 
1375 203 641 655 681 
1376 203 641 681 670 
1377 203 647 678 673 
1378 203 640 654 682 
1379 203 640 682 652 
1380 203 643 672 683 
1381 203 643 683 655 
1382 203 648 652 684 
1383 203 652 682 684 
1384 203 676 650 685 
1385 203 650 651 685 
1386 203 651 648 684 
1387 203 654 653 686 
1388 203 682 654 686 
1389 203 653 674 686 
1390 203 662 661 687 
1391 203 661 675 688 
1392 203 661 688 687 
1393 203 663 662 689 
1394 203 662 687 689 
1395 203 664 663 690 
1396 203 663 689 690 
1397 203 665 664 691 
1398 203 664 690 691 
1399 203 666 665 692 
1400 203 665 691 692 
1401 203 667 666 693 
1402 203 666 692 693 
1403 203 668 667 694 
1404 203 667 693 694 
1405 203 673 678 695 
1406 203 675 676 696 
1407 203 688 675 696 
1408 203 676 685 696 
1409 203 672 671 697 
1410 203 651 684 685 
1411 203 674 670 698 
1412 203 669 668 699 
1413 203 679 669 699 
1414 203 668 694 699 
1415 203 670 681 700 
1416 203 670 700 698 
1417 203 673 695 701 
1418 203 673 701 677 
1419 203 683 672 702 
1420 203 672 697 702 
1421 203 684 682 703 
1422 203 682 686 703 
1423 203 684 703 685 
1424 203 658 680 678 
1425 203 655 683 681 
1426 203 686 674 704 
1427 203 703 686 704 
1428 203 674 698 704 
1429 203 671 677 705 
1430 203 671 705 697 
1431 203 680 679 706 
1432 203 678 680 695 
1433 203 680 706 695 
1434 203 689 687 707 
1435 203 693 692 708 
1436 203 706 679 699 
1437 203 685 703 696 
1438 203 681 683 709 
1439 203 700 681 709 
1440 203 683 702 709 
1441 203 706 699 694 
1442 203 706 694 710 
1443 203 695 706 710 
1444 203 694 693 710 
1445 203 687 688 711 
1446 203 693 708 710 
1447 203 690 689 712 
1448 203 691 690 713 
1449 203 692 691 714 
1450 203 690 712 713 
1451 203 687 711 707 
1452 203 701 695 710 
1453 203 702 697 713 
1454 203 688 696 704 
1455 203 705 677 701 
1456 203 698 700 711 
1457 203 697 705 714 
1458 203 708 692 714 
1459 203 714 691 713 
1460 203 689 707 712 
1461 203 713 697 714 
1462 203 710 708 701 
1463 203 712 707 709 
1464 203 701 708 705 
1465 203 713 712 702 
1466 203 714 705 708 
1467 203 711 688 698 
1468 203 702 712 709 
1469 203 711 700 707 
1470 203 698 688 704 
1471 203 707 700 709 
1472 203 703 704 696 
1473 203 174 7 126 
1474 203 175 174 715 
1475 203 176 175 716 
1476 203 175 715 716 
1477 203 177 176 717 
1478 203 176 716 717 
1479 203 178 177 718 
1480 203 177 717 718 
1481 203 179 178 719 
1482 203 178 718 719 
1483 203 180 179 720 
1484 203 179 719 720 
1485 203 6 180 721 
1486 203 81 6 721 
1487 203 180 720 721 
1488 203 5 159 130 
1489 203 159 160 722 
1490 203 160 161 723 
1491 203 160 723 722 
1492 203 161 162 724 
1493 203 161 724 723 
1494 203 162 163 725 
1495 203 162 725 724 
1496 203 163 164 726 
1497 203 163 726 725 
1498 203 164 165 727 
1499 203 164 727 726 
1500 203 165 166 728 
1501 203 165 728 727 
1502 203 166 167 729 
1503 203 166 729 728 
1504 203 167 168 730 
1505 203 167 730 729 
1506 203 168 169 731 
1507 203 168 731 730 
1508 203 169 170 732 
1509 203 169 732 731 
1510 203 170 171 733 
1511 203 170 733 732 
1512 203 171 172 734 
1513 203 171 734 733 
1514 203 172 173 735 
1515 203 172 735 734 
1516 203 173 4 85 
1517 203 126 127 736 
1518 203 127 128 737 
1519 203 127 737 736 
1520 203 128 129 738 
1521 203 128 738 737 
1522 203 82 81 739 
1523 203 81 721 739 
1524 203 83 82 740 
1525 203 82 739 740 
1526 203 84 83 741 
1527 203 83 740 741 
1528 203 85 84 741 
1529 203 174 126 736 
1530 203 130 159 722 
1531 203 715 174 736 
1532 203 173 85 735 
1533 203 735 85 741 
1534 203 129 130 742 
1535 203 129 742 738 
1536 203 717 716 743 
1537 203 718 717 744 
1538 203 719 718 745 
1539 203 720 719 746 
1540 203 721 720 747 
1541 203 739 721 747 
1542 203 720 746 747 
1543 203 723 724 748 
1544 203 725 726 749 
1545 203 726 727 750 
1546 203 726 750 749 
1547 203 727 728 751 
1548 203 727 751 750 
1549 203 728 729 752 
1550 203 728 752 751 
1551 203 729 730 753 
1552 203 729 753 752 
1553 203 730 731 754 
1554 203 730 754 753 
1555 203 731 732 755 
1556 203 731 755 754 
1557 203 732 733 756 
1558 203 732 756 755 
1559 203 733 734 757 
1560 203 733 757 756 
1561 203 734 735 741 
1562 203 742 130 722 
1563 203 737 738 758 
1564 203 736 737 759 
1565 203 715 736 759 
1566 203 737 758 759 
1567 203 724 725 760 
1568 203 725 749 760 
1569 203 740 739 761 
1570 203 739 747 761 
1571 203 741 740 761 
1572 203 716 715 762 
1573 203 743 716 762 
1574 203 715 759 762 
1575 203 734 741 757 
1576 203 742 722 763 
1577 203 738 742 763 
1578 203 722 723 763 
1579 203 745 718 744 
1580 203 746 719 745 
1581 203 723 748 763 
1582 203 741 761 757 
1583 203 738 763 758 
1584 203 744 717 743 
1585 203 748 724 760 
1586 203 746 745 764 
1587 203 763 748 758 
1588 203 750 751 765 
1589 203 745 744 766 
1590 203 749 750 767 
1591 203 750 765 767 
1592 203 752 753 768 
1593 203 754 755 769 
1594 203 759 758 770 
1595 203 762 759 770 
1596 203 758 748 770 
1597 203 744 743 771 
1598 203 748 760 770 
1599 203 760 749 772 
1600 203 770 760 772 
1601 203 749 767 772 
1602 203 761 747 746 
1603 203 744 771 766 
1604 203 745 766 764 
1605 203 743 762 767 
1606 203 761 746 773 
1607 203 753 754 774 
1608 203 755 756 775 
1609 203 756 757 761 
1610 203 751 752 776 
1611 203 773 746 764 
1612 203 765 751 776 
1613 203 769 755 775 
1614 203 753 774 768 
1615 203 754 769 774 
1616 203 768 774 766 
1617 203 776 752 768 
1618 203 743 767 765 
1619 203 762 770 772 
1620 203 769 775 764 
1621 203 743 765 771 
1622 203 765 776 771 
1623 203 767 762 772 
1624 203 764 775 773 
1625 203 756 761 773 
1626 203 769 764 766 
1627 203 775 756 773 
1628 203 768 766 771 
1629 203 769 766 774 
1630 203 776 768 771 
1631 203 181 9 122 
1632 203 182 181 777 
1633 203 183 182 778 
1634 203 182 777 778 
1635 203 184 183 779 
1636 203 183 778 779 
1637 203 185 184 780 
1638 203 184 779 780 
1639 203 186 185 781 
1640 203 185 780 781 
1641 203 187 186 782 
1642 203 186 781 782 
1643 203 8 187 783 
1644 203 77 8 783 
1645 203 187 782 783 
1646 203 7 174 125 
1647 203 174 175 784 
1648 203 175 176 785 
1649 203 175 785 784 
1650 203 176 177 786 
1651 203 176 786 785 
1652 203 177 178 787 
1653 203 177 787 786 
1654 203 178 179 788 
1655 203 178 788 787 
1656 203 179 180 789 
1657 203 179 789 788 
1658 203 180 6 790 
1659 203 789 180 790 
1660 203 6 80 790 
1661 203 122 123 791 
1662 203 123 124 792 
1663 203 123 792 791 
1664 203 78 77 793 
1665 203 77 783 793 
1666 203 79 78 794 
1667 203 78 793 794 
1668 203 80 79 795 
1669 203 790 80 795 
1670 203 79 794 795 
1671 203 125 174 784 
1672 203 124 125 796 
1673 203 124 796 792 
1674 203 181 122 777 
1675 203 796 125 784 
1676 203 779 778 797 
1677 203 780 779 798 
1678 203 779 797 798 
1679 203 781 780 799 
1680 203 780 798 799 
1681 203 782 781 800 
1682 203 781 799 800 
1683 203 783 782 801 
1684 203 793 783 801 
1685 203 782 800 801 
1686 203 785 786 802 
1687 203 784 785 803 
1688 203 785 802 803 
1689 203 787 788 804 
1690 203 788 789 805 
1691 203 788 805 804 
1692 203 789 790 795 
1693 203 777 122 791 
1694 203 791 792 806 
1695 203 786 787 807 
1696 203 802 786 807 
1697 203 787 804 807 
1698 203 796 784 803 
1699 203 777 791 806 
1700 203 797 778 806 
1701 203 796 803 792 
1702 203 777 806 778 
1703 203 789 795 805 
1704 203 806 792 803 
1705 203 794 793 808 
1706 203 794 808 805 
1707 203 799 798 809 
1708 203 808 793 801 
1709 203 806 803 810 
1710 203 797 806 810 
1711 203 803 802 810 
1712 203 808 801 800 
1713 203 808 800 811 
1714 203 805 808 811 
1715 203 800 799 811 
1716 203 794 805 795 
1717 203 798 797 810 
1718 203 799 809 811 
1719 203 805 811 804 
1720 203 807 804 809 
1721 203 809 798 810 
1722 203 810 802 807 
1723 203 804 811 809 
1724 203 807 809 810 
1725 203 188 11 117 
1726 203 189 188 812 
1727 203 190 189 813 
1728 203 189 812 813 
1729 203 191 190 814 
1730 203 190 813 814 
1731 203 192 191 815 
1732 203 191 814 815 
1733 203 193 192 816 
1734 203 192 815 816 
1735 203 194 193 817 
1736 203 193 816 817 
1737 203 195 194 818 
1738 203 194 817 818 
1739 203 196 195 819 
1740 203 195 818 819 
1741 203 197 196 820 
1742 203 196 819 820 
1743 203 198 197 821 
1744 203 197 820 821 
1745 203 199 198 822 
1746 203 198 821 822 
1747 203 200 199 823 
1748 203 199 822 823 
1749 203 201 200 824 
1750 203 200 823 824 
1751 203 202 201 825 
1752 203 201 824 825 
1753 203 10 202 72 
1754 203 9 181 826 
1755 203 9 826 121 
1756 203 181 182 827 
1757 203 181 827 826 
1758 203 182 183 828 
1759 203 182 828 827 
1760 203 183 184 829 
1761 203 183 829 828 
1762 203 184 185 830 
1763 203 184 830 829 
1764 203 185 186 831 
1765 203 185 831 830 
1766 203 186 187 831 
1767 203 187 8 76 
1768 203 72 202 825 
1769 203 117 118 832 
1770 203 118 119 833 
1771 203 118 833 832 
1772 203 119 120 834 
1773 203 119 834 833 
1774 203 120 121 835 
1775 203 834 120 835 
1776 203 121 826 835 
1777 203 73 72 836 
1778 203 72 825 836 
1779 203 74 73 837 
1780 203 73 836 837 
1781 203 75 74 838 
1782 203 74 837 838 
1783 203 76 75 838 
1784 203 187 76 839 
1785 203 187 839 831 
1786 203 839 76 838 
1787 203 188 117 832 
1788 203 814 813 840 
1789 203 815 814 841 
1790 203 814 840 841 
1791 203 816 815 842 
1792 203 815 841 842 
1793 203 817 816 843 
1794 203 816 842 843 
1795 203 818 817 844 
1796 203 817 843 844 
1797 203 819 818 845 
1798 203 818 844 845 
1799 203 820 819 846 
1800 203 819 845 846 
1801 203 821 820 847 
1802 203 820 846 847 
1803 203 822 821 848 
1804 203 821 847 848 
1805 203 823 822 849 
1806 203 822 848 849 
1807 203 824 823 850 
1808 203 823 849 850 
1809 203 825 824 836 
1810 203 827 828 851 
1811 203 828 829 852 
1812 203 829 830 853 
1813 203 830 831 854 
1814 203 839 838 855 
1815 203 831 839 855 
1816 203 838 837 855 
1817 203 833 834 856 
1818 203 826 827 857 
1819 203 835 826 857 
1820 203 827 851 857 
1821 203 837 836 858 
1822 203 188 832 812 
1823 203 813 812 859 
1824 203 840 813 859 
1825 203 812 832 859 
1826 203 836 824 850 
1827 203 852 829 853 
1828 203 851 828 852 
1829 203 830 854 853 
1830 203 831 855 854 
1831 203 856 834 835 
1832 203 832 833 859 
1833 203 837 858 855 
1834 203 833 856 859 
1835 203 840 859 856 
1836 203 852 853 860 
1837 203 842 841 861 
1838 203 843 842 862 
1839 203 842 861 862 
1840 203 844 843 863 
1841 203 843 862 863 
1842 203 845 844 860 
1843 203 846 845 860 
1844 203 848 847 864 
1845 203 849 848 865 
1846 203 848 864 865 
1847 203 853 854 864 
1848 203 851 852 863 
1849 203 840 856 866 
1850 203 858 836 850 
1851 203 856 835 857 
1852 203 841 840 866 
1853 203 844 863 860 
1854 203 847 846 867 
1855 203 864 854 865 
1856 203 850 849 868 
1857 203 866 856 857 
1858 203 857 851 866 
1859 203 863 852 860 
1860 203 858 850 868 
1861 203 854 855 865 
1862 203 855 858 868 
1863 203 867 846 860 
1864 203 860 853 867 
1865 203 847 867 864 
1866 203 849 865 868 
1867 203 841 866 861 
1868 203 866 851 861 
1869 203 861 851 862 
1870 203 853 864 867 
1871 203 855 868 865 
1872 203 862 851 863 
1873 203 203 14 103 
1874 203 204 203 869 
1875 203 205 204 870 
1876 203 204 869 870 
1877 203 206 205 871 
1878 203 205 870 871 
1879 203 207 206 872 
1880 203 206 871 872 
1881 203 208 207 873 
1882 203 207 872 873 
1883 203 209 208 874 
1884 203 208 873 874 
1885 203 210 209 875 
1886 203 209 874 875 
1887 203 211 210 876 
1888 203 210 875 876 
1889 203 212 211 877 
1890 203 211 876 877 
1891 203 213 212 878 
1892 203 212 877 878 
1893 203 214 213 879 
1894 203 213 878 879 
1895 203 215 214 880 
1896 203 214 879 880 
1897 203 216 215 881 
1898 203 215 880 881 
1899 203 217 216 882 
1900 203 216 881 882 
1901 203 13 217 883 
1902 203 58 13 883 
1903 203 217 882 883 
1904 203 11 188 116 
1905 203 188 189 884 
1906 203 189 190 885 
1907 203 189 885 884 
1908 203 190 191 886 
1909 203 190 886 885 
1910 203 191 192 887 
1911 203 191 887 886 
1912 203 192 193 888 
1913 203 192 888 887 
1914 203 193 194 889 
1915 203 193 889 888 
1916 203 194 195 890 
1917 203 194 890 889 
1918 203 195 196 891 
1919 203 195 891 890 
1920 203 196 197 892 
1921 203 196 892 891 
1922 203 197 198 893 
1923 203 197 893 892 
1924 203 198 199 894 
1925 203 198 894 893 
1926 203 199 200 895 
1927 203 199 895 894 
1928 203 200 201 896 
1929 203 200 896 895 
1930 203 201 202 897 
1931 203 201 897 896 
1932 203 202 10 71 
1933 203 103 104 898 
1934 203 104 105 899 
1935 203 104 899 898 
1936 203 105 106 900 
1937 203 105 900 899 
1938 203 106 107 901 
1939 203 106 901 900 
1940 203 107 108 902 
1941 203 107 902 901 
1942 203 108 109 903 
1943 203 108 903 902 
1944 203 109 110 904 
1945 203 109 904 903 
1946 203 110 111 905 
1947 203 110 905 904 
1948 203 111 112 906 
1949 203 111 906 905 
1950 203 112 113 907 
1951 203 112 907 906 
1952 203 113 114 908 
1953 203 113 908 907 
1954 203 114 115 909 
1955 203 114 909 908 
1956 203 59 58 910 
1957 203 58 883 910 
1958 203 60 59 911 
1959 203 59 910 911 
1960 203 61 60 912 
1961 203 60 911 912 
1962 203 62 61 913 
1963 203 61 912 913 
1964 203 63 62 914 
1965 203 62 913 914 
1966 203 64 63 915 
1967 203 63 914 915 
1968 203 65 64 916 
1969 203 64 915 916 
1970 203 66 65 917 
1971 203 65 916 917 
1972 203 67 66 918 
1973 203 66 917 918 
1974 203 68 67 919 
1975 203 67 918 919 
1976 203 69 68 920 
1977 203 68 919 920 
1978 203 70 69 921 
1979 203 69 920 921 
1980 203 71 70 921 
1981 203 116 188 884 
1982 203 202 71 897 
1983 203 71 921 897 
1984 203 115 116 922 
1985 203 115 922 909 
1986 203 203 103 869 
1987 203 871 870 923 
1988 203 872 871 924 
1989 203 871 923 924 
1990 203 873 872 925 
1991 203 872 924 925 
1992 203 874 873 926 
1993 203 873 925 926 
1994 203 875 874 927 
1995 203 874 926 927 
1996 203 876 875 928 
1997 203 875 927 928 
1998 203 877 876 929 
1999 203 876 928 929 
2000 203 878 877 930 
2001 203 877 929 930 
2002 203 879 878 931 
2003 203 878 930 931 
2004 203 880 879 932 
2005 203 879 931 932 
2006 203 881 880 933 
2007 203 880 932 933 
2008 203 882 881 934 
2009 203 881 933 934 
2010 203 883 882 935 
2011 203 910 883 935 
2012 203 882 934 935 
2013 203 885 886 936 
2014 203 884 885 937 
2015 203 885 936 937 
2016 203 887 888 938 
2017 203 888 889 939 
2018 203 888 939 938 
2019 203 889 890 940 
2020 203 889 940 939 
2021 203 890 891 941 
2022 203 890 941 940 
2023 203 891 892 942 
2024 203 891 942 941 
2025 203 892 893 943 
2026 203 892 943 942 
2027 203 893 894 944 
2028 203 893 944 943 
2029 203 894 895 945 
2030 203 894 945 944 
2031 203 895 896 946 
2032 203 895 946 945 
2033 203 896 897 947 
2034 203 896 947 946 
2035 203 897 921 947 
2036 203 900 901 948 
2037 203 899 900 949 
2038 203 900 948 949 
2039 203 116 884 922 
2040 203 898 899 950 
2041 203 899 949 950 
2042 203 901 902 951 
2043 203 901 951 948 
2044 203 902 903 952 
2045 203 902 952 951 
2046 203 903 904 953 
2047 203 903 953 952 
2048 203 904 905 954 
2049 203 904 954 953 
2050 203 905 906 955 
2051 203 905 955 954 
2052 203 906 907 956 
2053 203 906 956 955 
2054 203 907 908 957 
2055 203 907 957 956 
2056 203 908 909 958 
2057 203 908 958 957 
2058 203 869 103 898 
2059 203 886 887 959 
2060 203 887 938 959 
2061 203 911 910 960 
2062 203 910 935 960 
2063 203 912 911 961 
2064 203 911 960 961 
2065 203 913 912 962 
2066 203 912 961 962 
2067 203 914 913 963 
2068 203 913 962 963 
2069 203 915 914 964 
2070 203 914 963 964 
2071 203 916 915 965 
2072 203 915 964 965 
2073 203 917 916 966 
2074 203 916 965 966 
2075 203 918 917 967 
2076 203 917 966 967 
2077 203 919 918 968 
2078 203 918 967 968 
2079 203 920 919 969 
2080 203 919 968 969 
2081 203 922 884 937 
2082 203 869 898 950 
2083 203 922 937 909 
2084 203 869 950 870 
2085 203 958 909 937 
2086 203 936 886 959 
2087 203 870 950 923 
2088 203 921 920 970 
2089 203 921 970 947 
2090 203 920 969 970 
2091 203 925 924 971 
2092 203 926 925 972 
2093 203 925 971 972 
2094 203 927 926 973 
2095 203 926 972 973 
2096 203 928 927 974 
2097 203 927 973 974 
2098 203 929 928 975 
2099 203 928 974 975 
2100 203 930 929 976 
2101 203 929 975 976 
2102 203 931 930 977 
2103 203 930 976 977 
2104 203 932 931 978 
2105 203 931 977 978 
2106 203 933 932 979 
2107 203 932 978 979 
2108 203 934 933 980 
2109 203 933 979 980 
2110 203 935 934 981 
2111 203 960 935 981 
2112 203 934 980 981 
2113 203 937 936 982 
2114 203 937 982 958 
2115 203 939 940 983 
2116 203 938 939 984 
2117 203 939 983 984 
2118 203 941 942 985 
2119 203 942 943 986 
2120 203 942 986 985 
2121 203 943 944 987 
2122 203 943 987 986 
2123 203 944 945 988 
2124 203 944 988 987 
2125 203 945 946 989 
2126 203 945 989 988 
2127 203 946 947 990 
2128 203 989 946 990 
2129 203 947 970 990 
2130 203 970 969 991 
2131 203 970 991 990 
2132 203 949 948 992 
2133 203 940 941 993 
2134 203 983 940 993 
2135 203 941 985 993 
2136 203 951 952 994 
2137 203 948 951 995 
2138 203 992 948 995 
2139 203 951 994 995 
2140 203 950 949 996 
2141 203 923 950 996 
2142 203 949 992 996 
2143 203 952 953 997 
2144 203 952 997 994 
2145 203 953 954 998 
2146 203 953 998 997 
2147 203 954 955 999 
2148 203 954 999 998 
2149 203 955 956 1000 
2150 203 955 1000 999 
2151 203 956 957 1001 
2152 203 956 1001 1000 
2153 203 957 958 1002 
2154 203 1001 957 1002 
2155 203 958 982 1002 
2156 203 936 959 1003 
2157 203 936 1003 982 
2158 203 959 938 1004 
2159 203 1003 959 1004 
2160 203 938 984 1004 
2161 203 924 923 1005 
2162 203 971 924 1005 
2163 203 923 996 1005 
2164 203 961 960 1006 
2165 203 960 981 1006 
2166 203 962 961 1007 
2167 203 961 1006 1007 
2168 203 963 962 1008 
2169 203 962 1007 1008 
2170 203 964 963 1009 
2171 203 963 1008 1009 
2172 203 965 964 1010 
2173 203 964 1009 1010 
2174 203 966 965 1011 
2175 203 965 1010 1011 
2176 203 967 966 1012 
2177 203 966 1011 1012 
2178 203 968 967 1013 
2179 203 967 1012 1013 
2180 203 969 968 991 
2181 203 1006 981 1014 
2182 203 981 980 1014 
2183 203 982 1003 1015 
2184 203 982 1015 1002 
2185 203 973 972 1016 
2186 203 974 973 1017 
2187 203 973 1016 1017 
2188 203 975 974 1018 
2189 203 974 1017 1018 
2190 203 976 975 1019 
2191 203 975 1018 1019 
2192 203 977 976 1020 
2193 203 976 1019 1020 
2194 203 978 977 1021 
2195 203 977 1020 1021 
2196 203 979 978 1022 
2197 203 978 1021 1022 
2198 203 980 979 1014 
2199 203 984 983 1023 
2200 203 997 998 1024 
2201 203 986 987 1025 
2202 203 985 986 1026 
2203 203 986 1025 1026 
2204 203 988 989 1027 
2205 203 989 990 1028 
2206 203 1027 989 1028 
2207 203 990 991 1028 
2208 203 994 997 1029 
2209 203 997 1024 1029 
2210 203 996 992 1030 
2211 203 996 1030 1005 
2212 203 999 1000 1031 
2213 203 1000 1001 1032 
2214 203 1000 1032 1031 
2215 203 987 988 1033 
2216 203 1025 987 1033 
2217 203 988 1027 1033 
2218 203 1007 1006 1034 
2219 203 1006 1014 1034 
2220 203 1008 1007 1035 
2221 203 1007 1034 1035 
2222 203 1009 1008 1036 
2223 203 1008 1035 1036 
2224 203 1010 1009 1037 
2225 203 1009 1036 1037 
2226 203 1011 1010 1038 
2227 203 1010 1037 1038 
2228 203 1012 1011 1039 
2229 203 1011 1038 1039 
2230 203 1013 1012 1040 
2231 203 1012 1039 1040 
2232 203 998 999 1041 
2233 203 1024 998 1041 
2234 203 999 1031 1041 
2235 203 972 971 1042 
2236 203 972 1042 1016 
2237 203 1015 1003 1043 
2238 203 1003 1004 1043 
2239 203 1014 979 1022 
2240 203 1023 983 1044 
2241 203 983 993 1044 
2242 203 971 1005 1045 
2243 203 1042 971 1045 
2244 203 1005 1030 1045 
2245 203 985 1026 1046 
2246 203 985 1046 993 
2247 203 1030 992 1047 
2248 203 992 995 1047 
2249 203 995 994 1048 
2250 203 1047 995 1048 
2251 203 994 1029 1048 
2252 203 1001 1002 1049 
2253 203 1032 1001 1049 
2254 203 1002 1015 1049 
2255 203 1028 991 1040 
2256 203 1004 984 1050 
2257 203 1043 1004 1050 
2258 203 984 1023 1050 
2259 203 968 1013 991 
2260 203 991 1013 1040 
2261 203 1018 1017 1051 
2262 203 1019 1018 1052 
2263 203 1018 1051 1052 
2264 203 1020 1019 1053 
2265 203 1019 1052 1053 
2266 203 1021 1020 1054 
2267 203 1020 1053 1054 
2268 203 1022 1021 1055 
2269 203 1021 1054 1055 
2270 203 1028 1040 1056 
2271 203 1028 1056 1027 
2272 203 1029 1024 1057 
2273 203 1031 1032 1058 
2274 203 1016 1042 1059 
2275 203 1026 1025 1060 
2276 203 1014 1022 1061 
2277 203 1034 1014 1061 
2278 203 1022 1055 1061 
2279 203 1035 1034 1062 
2280 203 1034 1061 1062 
2281 203 1036 1035 1063 
2282 203 1035 1062 1063 
2283 203 1037 1036 1064 
2284 203 1036 1063 1064 
2285 203 1038 1037 1065 
2286 203 1037 1064 1065 
2287 203 1039 1038 1066 
2288 203 1038 1065 1066 
2289 203 1040 1039 1056 
2290 203 1017 1016 1067 
2291 203 1051 1017 1067 
2292 203 1016 1059 1067 
2293 203 1015 1043 1068 
2294 203 1015 1068 1049 
2295 203 1044 993 1046 
2296 203 1027 1056 1069 
2297 203 1046 1026 1070 
2298 203 1026 1060 1070 
2299 203 1045 1030 1071 
2300 203 1030 1047 1071 
2301 203 1057 1024 1072 
2302 203 1024 1041 1072 
2303 203 1027 1069 1033 
2304 203 1031 1058 1073 
2305 203 1031 1073 1041 
2306 203 1029 1057 1074 
2307 203 1029 1074 1048 
2308 203 1039 1066 1056 
2309 203 1025 1033 1075 
2310 203 1060 1025 1075 
2311 203 1033 1069 1075 
2312 203 1042 1045 1071 
2313 203 1050 1023 1076 
2314 203 1023 1044 1077 
2315 203 1023 1077 1076 
2316 203 1059 1042 1071 
2317 203 1032 1049 1078 
2318 203 1049 1068 1078 
2319 203 1058 1032 1078 
2320 203 1069 1056 1066 
2321 203 1053 1052 1079 
2322 203 1054 1053 1080 
2323 203 1053 1079 1080 
2324 203 1055 1054 1081 
2325 203 1054 1080 1081 
2326 203 1071 1047 1048 
2327 203 1044 1046 1082 
2328 203 1077 1044 1082 
2329 203 1046 1070 1082 
2330 203 1069 1066 1083 
2331 203 1059 1071 1084 
2332 203 1058 1078 1085 
2333 203 1043 1050 1086 
2334 203 1068 1043 1086 
2335 203 1050 1076 1086 
2336 203 1061 1055 1087 
2337 203 1062 1061 1087 
2338 203 1055 1081 1087 
2339 203 1063 1062 1088 
2340 203 1062 1087 1088 
2341 203 1064 1063 1089 
2342 203 1063 1088 1089 
2343 203 1065 1064 1090 
2344 203 1064 1089 1090 
2345 203 1066 1065 1083 
2346 203 1052 1051 1091 
2347 203 1052 1091 1079 
2348 203 1071 1048 1074 
2349 203 1070 1060 1092 
2350 203 1071 1074 1084 
2351 203 1069 1083 1075 
2352 203 1092 1060 1093 
2353 203 1060 1075 1093 
2354 203 1085 1078 1076 
2355 203 1051 1067 1094 
2356 203 1051 1094 1091 
2357 203 1072 1041 1073 
2358 203 1073 1058 1095 
2359 203 1058 1085 1095 
2360 203 1074 1057 1096 
2361 203 1074 1096 1084 
2362 203 1059 1084 1097 
2363 203 1059 1097 1067 
2364 203 1057 1072 1098 
2365 203 1076 1077 1099 
2366 203 1076 1099 1085 
2367 203 1057 1098 1096 
2368 203 1081 1080 1100 
2369 203 1087 1081 1101 
2370 203 1088 1087 1101 
2371 203 1081 1100 1101 
2372 203 1075 1083 1093 
2373 203 1065 1090 1083 
2374 203 1084 1096 1097 
2375 203 1096 1098 1102 
2376 203 1096 1102 1097 
2377 203 1078 1068 1086 
2378 203 1089 1088 1103 
2379 203 1088 1101 1103 
2380 203 1090 1089 1104 
2381 203 1089 1103 1104 
2382 203 1072 1073 1105 
2383 203 1098 1072 1105 
2384 203 1073 1095 1105 
2385 203 1070 1092 1106 
2386 203 1070 1106 1082 
2387 203 1079 1091 1107 
2388 203 1080 1079 1108 
2389 203 1079 1107 1108 
2390 203 1067 1097 1094 
2391 203 1083 1090 1104 
2392 203 1091 1094 1109 
2393 203 1091 1109 1107 
2394 203 1095 1085 1099 
2395 203 1093 1083 1110 
2396 203 1083 1104 1110 
2397 203 1092 1093 1110 
2398 203 1106 1092 1111 
2399 203 1092 1110 1111 
2400 203 1102 1098 1112 
2401 203 1077 1082 1113 
2402 203 1082 1106 1113 
2403 203 1098 1105 1112 
2404 203 1100 1080 1108 
2405 203 1077 1113 1099 
2406 203 1102 1112 1114 
2407 203 1076 1078 1086 
2408 203 1094 1097 1102 
2409 203 1110 1104 1115 
2410 203 1104 1103 1115 
2411 203 1113 1106 1116 
2412 203 1106 1111 1116 
2413 203 1100 1108 1115 
2414 203 1112 1105 1117 
2415 203 1105 1095 1117 
2416 203 1095 1099 1117 
2417 203 1102 1114 1109 
2418 203 1110 1115 1111 
2419 203 1112 1117 1118 
2420 203 1114 1112 1118 
2421 203 1102 1109 1094 
2422 203 1101 1100 1103 
2423 203 1117 1099 1119 
2424 203 1118 1117 1119 
2425 203 1099 1113 1119 
2426 203 1108 1107 1120 
2427 203 1103 1100 1115 
2428 203 1108 1120 1115 
2429 203 1107 1109 1121 
2430 203 1111 1115 1122 
2431 203 1116 1111 1122 
2432 203 1115 1120 1122 
2433 203 1107 1121 1120 
2434 203 1120 1121 1122 
2435 203 1109 1114 1121 
2436 203 1121 1114 1118 
2437 203 1121 1118 1122 
2438 203 1119 1113 1116 
2439 203 1118 1119 1116 
2440 203 1118 1116 1122 
