600 600
1 0.00000000000000e+00 0.00000000000000e+00 0.00000000000000e+00
2 1.00000000000000e+00 0.00000000000000e+00 0.00000000000000e+00
3 1.00000000000000e+00 2.00000000000000e+00 0.00000000000000e+00
4 0.00000000000000e+00 2.00000000000000e+00 0.00000000000000e+00
5 1.00000000000000e-02 0.00000000000000e+00 0.00000000000000e+00
6 2.00000000000000e-02 0.00000000000000e+00 0.00000000000000e+00
7 3.00000000000000e-02 0.00000000000000e+00 0.00000000000000e+00
8 4.00000000000000e-02 0.00000000000000e+00 0.00000000000000e+00
9 5.00000000000000e-02 0.00000000000000e+00 0.00000000000000e+00
10 6.00000000000000e-02 0.00000000000000e+00 0.00000000000000e+00
11 7.00000000000000e-02 0.00000000000000e+00 0.00000000000000e+00
12 8.00000000000000e-02 0.00000000000000e+00 0.00000000000000e+00
13 9.00000000000000e-02 0.00000000000000e+00 0.00000000000000e+00
14 1.00000000000000e-01 0.00000000000000e+00 0.00000000000000e+00
15 1.10000000000000e-01 0.00000000000000e+00 0.00000000000000e+00
16 1.20000000000000e-01 0.00000000000000e+00 0.00000000000000e+00
17 1.30000000000000e-01 0.00000000000000e+00 0.00000000000000e+00
18 1.40000000000000e-01 0.00000000000000e+00 0.00000000000000e+00
19 1.50000000000000e-01 0.00000000000000e+00 0.00000000000000e+00
20 1.60000000000000e-01 0.00000000000000e+00 0.00000000000000e+00
21 1.70000000000000e-01 0.00000000000000e+00 0.00000000000000e+00
22 1.80000000000000e-01 0.00000000000000e+00 0.00000000000000e+00
23 1.90000000000000e-01 0.00000000000000e+00 0.00000000000000e+00
24 2.00000000000000e-01 0.00000000000000e+00 0.00000000000000e+00
25 2.10000000000000e-01 0.00000000000000e+00 0.00000000000000e+00
26 2.20000000000000e-01 0.00000000000000e+00 0.00000000000000e+00
27 2.30000000000000e-01 0.00000000000000e+00 0.00000000000000e+00
28 2.40000000000000e-01 0.00000000000000e+00 0.00000000000000e+00
29 2.50000000000000e-01 0.00000000000000e+00 0.00000000000000e+00
30 2.60000000000000e-01 0.00000000000000e+00 0.00000000000000e+00
31 2.70000000000000e-01 0.00000000000000e+00 0.00000000000000e+00
32 2.80000000000000e-01 0.00000000000000e+00 0.00000000000000e+00
33 2.90000000000000e-01 0.00000000000000e+00 0.00000000000000e+00
34 3.00000000000000e-01 0.00000000000000e+00 0.00000000000000e+00
35 3.10000000000000e-01 0.00000000000000e+00 0.00000000000000e+00
36 3.20000000000000e-01 0.00000000000000e+00 0.00000000000000e+00
37 3.30000000000000e-01 0.00000000000000e+00 0.00000000000000e+00
38 3.40000000000000e-01 0.00000000000000e+00 0.00000000000000e+00
39 3.50000000000000e-01 0.00000000000000e+00 0.00000000000000e+00
40 3.60000000000000e-01 0.00000000000000e+00 0.00000000000000e+00
41 3.70000000000000e-01 0.00000000000000e+00 0.00000000000000e+00
42 3.80000000000000e-01 0.00000000000000e+00 0.00000000000000e+00
43 3.90000000000000e-01 0.00000000000000e+00 0.00000000000000e+00
44 4.00000000000000e-01 0.00000000000000e+00 0.00000000000000e+00
45 4.10000000000000e-01 0.00000000000000e+00 0.00000000000000e+00
46 4.20000000000000e-01 0.00000000000000e+00 0.00000000000000e+00
47 4.30000000000000e-01 0.00000000000000e+00 0.00000000000000e+00
48 4.40000000000000e-01 0.00000000000000e+00 0.00000000000000e+00
49 4.50000000000000e-01 0.00000000000000e+00 0.00000000000000e+00
50 4.60000000000000e-01 0.00000000000000e+00 0.00000000000000e+00
51 4.70000000000000e-01 0.00000000000000e+00 0.00000000000000e+00
52 4.80000000000000e-01 0.00000000000000e+00 0.00000000000000e+00
53 4.90000000000000e-01 0.00000000000000e+00 0.00000000000000e+00
54 5.00000000000000e-01 0.00000000000000e+00 0.00000000000000e+00
55 5.10000000000000e-01 0.00000000000000e+00 0.00000000000000e+00
56 5.20000000000000e-01 0.00000000000000e+00 0.00000000000000e+00
57 5.30000000000000e-01 0.00000000000000e+00 0.00000000000000e+00
58 5.40000000000000e-01 0.00000000000000e+00 0.00000000000000e+00
59 5.50000000000000e-01 0.00000000000000e+00 0.00000000000000e+00
60 5.60000000000000e-01 0.00000000000000e+00 0.00000000000000e+00
61 5.70000000000000e-01 0.00000000000000e+00 0.00000000000000e+00
62 5.80000000000000e-01 0.00000000000000e+00 0.00000000000000e+00
63 5.90000000000000e-01 0.00000000000000e+00 0.00000000000000e+00
64 6.00000000000000e-01 0.00000000000000e+00 0.00000000000000e+00
65 6.10000000000000e-01 0.00000000000000e+00 0.00000000000000e+00
66 6.20000000000000e-01 0.00000000000000e+00 0.00000000000000e+00
67 6.30000000000000e-01 0.00000000000000e+00 0.00000000000000e+00
68 6.40000000000000e-01 0.00000000000000e+00 0.00000000000000e+00
69 6.50000000000000e-01 0.00000000000000e+00 0.00000000000000e+00
70 6.60000000000000e-01 0.00000000000000e+00 0.00000000000000e+00
71 6.70000000000000e-01 0.00000000000000e+00 0.00000000000000e+00
72 6.80000000000000e-01 0.00000000000000e+00 0.00000000000000e+00
73 6.90000000000000e-01 0.00000000000000e+00 0.00000000000000e+00
74 7.00000000000000e-01 0.00000000000000e+00 0.00000000000000e+00
75 7.10000000000000e-01 0.00000000000000e+00 0.00000000000000e+00
76 7.20000000000000e-01 0.00000000000000e+00 0.00000000000000e+00
77 7.30000000000000e-01 0.00000000000000e+00 0.00000000000000e+00
78 7.40000000000000e-01 0.00000000000000e+00 0.00000000000000e+00
79 7.50000000000000e-01 0.00000000000000e+00 0.00000000000000e+00
80 7.60000000000000e-01 0.00000000000000e+00 0.00000000000000e+00
81 7.70000000000000e-01 0.00000000000000e+00 0.00000000000000e+00
82 7.80000000000000e-01 0.00000000000000e+00 0.00000000000000e+00
83 7.90000000000000e-01 0.00000000000000e+00 0.00000000000000e+00
84 8.00000000000000e-01 0.00000000000000e+00 0.00000000000000e+00
85 8.10000000000000e-01 0.00000000000000e+00 0.00000000000000e+00
86 8.20000000000001e-01 0.00000000000000e+00 0.00000000000000e+00
87 8.30000000000001e-01 0.00000000000000e+00 0.00000000000000e+00
88 8.40000000000001e-01 0.00000000000000e+00 0.00000000000000e+00
89 8.50000000000001e-01 0.00000000000000e+00 0.00000000000000e+00
90 8.60000000000001e-01 0.00000000000000e+00 0.00000000000000e+00
91 8.70000000000001e-01 0.00000000000000e+00 0.00000000000000e+00
92 8.80000000000001e-01 0.00000000000000e+00 0.00000000000000e+00
93 8.90000000000001e-01 0.00000000000000e+00 0.00000000000000e+00
94 9.00000000000001e-01 0.00000000000000e+00 0.00000000000000e+00
95 9.10000000000001e-01 0.00000000000000e+00 0.00000000000000e+00
96 9.20000000000001e-01 0.00000000000000e+00 0.00000000000000e+00
97 9.30000000000001e-01 0.00000000000000e+00 0.00000000000000e+00
98 9.40000000000001e-01 0.00000000000000e+00 0.00000000000000e+00
99 9.50000000000001e-01 0.00000000000000e+00 0.00000000000000e+00
100 9.60000000000001e-01 0.00000000000000e+00 0.00000000000000e+00
101 9.70000000000001e-01 0.00000000000000e+00 0.00000000000000e+00
102 9.80000000000001e-01 0.00000000000000e+00 0.00000000000000e+00
103 9.90000000000001e-01 0.00000000000000e+00 0.00000000000000e+00
104 1.00000000000000e+00 1.00000000000000e-02 0.00000000000000e+00
105 1.00000000000000e+00 2.00000000000000e-02 0.00000000000000e+00
106 1.00000000000000e+00 3.00000000000000e-02 0.00000000000000e+00
107 1.00000000000000e+00 4.00000000000000e-02 0.00000000000000e+00
108 1.00000000000000e+00 5.00000000000000e-02 0.00000000000000e+00
109 1.00000000000000e+00 6.00000000000000e-02 0.00000000000000e+00
110 1.00000000000000e+00 7.00000000000000e-02 0.00000000000000e+00
111 1.00000000000000e+00 8.00000000000000e-02 0.00000000000000e+00
112 1.00000000000000e+00 9.00000000000000e-02 0.00000000000000e+00
113 1.00000000000000e+00 1.00000000000000e-01 0.00000000000000e+00
114 1.00000000000000e+00 1.10000000000000e-01 0.00000000000000e+00
115 1.00000000000000e+00 1.20000000000000e-01 0.00000000000000e+00
116 1.00000000000000e+00 1.30000000000000e-01 0.00000000000000e+00
117 1.00000000000000e+00 1.40000000000000e-01 0.00000000000000e+00
118 1.00000000000000e+00 1.50000000000000e-01 0.00000000000000e+00
119 1.00000000000000e+00 1.60000000000000e-01 0.00000000000000e+00
120 1.00000000000000e+00 1.70000000000000e-01 0.00000000000000e+00
121 1.00000000000000e+00 1.80000000000000e-01 0.00000000000000e+00
122 1.00000000000000e+00 1.90000000000000e-01 0.00000000000000e+00
123 1.00000000000000e+00 2.00000000000000e-01 0.00000000000000e+00
124 1.00000000000000e+00 2.10000000000000e-01 0.00000000000000e+00
125 1.00000000000000e+00 2.20000000000000e-01 0.00000000000000e+00
126 1.00000000000000e+00 2.30000000000000e-01 0.00000000000000e+00
127 1.00000000000000e+00 2.40000000000000e-01 0.00000000000000e+00
128 1.00000000000000e+00 2.50000000000000e-01 0.00000000000000e+00
129 1.00000000000000e+00 2.60000000000000e-01 0.00000000000000e+00
130 1.00000000000000e+00 2.70000000000000e-01 0.00000000000000e+00
131 1.00000000000000e+00 2.80000000000000e-01 0.00000000000000e+00
132 1.00000000000000e+00 2.90000000000000e-01 0.00000000000000e+00
133 1.00000000000000e+00 3.00000000000000e-01 0.00000000000000e+00
134 1.00000000000000e+00 3.10000000000000e-01 0.00000000000000e+00
135 1.00000000000000e+00 3.20000000000000e-01 0.00000000000000e+00
136 1.00000000000000e+00 3.30000000000000e-01 0.00000000000000e+00
137 1.00000000000000e+00 3.40000000000000e-01 0.00000000000000e+00
138 1.00000000000000e+00 3.50000000000000e-01 0.00000000000000e+00
139 1.00000000000000e+00 3.60000000000000e-01 0.00000000000000e+00
140 1.00000000000000e+00 3.70000000000000e-01 0.00000000000000e+00
141 1.00000000000000e+00 3.80000000000000e-01 0.00000000000000e+00
142 1.00000000000000e+00 3.90000000000000e-01 0.00000000000000e+00
143 1.00000000000000e+00 4.00000000000000e-01 0.00000000000000e+00
144 1.00000000000000e+00 4.10000000000000e-01 0.00000000000000e+00
145 1.00000000000000e+00 4.20000000000000e-01 0.00000000000000e+00
146 1.00000000000000e+00 4.30000000000000e-01 0.00000000000000e+00
147 1.00000000000000e+00 4.40000000000000e-01 0.00000000000000e+00
148 1.00000000000000e+00 4.50000000000000e-01 0.00000000000000e+00
149 1.00000000000000e+00 4.60000000000000e-01 0.00000000000000e+00
150 1.00000000000000e+00 4.70000000000000e-01 0.00000000000000e+00
151 1.00000000000000e+00 4.80000000000000e-01 0.00000000000000e+00
152 1.00000000000000e+00 4.90000000000000e-01 0.00000000000000e+00
153 1.00000000000000e+00 5.00000000000000e-01 0.00000000000000e+00
154 1.00000000000000e+00 5.10000000000000e-01 0.00000000000000e+00
155 1.00000000000000e+00 5.20000000000000e-01 0.00000000000000e+00
156 1.00000000000000e+00 5.30000000000000e-01 0.00000000000000e+00
157 1.00000000000000e+00 5.40000000000000e-01 0.00000000000000e+00
158 1.00000000000000e+00 5.50000000000000e-01 0.00000000000000e+00
159 1.00000000000000e+00 5.60000000000000e-01 0.00000000000000e+00
160 1.00000000000000e+00 5.70000000000000e-01 0.00000000000000e+00
161 1.00000000000000e+00 5.80000000000000e-01 0.00000000000000e+00
162 1.00000000000000e+00 5.90000000000000e-01 0.00000000000000e+00
163 1.00000000000000e+00 6.00000000000000e-01 0.00000000000000e+00
164 1.00000000000000e+00 6.10000000000000e-01 0.00000000000000e+00
165 1.00000000000000e+00 6.20000000000000e-01 0.00000000000000e+00
166 1.00000000000000e+00 6.30000000000000e-01 0.00000000000000e+00
167 1.00000000000000e+00 6.40000000000000e-01 0.00000000000000e+00
168 1.00000000000000e+00 6.50000000000000e-01 0.00000000000000e+00
169 1.00000000000000e+00 6.60000000000000e-01 0.00000000000000e+00
170 1.00000000000000e+00 6.70000000000000e-01 0.00000000000000e+00
171 1.00000000000000e+00 6.80000000000000e-01 0.00000000000000e+00
172 1.00000000000000e+00 6.90000000000000e-01 0.00000000000000e+00
173 1.00000000000000e+00 7.00000000000000e-01 0.00000000000000e+00
174 1.00000000000000e+00 7.10000000000000e-01 0.00000000000000e+00
175 1.00000000000000e+00 7.20000000000000e-01 0.00000000000000e+00
176 1.00000000000000e+00 7.30000000000000e-01 0.00000000000000e+00
177 1.00000000000000e+00 7.40000000000000e-01 0.00000000000000e+00
178 1.00000000000000e+00 7.50000000000000e-01 0.00000000000000e+00
179 1.00000000000000e+00 7.60000000000000e-01 0.00000000000000e+00
180 1.00000000000000e+00 7.70000000000000e-01 0.00000000000000e+00
181 1.00000000000000e+00 7.80000000000000e-01 0.00000000000000e+00
182 1.00000000000000e+00 7.90000000000000e-01 0.00000000000000e+00
183 1.00000000000000e+00 8.00000000000000e-01 0.00000000000000e+00
184 1.00000000000000e+00 8.10000000000000e-01 0.00000000000000e+00
185 1.00000000000000e+00 8.20000000000001e-01 0.00000000000000e+00
186 1.00000000000000e+00 8.30000000000001e-01 0.00000000000000e+00
187 1.00000000000000e+00 8.40000000000001e-01 0.00000000000000e+00
188 1.00000000000000e+00 8.50000000000001e-01 0.00000000000000e+00
189 1.00000000000000e+00 8.60000000000001e-01 0.00000000000000e+00
190 1.00000000000000e+00 8.70000000000001e-01 0.00000000000000e+00
191 1.00000000000000e+00 8.80000000000001e-01 0.00000000000000e+00
192 1.00000000000000e+00 8.90000000000001e-01 0.00000000000000e+00
193 1.00000000000000e+00 9.00000000000001e-01 0.00000000000000e+00
194 1.00000000000000e+00 9.10000000000001e-01 0.00000000000000e+00
195 1.00000000000000e+00 9.20000000000001e-01 0.00000000000000e+00
196 1.00000000000000e+00 9.30000000000001e-01 0.00000000000000e+00
197 1.00000000000000e+00 9.40000000000001e-01 0.00000000000000e+00
198 1.00000000000000e+00 9.50000000000001e-01 0.00000000000000e+00
199 1.00000000000000e+00 9.60000000000001e-01 0.00000000000000e+00
200 1.00000000000000e+00 9.70000000000001e-01 0.00000000000000e+00
201 1.00000000000000e+00 9.80000000000001e-01 0.00000000000000e+00
202 1.00000000000000e+00 9.90000000000001e-01 0.00000000000000e+00
203 1.00000000000000e+00 1.00000000000000e+00 0.00000000000000e+00
204 1.00000000000000e+00 1.01000000000000e+00 0.00000000000000e+00
205 1.00000000000000e+00 1.02000000000000e+00 0.00000000000000e+00
206 1.00000000000000e+00 1.03000000000000e+00 0.00000000000000e+00
207 1.00000000000000e+00 1.04000000000000e+00 0.00000000000000e+00
208 1.00000000000000e+00 1.05000000000000e+00 0.00000000000000e+00
209 1.00000000000000e+00 1.06000000000000e+00 0.00000000000000e+00
210 1.00000000000000e+00 1.07000000000000e+00 0.00000000000000e+00
211 1.00000000000000e+00 1.08000000000000e+00 0.00000000000000e+00
212 1.00000000000000e+00 1.09000000000000e+00 0.00000000000000e+00
213 1.00000000000000e+00 1.10000000000000e+00 0.00000000000000e+00
214 1.00000000000000e+00 1.11000000000000e+00 0.00000000000000e+00
215 1.00000000000000e+00 1.12000000000000e+00 0.00000000000000e+00
216 1.00000000000000e+00 1.13000000000000e+00 0.00000000000000e+00
217 1.00000000000000e+00 1.14000000000000e+00 0.00000000000000e+00
218 1.00000000000000e+00 1.15000000000000e+00 0.00000000000000e+00
219 1.00000000000000e+00 1.16000000000000e+00 0.00000000000000e+00
220 1.00000000000000e+00 1.17000000000000e+00 0.00000000000000e+00
221 1.00000000000000e+00 1.18000000000000e+00 0.00000000000000e+00
222 1.00000000000000e+00 1.19000000000000e+00 0.00000000000000e+00
223 1.00000000000000e+00 1.20000000000000e+00 0.00000000000000e+00
224 1.00000000000000e+00 1.21000000000000e+00 0.00000000000000e+00
225 1.00000000000000e+00 1.22000000000000e+00 0.00000000000000e+00
226 1.00000000000000e+00 1.23000000000000e+00 0.00000000000000e+00
227 1.00000000000000e+00 1.24000000000000e+00 0.00000000000000e+00
228 1.00000000000000e+00 1.25000000000000e+00 0.00000000000000e+00
229 1.00000000000000e+00 1.26000000000000e+00 0.00000000000000e+00
230 1.00000000000000e+00 1.27000000000000e+00 0.00000000000000e+00
231 1.00000000000000e+00 1.28000000000000e+00 0.00000000000000e+00
232 1.00000000000000e+00 1.29000000000000e+00 0.00000000000000e+00
233 1.00000000000000e+00 1.30000000000000e+00 0.00000000000000e+00
234 1.00000000000000e+00 1.31000000000000e+00 0.00000000000000e+00
235 1.00000000000000e+00 1.32000000000000e+00 0.00000000000000e+00
236 1.00000000000000e+00 1.33000000000000e+00 0.00000000000000e+00
237 1.00000000000000e+00 1.34000000000000e+00 0.00000000000000e+00
238 1.00000000000000e+00 1.35000000000000e+00 0.00000000000000e+00
239 1.00000000000000e+00 1.36000000000000e+00 0.00000000000000e+00
240 1.00000000000000e+00 1.37000000000000e+00 0.00000000000000e+00
241 1.00000000000000e+00 1.38000000000000e+00 0.00000000000000e+00
242 1.00000000000000e+00 1.39000000000000e+00 0.00000000000000e+00
243 1.00000000000000e+00 1.40000000000000e+00 0.00000000000000e+00
244 1.00000000000000e+00 1.41000000000000e+00 0.00000000000000e+00
245 1.00000000000000e+00 1.42000000000000e+00 0.00000000000000e+00
246 1.00000000000000e+00 1.43000000000000e+00 0.00000000000000e+00
247 1.00000000000000e+00 1.44000000000000e+00 0.00000000000000e+00
248 1.00000000000000e+00 1.45000000000000e+00 0.00000000000000e+00
249 1.00000000000000e+00 1.46000000000000e+00 0.00000000000000e+00
250 1.00000000000000e+00 1.47000000000000e+00 0.00000000000000e+00
251 1.00000000000000e+00 1.48000000000000e+00 0.00000000000000e+00
252 1.00000000000000e+00 1.49000000000000e+00 0.00000000000000e+00
253 1.00000000000000e+00 1.50000000000000e+00 0.00000000000000e+00
254 1.00000000000000e+00 1.51000000000000e+00 0.00000000000000e+00
255 1.00000000000000e+00 1.52000000000000e+00 0.00000000000000e+00
256 1.00000000000000e+00 1.53000000000000e+00 0.00000000000000e+00
257 1.00000000000000e+00 1.54000000000000e+00 0.00000000000000e+00
258 1.00000000000000e+00 1.55000000000000e+00 0.00000000000000e+00
259 1.00000000000000e+00 1.56000000000000e+00 0.00000000000000e+00
260 1.00000000000000e+00 1.57000000000000e+00 0.00000000000000e+00
261 1.00000000000000e+00 1.58000000000000e+00 0.00000000000000e+00
262 1.00000000000000e+00 1.59000000000000e+00 0.00000000000000e+00
263 1.00000000000000e+00 1.60000000000000e+00 0.00000000000000e+00
264 1.00000000000000e+00 1.61000000000000e+00 0.00000000000000e+00
265 1.00000000000000e+00 1.62000000000000e+00 0.00000000000000e+00
266 1.00000000000000e+00 1.63000000000000e+00 0.00000000000000e+00
267 1.00000000000000e+00 1.64000000000000e+00 0.00000000000000e+00
268 1.00000000000000e+00 1.65000000000000e+00 0.00000000000000e+00
269 1.00000000000000e+00 1.66000000000000e+00 0.00000000000000e+00
270 1.00000000000000e+00 1.67000000000000e+00 0.00000000000000e+00
271 1.00000000000000e+00 1.68000000000000e+00 0.00000000000000e+00
272 1.00000000000000e+00 1.69000000000000e+00 0.00000000000000e+00
273 1.00000000000000e+00 1.70000000000000e+00 0.00000000000000e+00
274 1.00000000000000e+00 1.71000000000000e+00 0.00000000000000e+00
275 1.00000000000000e+00 1.72000000000000e+00 0.00000000000000e+00
276 1.00000000000000e+00 1.73000000000000e+00 0.00000000000000e+00
277 1.00000000000000e+00 1.74000000000000e+00 0.00000000000000e+00
278 1.00000000000000e+00 1.75000000000000e+00 0.00000000000000e+00
279 1.00000000000000e+00 1.76000000000000e+00 0.00000000000000e+00
280 1.00000000000000e+00 1.77000000000000e+00 0.00000000000000e+00
281 1.00000000000000e+00 1.78000000000000e+00 0.00000000000000e+00
282 1.00000000000000e+00 1.79000000000000e+00 0.00000000000000e+00
283 1.00000000000000e+00 1.80000000000000e+00 0.00000000000000e+00
284 1.00000000000000e+00 1.81000000000000e+00 0.00000000000000e+00
285 1.00000000000000e+00 1.82000000000000e+00 0.00000000000000e+00
286 1.00000000000000e+00 1.83000000000000e+00 0.00000000000000e+00
287 1.00000000000000e+00 1.84000000000000e+00 0.00000000000000e+00
288 1.00000000000000e+00 1.85000000000000e+00 0.00000000000000e+00
289 1.00000000000000e+00 1.86000000000000e+00 0.00000000000000e+00
290 1.00000000000000e+00 1.87000000000000e+00 0.00000000000000e+00
291 1.00000000000000e+00 1.88000000000000e+00 0.00000000000000e+00
292 1.00000000000000e+00 1.89000000000000e+00 0.00000000000000e+00
293 1.00000000000000e+00 1.90000000000000e+00 0.00000000000000e+00
294 1.00000000000000e+00 1.91000000000000e+00 0.00000000000000e+00
295 1.00000000000000e+00 1.92000000000000e+00 0.00000000000000e+00
296 1.00000000000000e+00 1.93000000000000e+00 0.00000000000000e+00
297 1.00000000000000e+00 1.94000000000000e+00 0.00000000000000e+00
298 1.00000000000000e+00 1.95000000000000e+00 0.00000000000000e+00
299 1.00000000000000e+00 1.96000000000000e+00 0.00000000000000e+00
300 1.00000000000000e+00 1.97000000000000e+00 0.00000000000000e+00
301 1.00000000000000e+00 1.98000000000000e+00 0.00000000000000e+00
302 1.00000000000000e+00 1.99000000000000e+00 0.00000000000000e+00
303 9.90000000000000e-01 2.00000000000000e+00 0.00000000000000e+00
304 9.80000000000000e-01 2.00000000000000e+00 0.00000000000000e+00
305 9.70000000000000e-01 2.00000000000000e+00 0.00000000000000e+00
306 9.60000000000000e-01 2.00000000000000e+00 0.00000000000000e+00
307 9.50000000000000e-01 2.00000000000000e+00 0.00000000000000e+00
308 9.40000000000000e-01 2.00000000000000e+00 0.00000000000000e+00
309 9.30000000000000e-01 2.00000000000000e+00 0.00000000000000e+00
310 9.20000000000000e-01 2.00000000000000e+00 0.00000000000000e+00
311 9.10000000000000e-01 2.00000000000000e+00 0.00000000000000e+00
312 9.00000000000000e-01 2.00000000000000e+00 0.00000000000000e+00
313 8.90000000000000e-01 2.00000000000000e+00 0.00000000000000e+00
314 8.80000000000000e-01 2.00000000000000e+00 0.00000000000000e+00
315 8.70000000000000e-01 2.00000000000000e+00 0.00000000000000e+00
316 8.60000000000000e-01 2.00000000000000e+00 0.00000000000000e+00
317 8.50000000000000e-01 2.00000000000000e+00 0.00000000000000e+00
318 8.40000000000000e-01 2.00000000000000e+00 0.00000000000000e+00
319 8.30000000000000e-01 2.00000000000000e+00 0.00000000000000e+00
320 8.20000000000000e-01 2.00000000000000e+00 0.00000000000000e+00
321 8.10000000000000e-01 2.00000000000000e+00 0.00000000000000e+00
322 8.00000000000000e-01 2.00000000000000e+00 0.00000000000000e+00
323 7.90000000000000e-01 2.00000000000000e+00 0.00000000000000e+00
324 7.80000000000000e-01 2.00000000000000e+00 0.00000000000000e+00
325 7.70000000000000e-01 2.00000000000000e+00 0.00000000000000e+00
326 7.60000000000000e-01 2.00000000000000e+00 0.00000000000000e+00
327 7.50000000000000e-01 2.00000000000000e+00 0.00000000000000e+00
328 7.40000000000000e-01 2.00000000000000e+00 0.00000000000000e+00
329 7.30000000000000e-01 2.00000000000000e+00 0.00000000000000e+00
330 7.20000000000000e-01 2.00000000000000e+00 0.00000000000000e+00
331 7.10000000000000e-01 2.00000000000000e+00 0.00000000000000e+00
332 7.00000000000000e-01 2.00000000000000e+00 0.00000000000000e+00
333 6.90000000000000e-01 2.00000000000000e+00 0.00000000000000e+00
334 6.80000000000000e-01 2.00000000000000e+00 0.00000000000000e+00
335 6.70000000000000e-01 2.00000000000000e+00 0.00000000000000e+00
336 6.60000000000000e-01 2.00000000000000e+00 0.00000000000000e+00
337 6.50000000000000e-01 2.00000000000000e+00 0.00000000000000e+00
338 6.40000000000000e-01 2.00000000000000e+00 0.00000000000000e+00
339 6.30000000000000e-01 2.00000000000000e+00 0.00000000000000e+00
340 6.20000000000000e-01 2.00000000000000e+00 0.00000000000000e+00
341 6.10000000000000e-01 2.00000000000000e+00 0.00000000000000e+00
342 6.00000000000000e-01 2.00000000000000e+00 0.00000000000000e+00
343 5.90000000000000e-01 2.00000000000000e+00 0.00000000000000e+00
344 5.80000000000000e-01 2.00000000000000e+00 0.00000000000000e+00
345 5.70000000000000e-01 2.00000000000000e+00 0.00000000000000e+00
346 5.60000000000000e-01 2.00000000000000e+00 0.00000000000000e+00
347 5.50000000000000e-01 2.00000000000000e+00 0.00000000000000e+00
348 5.40000000000000e-01 2.00000000000000e+00 0.00000000000000e+00
349 5.30000000000000e-01 2.00000000000000e+00 0.00000000000000e+00
350 5.20000000000000e-01 2.00000000000000e+00 0.00000000000000e+00
351 5.10000000000000e-01 2.00000000000000e+00 0.00000000000000e+00
352 5.00000000000000e-01 2.00000000000000e+00 0.00000000000000e+00
353 4.90000000000000e-01 2.00000000000000e+00 0.00000000000000e+00
354 4.80000000000000e-01 2.00000000000000e+00 0.00000000000000e+00
355 4.70000000000000e-01 2.00000000000000e+00 0.00000000000000e+00
356 4.60000000000000e-01 2.00000000000000e+00 0.00000000000000e+00
357 4.50000000000000e-01 2.00000000000000e+00 0.00000000000000e+00
358 4.40000000000000e-01 2.00000000000000e+00 0.00000000000000e+00
359 4.30000000000000e-01 2.00000000000000e+00 0.00000000000000e+00
360 4.20000000000000e-01 2.00000000000000e+00 0.00000000000000e+00
361 4.10000000000000e-01 2.00000000000000e+00 0.00000000000000e+00
362 4.00000000000000e-01 2.00000000000000e+00 0.00000000000000e+00
363 3.90000000000000e-01 2.00000000000000e+00 0.00000000000000e+00
364 3.80000000000000e-01 2.00000000000000e+00 0.00000000000000e+00
365 3.70000000000000e-01 2.00000000000000e+00 0.00000000000000e+00
366 3.60000000000000e-01 2.00000000000000e+00 0.00000000000000e+00
367 3.50000000000000e-01 2.00000000000000e+00 0.00000000000000e+00
368 3.40000000000000e-01 2.00000000000000e+00 0.00000000000000e+00
369 3.30000000000000e-01 2.00000000000000e+00 0.00000000000000e+00
370 3.20000000000000e-01 2.00000000000000e+00 0.00000000000000e+00
371 3.10000000000000e-01 2.00000000000000e+00 0.00000000000000e+00
372 3.00000000000000e-01 2.00000000000000e+00 0.00000000000000e+00
373 2.90000000000000e-01 2.00000000000000e+00 0.00000000000000e+00
374 2.80000000000000e-01 2.00000000000000e+00 0.00000000000000e+00
375 2.70000000000000e-01 2.00000000000000e+00 0.00000000000000e+00
376 2.60000000000000e-01 2.00000000000000e+00 0.00000000000000e+00
377 2.50000000000000e-01 2.00000000000000e+00 0.00000000000000e+00
378 2.40000000000000e-01 2.00000000000000e+00 0.00000000000000e+00
379 2.30000000000000e-01 2.00000000000000e+00 0.00000000000000e+00
380 2.20000000000000e-01 2.00000000000000e+00 0.00000000000000e+00
381 2.10000000000000e-01 2.00000000000000e+00 0.00000000000000e+00
382 2.00000000000000e-01 2.00000000000000e+00 0.00000000000000e+00
383 1.90000000000000e-01 2.00000000000000e+00 0.00000000000000e+00
384 1.79999999999999e-01 2.00000000000000e+00 0.00000000000000e+00
385 1.69999999999999e-01 2.00000000000000e+00 0.00000000000000e+00
386 1.59999999999999e-01 2.00000000000000e+00 0.00000000000000e+00
387 1.49999999999999e-01 2.00000000000000e+00 0.00000000000000e+00
388 1.39999999999999e-01 2.00000000000000e+00 0.00000000000000e+00
389 1.29999999999999e-01 2.00000000000000e+00 0.00000000000000e+00
390 1.19999999999999e-01 2.00000000000000e+00 0.00000000000000e+00
391 1.09999999999999e-01 2.00000000000000e+00 0.00000000000000e+00
392 9.99999999999994e-02 2.00000000000000e+00 0.00000000000000e+00
393 8.99999999999994e-02 2.00000000000000e+00 0.00000000000000e+00
394 7.99999999999994e-02 2.00000000000000e+00 0.00000000000000e+00
395 6.99999999999994e-02 2.00000000000000e+00 0.00000000000000e+00
396 5.99999999999994e-02 2.00000000000000e+00 0.00000000000000e+00
397 4.99999999999994e-02 2.00000000000000e+00 0.00000000000000e+00
398 3.99999999999994e-02 2.00000000000000e+00 0.00000000000000e+00
399 2.99999999999994e-02 2.00000000000000e+00 0.00000000000000e+00
400 1.99999999999994e-02 2.00000000000000e+00 0.00000000000000e+00
401 9.99999999999934e-03 2.00000000000000e+00 0.00000000000000e+00
402 0.00000000000000e+00 1.99000000000000e+00 0.00000000000000e+00
403 0.00000000000000e+00 1.98000000000000e+00 0.00000000000000e+00
404 0.00000000000000e+00 1.97000000000000e+00 0.00000000000000e+00
405 0.00000000000000e+00 1.96000000000000e+00 0.00000000000000e+00
406 0.00000000000000e+00 1.95000000000000e+00 0.00000000000000e+00
407 0.00000000000000e+00 1.94000000000000e+00 0.00000000000000e+00
408 0.00000000000000e+00 1.93000000000000e+00 0.00000000000000e+00
409 0.00000000000000e+00 1.92000000000000e+00 0.00000000000000e+00
410 0.00000000000000e+00 1.91000000000000e+00 0.00000000000000e+00
411 0.00000000000000e+00 1.90000000000000e+00 0.00000000000000e+00
412 0.00000000000000e+00 1.89000000000000e+00 0.00000000000000e+00
413 0.00000000000000e+00 1.88000000000000e+00 0.00000000000000e+00
414 0.00000000000000e+00 1.87000000000000e+00 0.00000000000000e+00
415 0.00000000000000e+00 1.86000000000000e+00 0.00000000000000e+00
416 0.00000000000000e+00 1.85000000000000e+00 0.00000000000000e+00
417 0.00000000000000e+00 1.84000000000000e+00 0.00000000000000e+00
418 0.00000000000000e+00 1.83000000000000e+00 0.00000000000000e+00
419 0.00000000000000e+00 1.82000000000000e+00 0.00000000000000e+00
420 0.00000000000000e+00 1.81000000000000e+00 0.00000000000000e+00
421 0.00000000000000e+00 1.80000000000000e+00 0.00000000000000e+00
422 0.00000000000000e+00 1.79000000000000e+00 0.00000000000000e+00
423 0.00000000000000e+00 1.78000000000000e+00 0.00000000000000e+00
424 0.00000000000000e+00 1.77000000000000e+00 0.00000000000000e+00
425 0.00000000000000e+00 1.76000000000000e+00 0.00000000000000e+00
426 0.00000000000000e+00 1.75000000000000e+00 0.00000000000000e+00
427 0.00000000000000e+00 1.74000000000000e+00 0.00000000000000e+00
428 0.00000000000000e+00 1.73000000000000e+00 0.00000000000000e+00
429 0.00000000000000e+00 1.72000000000000e+00 0.00000000000000e+00
430 0.00000000000000e+00 1.71000000000000e+00 0.00000000000000e+00
431 0.00000000000000e+00 1.70000000000000e+00 0.00000000000000e+00
432 0.00000000000000e+00 1.69000000000000e+00 0.00000000000000e+00
433 0.00000000000000e+00 1.68000000000000e+00 0.00000000000000e+00
434 0.00000000000000e+00 1.67000000000000e+00 0.00000000000000e+00
435 0.00000000000000e+00 1.66000000000000e+00 0.00000000000000e+00
436 0.00000000000000e+00 1.65000000000000e+00 0.00000000000000e+00
437 0.00000000000000e+00 1.64000000000000e+00 0.00000000000000e+00
438 0.00000000000000e+00 1.63000000000000e+00 0.00000000000000e+00
439 0.00000000000000e+00 1.62000000000000e+00 0.00000000000000e+00
440 0.00000000000000e+00 1.61000000000000e+00 0.00000000000000e+00
441 0.00000000000000e+00 1.60000000000000e+00 0.00000000000000e+00
442 0.00000000000000e+00 1.59000000000000e+00 0.00000000000000e+00
443 0.00000000000000e+00 1.58000000000000e+00 0.00000000000000e+00
444 0.00000000000000e+00 1.57000000000000e+00 0.00000000000000e+00
445 0.00000000000000e+00 1.56000000000000e+00 0.00000000000000e+00
446 0.00000000000000e+00 1.55000000000000e+00 0.00000000000000e+00
447 0.00000000000000e+00 1.54000000000000e+00 0.00000000000000e+00
448 0.00000000000000e+00 1.53000000000000e+00 0.00000000000000e+00
449 0.00000000000000e+00 1.52000000000000e+00 0.00000000000000e+00
450 0.00000000000000e+00 1.51000000000000e+00 0.00000000000000e+00
451 0.00000000000000e+00 1.50000000000000e+00 0.00000000000000e+00
452 0.00000000000000e+00 1.49000000000000e+00 0.00000000000000e+00
453 0.00000000000000e+00 1.48000000000000e+00 0.00000000000000e+00
454 0.00000000000000e+00 1.47000000000000e+00 0.00000000000000e+00
455 0.00000000000000e+00 1.46000000000000e+00 0.00000000000000e+00
456 0.00000000000000e+00 1.45000000000000e+00 0.00000000000000e+00
457 0.00000000000000e+00 1.44000000000000e+00 0.00000000000000e+00
458 0.00000000000000e+00 1.43000000000000e+00 0.00000000000000e+00
459 0.00000000000000e+00 1.42000000000000e+00 0.00000000000000e+00
460 0.00000000000000e+00 1.41000000000000e+00 0.00000000000000e+00
461 0.00000000000000e+00 1.40000000000000e+00 0.00000000000000e+00
462 0.00000000000000e+00 1.39000000000000e+00 0.00000000000000e+00
463 0.00000000000000e+00 1.38000000000000e+00 0.00000000000000e+00
464 0.00000000000000e+00 1.37000000000000e+00 0.00000000000000e+00
465 0.00000000000000e+00 1.36000000000000e+00 0.00000000000000e+00
466 0.00000000000000e+00 1.35000000000000e+00 0.00000000000000e+00
467 0.00000000000000e+00 1.34000000000000e+00 0.00000000000000e+00
468 0.00000000000000e+00 1.33000000000000e+00 0.00000000000000e+00
469 0.00000000000000e+00 1.32000000000000e+00 0.00000000000000e+00
470 0.00000000000000e+00 1.31000000000000e+00 0.00000000000000e+00
471 0.00000000000000e+00 1.30000000000000e+00 0.00000000000000e+00
472 0.00000000000000e+00 1.29000000000000e+00 0.00000000000000e+00
473 0.00000000000000e+00 1.28000000000000e+00 0.00000000000000e+00
474 0.00000000000000e+00 1.27000000000000e+00 0.00000000000000e+00
475 0.00000000000000e+00 1.26000000000000e+00 0.00000000000000e+00
476 0.00000000000000e+00 1.25000000000000e+00 0.00000000000000e+00
477 0.00000000000000e+00 1.24000000000000e+00 0.00000000000000e+00
478 0.00000000000000e+00 1.23000000000000e+00 0.00000000000000e+00
479 0.00000000000000e+00 1.22000000000000e+00 0.00000000000000e+00
480 0.00000000000000e+00 1.21000000000000e+00 0.00000000000000e+00
481 0.00000000000000e+00 1.20000000000000e+00 0.00000000000000e+00
482 0.00000000000000e+00 1.19000000000000e+00 0.00000000000000e+00
483 0.00000000000000e+00 1.18000000000000e+00 0.00000000000000e+00
484 0.00000000000000e+00 1.17000000000000e+00 0.00000000000000e+00
485 0.00000000000000e+00 1.16000000000000e+00 0.00000000000000e+00
486 0.00000000000000e+00 1.15000000000000e+00 0.00000000000000e+00
487 0.00000000000000e+00 1.14000000000000e+00 0.00000000000000e+00
488 0.00000000000000e+00 1.13000000000000e+00 0.00000000000000e+00
489 0.00000000000000e+00 1.12000000000000e+00 0.00000000000000e+00
490 0.00000000000000e+00 1.11000000000000e+00 0.00000000000000e+00
491 0.00000000000000e+00 1.10000000000000e+00 0.00000000000000e+00
492 0.00000000000000e+00 1.09000000000000e+00 0.00000000000000e+00
493 0.00000000000000e+00 1.08000000000000e+00 0.00000000000000e+00
494 0.00000000000000e+00 1.07000000000000e+00 0.00000000000000e+00
495 0.00000000000000e+00 1.06000000000000e+00 0.00000000000000e+00
496 0.00000000000000e+00 1.05000000000000e+00 0.00000000000000e+00
497 0.00000000000000e+00 1.04000000000000e+00 0.00000000000000e+00
498 0.00000000000000e+00 1.03000000000000e+00 0.00000000000000e+00
499 0.00000000000000e+00 1.02000000000000e+00 0.00000000000000e+00
500 0.00000000000000e+00 1.01000000000000e+00 0.00000000000000e+00
501 0.00000000000000e+00 9.99999999999999e-01 0.00000000000000e+00
502 0.00000000000000e+00 9.89999999999999e-01 0.00000000000000e+00
503 0.00000000000000e+00 9.79999999999999e-01 0.00000000000000e+00
504 0.00000000000000e+00 9.69999999999999e-01 0.00000000000000e+00
505 0.00000000000000e+00 9.59999999999999e-01 0.00000000000000e+00
506 0.00000000000000e+00 9.49999999999999e-01 0.00000000000000e+00
507 0.00000000000000e+00 9.39999999999999e-01 0.00000000000000e+00
508 0.00000000000000e+00 9.29999999999999e-01 0.00000000000000e+00
509 0.00000000000000e+00 9.19999999999999e-01 0.00000000000000e+00
510 0.00000000000000e+00 9.09999999999999e-01 0.00000000000000e+00
511 0.00000000000000e+00 8.99999999999999e-01 0.00000000000000e+00
512 0.00000000000000e+00 8.89999999999999e-01 0.00000000000000e+00
513 0.00000000000000e+00 8.79999999999999e-01 0.00000000000000e+00
514 0.00000000000000e+00 8.69999999999999e-01 0.00000000000000e+00
515 0.00000000000000e+00 8.59999999999999e-01 0.00000000000000e+00
516 0.00000000000000e+00 8.49999999999999e-01 0.00000000000000e+00
517 0.00000000000000e+00 8.39999999999999e-01 0.00000000000000e+00
518 0.00000000000000e+00 8.29999999999999e-01 0.00000000000000e+00
519 0.00000000000000e+00 8.19999999999999e-01 0.00000000000000e+00
520 0.00000000000000e+00 8.09999999999999e-01 0.00000000000000e+00
521 0.00000000000000e+00 7.99999999999999e-01 0.00000000000000e+00
522 0.00000000000000e+00 7.89999999999999e-01 0.00000000000000e+00
523 0.00000000000000e+00 7.79999999999999e-01 0.00000000000000e+00
524 0.00000000000000e+00 7.69999999999999e-01 0.00000000000000e+00
525 0.00000000000000e+00 7.59999999999999e-01 0.00000000000000e+00
526 0.00000000000000e+00 7.49999999999999e-01 0.00000000000000e+00
527 0.00000000000000e+00 7.39999999999999e-01 0.00000000000000e+00
528 0.00000000000000e+00 7.29999999999999e-01 0.00000000000000e+00
529 0.00000000000000e+00 7.19999999999999e-01 0.00000000000000e+00
530 0.00000000000000e+00 7.09999999999999e-01 0.00000000000000e+00
531 0.00000000000000e+00 6.99999999999999e-01 0.00000000000000e+00
532 0.00000000000000e+00 6.89999999999999e-01 0.00000000000000e+00
533 0.00000000000000e+00 6.79999999999999e-01 0.00000000000000e+00
534 0.00000000000000e+00 6.69999999999999e-01 0.00000000000000e+00
535 0.00000000000000e+00 6.59999999999999e-01 0.00000000000000e+00
536 0.00000000000000e+00 6.49999999999999e-01 0.00000000000000e+00
537 0.00000000000000e+00 6.39999999999999e-01 0.00000000000000e+00
538 0.00000000000000e+00 6.29999999999999e-01 0.00000000000000e+00
539 0.00000000000000e+00 6.19999999999999e-01 0.00000000000000e+00
540 0.00000000000000e+00 6.09999999999999e-01 0.00000000000000e+00
541 0.00000000000000e+00 5.99999999999999e-01 0.00000000000000e+00
542 0.00000000000000e+00 5.89999999999999e-01 0.00000000000000e+00
543 0.00000000000000e+00 5.79999999999999e-01 0.00000000000000e+00
544 0.00000000000000e+00 5.69999999999999e-01 0.00000000000000e+00
545 0.00000000000000e+00 5.59999999999999e-01 0.00000000000000e+00
546 0.00000000000000e+00 5.49999999999999e-01 0.00000000000000e+00
547 0.00000000000000e+00 5.39999999999999e-01 0.00000000000000e+00
548 0.00000000000000e+00 5.29999999999999e-01 0.00000000000000e+00
549 0.00000000000000e+00 5.19999999999999e-01 0.00000000000000e+00
550 0.00000000000000e+00 5.09999999999999e-01 0.00000000000000e+00
551 0.00000000000000e+00 4.99999999999999e-01 0.00000000000000e+00
552 0.00000000000000e+00 4.89999999999999e-01 0.00000000000000e+00
553 0.00000000000000e+00 4.79999999999999e-01 0.00000000000000e+00
554 0.00000000000000e+00 4.69999999999999e-01 0.00000000000000e+00
555 0.00000000000000e+00 4.59999999999999e-01 0.00000000000000e+00
556 0.00000000000000e+00 4.49999999999999e-01 0.00000000000000e+00
557 0.00000000000000e+00 4.39999999999999e-01 0.00000000000000e+00
558 0.00000000000000e+00 4.29999999999999e-01 0.00000000000000e+00
559 0.00000000000000e+00 4.19999999999999e-01 0.00000000000000e+00
560 0.00000000000000e+00 4.09999999999999e-01 0.00000000000000e+00
561 0.00000000000000e+00 3.99999999999999e-01 0.00000000000000e+00
562 0.00000000000000e+00 3.89999999999999e-01 0.00000000000000e+00
563 0.00000000000000e+00 3.79999999999999e-01 0.00000000000000e+00
564 0.00000000000000e+00 3.69999999999999e-01 0.00000000000000e+00
565 0.00000000000000e+00 3.59999999999999e-01 0.00000000000000e+00
566 0.00000000000000e+00 3.49999999999999e-01 0.00000000000000e+00
567 0.00000000000000e+00 3.39999999999999e-01 0.00000000000000e+00
568 0.00000000000000e+00 3.29999999999999e-01 0.00000000000000e+00
569 0.00000000000000e+00 3.19999999999999e-01 0.00000000000000e+00
570 0.00000000000000e+00 3.09999999999999e-01 0.00000000000000e+00
571 0.00000000000000e+00 2.99999999999999e-01 0.00000000000000e+00
572 0.00000000000000e+00 2.89999999999999e-01 0.00000000000000e+00
573 0.00000000000000e+00 2.79999999999999e-01 0.00000000000000e+00
574 0.00000000000000e+00 2.69999999999999e-01 0.00000000000000e+00
575 0.00000000000000e+00 2.59999999999999e-01 0.00000000000000e+00
576 0.00000000000000e+00 2.49999999999999e-01 0.00000000000000e+00
577 0.00000000000000e+00 2.39999999999999e-01 0.00000000000000e+00
578 0.00000000000000e+00 2.29999999999999e-01 0.00000000000000e+00
579 0.00000000000000e+00 2.19999999999999e-01 0.00000000000000e+00
580 0.00000000000000e+00 2.09999999999999e-01 0.00000000000000e+00
581 0.00000000000000e+00 1.99999999999999e-01 0.00000000000000e+00
582 0.00000000000000e+00 1.89999999999999e-01 0.00000000000000e+00
583 0.00000000000000e+00 1.79999999999999e-01 0.00000000000000e+00
584 0.00000000000000e+00 1.69999999999999e-01 0.00000000000000e+00
585 0.00000000000000e+00 1.59999999999999e-01 0.00000000000000e+00
586 0.00000000000000e+00 1.49999999999999e-01 0.00000000000000e+00
587 0.00000000000000e+00 1.39999999999999e-01 0.00000000000000e+00
588 0.00000000000000e+00 1.29999999999999e-01 0.00000000000000e+00
589 0.00000000000000e+00 1.19999999999999e-01 0.00000000000000e+00
590 0.00000000000000e+00 1.09999999999999e-01 0.00000000000000e+00
591 0.00000000000000e+00 9.99999999999985e-02 0.00000000000000e+00
592 0.00000000000000e+00 8.99999999999985e-02 0.00000000000000e+00
593 0.00000000000000e+00 7.99999999999985e-02 0.00000000000000e+00
594 0.00000000000000e+00 6.99999999999985e-02 0.00000000000000e+00
595 0.00000000000000e+00 5.99999999999985e-02 0.00000000000000e+00
596 0.00000000000000e+00 4.99999999999985e-02 0.00000000000000e+00
597 0.00000000000000e+00 3.99999999999985e-02 0.00000000000000e+00
598 0.00000000000000e+00 2.99999999999985e-02 0.00000000000000e+00
599 0.00000000000000e+00 1.99999999999985e-02 0.00000000000000e+00
600 0.00000000000000e+00 9.99999999999845e-03 0.00000000000000e+00
1 102 1 5 
2 102 5 6 
3 102 6 7 
4 102 7 8 
5 102 8 9 
6 102 9 10 
7 102 10 11 
8 102 11 12 
9 102 12 13 
10 102 13 14 
11 102 14 15 
12 102 15 16 
13 102 16 17 
14 102 17 18 
15 102 18 19 
16 102 19 20 
17 102 20 21 
18 102 21 22 
19 102 22 23 
20 102 23 24 
21 102 24 25 
22 102 25 26 
23 102 26 27 
24 102 27 28 
25 102 28 29 
26 102 29 30 
27 102 30 31 
28 102 31 32 
29 102 32 33 
30 102 33 34 
31 102 34 35 
32 102 35 36 
33 102 36 37 
34 102 37 38 
35 102 38 39 
36 102 39 40 
37 102 40 41 
38 102 41 42 
39 102 42 43 
40 102 43 44 
41 102 44 45 
42 102 45 46 
43 102 46 47 
44 102 47 48 
45 102 48 49 
46 102 49 50 
47 102 50 51 
48 102 51 52 
49 102 52 53 
50 102 53 54 
51 102 54 55 
52 102 55 56 
53 102 56 57 
54 102 57 58 
55 102 58 59 
56 102 59 60 
57 102 60 61 
58 102 61 62 
59 102 62 63 
60 102 63 64 
61 102 64 65 
62 102 65 66 
63 102 66 67 
64 102 67 68 
65 102 68 69 
66 102 69 70 
67 102 70 71 
68 102 71 72 
69 102 72 73 
70 102 73 74 
71 102 74 75 
72 102 75 76 
73 102 76 77 
74 102 77 78 
75 102 78 79 
76 102 79 80 
77 102 80 81 
78 102 81 82 
79 102 82 83 
80 102 83 84 
81 102 84 85 
82 102 85 86 
83 102 86 87 
84 102 87 88 
85 102 88 89 
86 102 89 90 
87 102 90 91 
88 102 91 92 
89 102 92 93 
90 102 93 94 
91 102 94 95 
92 102 95 96 
93 102 96 97 
94 102 97 98 
95 102 98 99 
96 102 99 100 
97 102 100 101 
98 102 101 102 
99 102 102 103 
100 102 103 2 
101 102 2 104 
102 102 104 105 
103 102 105 106 
104 102 106 107 
105 102 107 108 
106 102 108 109 
107 102 109 110 
108 102 110 111 
109 102 111 112 
110 102 112 113 
111 102 113 114 
112 102 114 115 
113 102 115 116 
114 102 116 117 
115 102 117 118 
116 102 118 119 
117 102 119 120 
118 102 120 121 
119 102 121 122 
120 102 122 123 
121 102 123 124 
122 102 124 125 
123 102 125 126 
124 102 126 127 
125 102 127 128 
126 102 128 129 
127 102 129 130 
128 102 130 131 
129 102 131 132 
130 102 132 133 
131 102 133 134 
132 102 134 135 
133 102 135 136 
134 102 136 137 
135 102 137 138 
136 102 138 139 
137 102 139 140 
138 102 140 141 
139 102 141 142 
140 102 142 143 
141 102 143 144 
142 102 144 145 
143 102 145 146 
144 102 146 147 
145 102 147 148 
146 102 148 149 
147 102 149 150 
148 102 150 151 
149 102 151 152 
150 102 152 153 
151 102 153 154 
152 102 154 155 
153 102 155 156 
154 102 156 157 
155 102 157 158 
156 102 158 159 
157 102 159 160 
158 102 160 161 
159 102 161 162 
160 102 162 163 
161 102 163 164 
162 102 164 165 
163 102 165 166 
164 102 166 167 
165 102 167 168 
166 102 168 169 
167 102 169 170 
168 102 170 171 
169 102 171 172 
170 102 172 173 
171 102 173 174 
172 102 174 175 
173 102 175 176 
174 102 176 177 
175 102 177 178 
176 102 178 179 
177 102 179 180 
178 102 180 181 
179 102 181 182 
180 102 182 183 
181 102 183 184 
182 102 184 185 
183 102 185 186 
184 102 186 187 
185 102 187 188 
186 102 188 189 
187 102 189 190 
188 102 190 191 
189 102 191 192 
190 102 192 193 
191 102 193 194 
192 102 194 195 
193 102 195 196 
194 102 196 197 
195 102 197 198 
196 102 198 199 
197 102 199 200 
198 102 200 201 
199 102 201 202 
200 102 202 203 
201 102 203 204 
202 102 204 205 
203 102 205 206 
204 102 206 207 
205 102 207 208 
206 102 208 209 
207 102 209 210 
208 102 210 211 
209 102 211 212 
210 102 212 213 
211 102 213 214 
212 102 214 215 
213 102 215 216 
214 102 216 217 
215 102 217 218 
216 102 218 219 
217 102 219 220 
218 102 220 221 
219 102 221 222 
220 102 222 223 
221 102 223 224 
222 102 224 225 
223 102 225 226 
224 102 226 227 
225 102 227 228 
226 102 228 229 
227 102 229 230 
228 102 230 231 
229 102 231 232 
230 102 232 233 
231 102 233 234 
232 102 234 235 
233 102 235 236 
234 102 236 237 
235 102 237 238 
236 102 238 239 
237 102 239 240 
238 102 240 241 
239 102 241 242 
240 102 242 243 
241 102 243 244 
242 102 244 245 
243 102 245 246 
244 102 246 247 
245 102 247 248 
246 102 248 249 
247 102 249 250 
248 102 250 251 
249 102 251 252 
250 102 252 253 
251 102 253 254 
252 102 254 255 
253 102 255 256 
254 102 256 257 
255 102 257 258 
256 102 258 259 
257 102 259 260 
258 102 260 261 
259 102 261 262 
260 102 262 263 
261 102 263 264 
262 102 264 265 
263 102 265 266 
264 102 266 267 
265 102 267 268 
266 102 268 269 
267 102 269 270 
268 102 270 271 
269 102 271 272 
270 102 272 273 
271 102 273 274 
272 102 274 275 
273 102 275 276 
274 102 276 277 
275 102 277 278 
276 102 278 279 
277 102 279 280 
278 102 280 281 
279 102 281 282 
280 102 282 283 
281 102 283 284 
282 102 284 285 
283 102 285 286 
284 102 286 287 
285 102 287 288 
286 102 288 289 
287 102 289 290 
288 102 290 291 
289 102 291 292 
290 102 292 293 
291 102 293 294 
292 102 294 295 
293 102 295 296 
294 102 296 297 
295 102 297 298 
296 102 298 299 
297 102 299 300 
298 102 300 301 
299 102 301 302 
300 102 302 3 
301 102 3 303 
302 102 303 304 
303 102 304 305 
304 102 305 306 
305 102 306 307 
306 102 307 308 
307 102 308 309 
308 102 309 310 
309 102 310 311 
310 102 311 312 
311 102 312 313 
312 102 313 314 
313 102 314 315 
314 102 315 316 
315 102 316 317 
316 102 317 318 
317 102 318 319 
318 102 319 320 
319 102 320 321 
320 102 321 322 
321 102 322 323 
322 102 323 324 
323 102 324 325 
324 102 325 326 
325 102 326 327 
326 102 327 328 
327 102 328 329 
328 102 329 330 
329 102 330 331 
330 102 331 332 
331 102 332 333 
332 102 333 334 
333 102 334 335 
334 102 335 336 
335 102 336 337 
336 102 337 338 
337 102 338 339 
338 102 339 340 
339 102 340 341 
340 102 341 342 
341 102 342 343 
342 102 343 344 
343 102 344 345 
344 102 345 346 
345 102 346 347 
346 102 347 348 
347 102 348 349 
348 102 349 350 
349 102 350 351 
350 102 351 352 
351 102 352 353 
352 102 353 354 
353 102 354 355 
354 102 355 356 
355 102 356 357 
356 102 357 358 
357 102 358 359 
358 102 359 360 
359 102 360 361 
360 102 361 362 
361 102 362 363 
362 102 363 364 
363 102 364 365 
364 102 365 366 
365 102 366 367 
366 102 367 368 
367 102 368 369 
368 102 369 370 
369 102 370 371 
370 102 371 372 
371 102 372 373 
372 102 373 374 
373 102 374 375 
374 102 375 376 
375 102 376 377 
376 102 377 378 
377 102 378 379 
378 102 379 380 
379 102 380 381 
380 102 381 382 
381 102 382 383 
382 102 383 384 
383 102 384 385 
384 102 385 386 
385 102 386 387 
386 102 387 388 
387 102 388 389 
388 102 389 390 
389 102 390 391 
390 102 391 392 
391 102 392 393 
392 102 393 394 
393 102 394 395 
394 102 395 396 
395 102 396 397 
396 102 397 398 
397 102 398 399 
398 102 399 400 
399 102 400 401 
400 102 401 4 
401 102 4 402 
402 102 402 403 
403 102 403 404 
404 102 404 405 
405 102 405 406 
406 102 406 407 
407 102 407 408 
408 102 408 409 
409 102 409 410 
410 102 410 411 
411 102 411 412 
412 102 412 413 
413 102 413 414 
414 102 414 415 
415 102 415 416 
416 102 416 417 
417 102 417 418 
418 102 418 419 
419 102 419 420 
420 102 420 421 
421 102 421 422 
422 102 422 423 
423 102 423 424 
424 102 424 425 
425 102 425 426 
426 102 426 427 
427 102 427 428 
428 102 428 429 
429 102 429 430 
430 102 430 431 
431 102 431 432 
432 102 432 433 
433 102 433 434 
434 102 434 435 
435 102 435 436 
436 102 436 437 
437 102 437 438 
438 102 438 439 
439 102 439 440 
440 102 440 441 
441 102 441 442 
442 102 442 443 
443 102 443 444 
444 102 444 445 
445 102 445 446 
446 102 446 447 
447 102 447 448 
448 102 448 449 
449 102 449 450 
450 102 450 451 
451 102 451 452 
452 102 452 453 
453 102 453 454 
454 102 454 455 
455 102 455 456 
456 102 456 457 
457 102 457 458 
458 102 458 459 
459 102 459 460 
460 102 460 461 
461 102 461 462 
462 102 462 463 
463 102 463 464 
464 102 464 465 
465 102 465 466 
466 102 466 467 
467 102 467 468 
468 102 468 469 
469 102 469 470 
470 102 470 471 
471 102 471 472 
472 102 472 473 
473 102 473 474 
474 102 474 475 
475 102 475 476 
476 102 476 477 
477 102 477 478 
478 102 478 479 
479 102 479 480 
480 102 480 481 
481 102 481 482 
482 102 482 483 
483 102 483 484 
484 102 484 485 
485 102 485 486 
486 102 486 487 
487 102 487 488 
488 102 488 489 
489 102 489 490 
490 102 490 491 
491 102 491 492 
492 102 492 493 
493 102 493 494 
494 102 494 495 
495 102 495 496 
496 102 496 497 
497 102 497 498 
498 102 498 499 
499 102 499 500 
500 102 500 501 
501 102 501 502 
502 102 502 503 
503 102 503 504 
504 102 504 505 
505 102 505 506 
506 102 506 507 
507 102 507 508 
508 102 508 509 
509 102 509 510 
510 102 510 511 
511 102 511 512 
512 102 512 513 
513 102 513 514 
514 102 514 515 
515 102 515 516 
516 102 516 517 
517 102 517 518 
518 102 518 519 
519 102 519 520 
520 102 520 521 
521 102 521 522 
522 102 522 523 
523 102 523 524 
524 102 524 525 
525 102 525 526 
526 102 526 527 
527 102 527 528 
528 102 528 529 
529 102 529 530 
530 102 530 531 
531 102 531 532 
532 102 532 533 
533 102 533 534 
534 102 534 535 
535 102 535 536 
536 102 536 537 
537 102 537 538 
538 102 538 539 
539 102 539 540 
540 102 540 541 
541 102 541 542 
542 102 542 543 
543 102 543 544 
544 102 544 545 
545 102 545 546 
546 102 546 547 
547 102 547 548 
548 102 548 549 
549 102 549 550 
550 102 550 551 
551 102 551 552 
552 102 552 553 
553 102 553 554 
554 102 554 555 
555 102 555 556 
556 102 556 557 
557 102 557 558 
558 102 558 559 
559 102 559 560 
560 102 560 561 
561 102 561 562 
562 102 562 563 
563 102 563 564 
564 102 564 565 
565 102 565 566 
566 102 566 567 
567 102 567 568 
568 102 568 569 
569 102 569 570 
570 102 570 571 
571 102 571 572 
572 102 572 573 
573 102 573 574 
574 102 574 575 
575 102 575 576 
576 102 576 577 
577 102 577 578 
578 102 578 579 
579 102 579 580 
580 102 580 581 
581 102 581 582 
582 102 582 583 
583 102 583 584 
584 102 584 585 
585 102 585 586 
586 102 586 587 
587 102 587 588 
588 102 588 589 
589 102 589 590 
590 102 590 591 
591 102 591 592 
592 102 592 593 
593 102 593 594 
594 102 594 595 
595 102 595 596 
596 102 596 597 
597 102 597 598 
598 102 598 599 
599 102 599 600 
600 102 600 1 
